0.02,0.03,0.05,0.08,0.1,0.13,0.15,0.18,0.2
0.0,0.0,0.016293333333333333,0.12055333333333332,0.2401866666666667,0.38646000000000014,0.45120000000000005,0.56872,0.6226666666666667
0.0,0.0,0.03504,0.14585999999999996,0.24515999999999993,0.3575933333333333,0.40875999999999996,0.5025533333333333,0.5458666666666666
0.0,0.0,0.04988666666666667,0.15702666666666662,0.2415533333333333,0.33997999999999995,0.38528000000000007,0.4699400000000001,0.5094533333333334
0.0,0.0,0.06041333333333333,0.16082666666666665,0.23617333333333326,0.32708000000000004,0.3697600000000001,0.45065999999999995,0.4888666666666666
0.0,0.0,0.06745999999999999,0.16212666666666664,0.23269999999999996,0.3187466666666667,0.35963333333333347,0.43750666666666677,0.4747133333333333
0.0,0.0,0.07346,0.16182,0.22765999999999995,0.31044,0.34955333333333344,0.42495999999999995,0.4608466666666667
0.0,0.0,0.07753333333333333,0.16162666666666664,0.22581999999999997,0.30686,0.3456533333333334,0.4195066666666667,0.45443333333333336
0.0,0.0,0.08265999999999998,0.17181999999999994,0.23829999999999998,0.32225333333333334,0.36253333333333343,0.43995333333333325,0.4766133333333332
0.0,0.0,0.07972,0.17059999999999995,0.2415533333333333,0.33086666666666664,0.3735933333333334,0.4550666666666666,0.49360000000000004
0.0,0.0,0.07812,0.16765333333333327,0.24328666666666668,0.34153999999999995,0.3883,0.47779333333333335,0.5200466666666668
