0.02,0.03,0.05,0.08,0.1,0.13,0.15,0.18,0.2
0.0,0.0,0.015026666666666666,0.1306933333333333,0.23542666666666662,0.41823333333333346,0.5487266666666666,0.7456933333333333,0.8733799999999999
0.0,0.0,0.02004,0.1416066666666666,0.25071999999999994,0.43704,0.5689866666666665,0.7674533333333333,0.8960533333333335
0.0,0.0,0.02691333333333333,0.15452666666666662,0.2676933333333333,0.45746666666666663,0.5895066666666666,0.7841933333333334,0.9080533333333334
0.0,0.0,0.04072666666666667,0.18027999999999994,0.29573333333333335,0.48340666666666665,0.6111466666666668,0.7980599999999999,0.916
0.0,0.0,0.04327333333333333,0.17889333333333327,0.2926733333333333,0.48064,0.6096533333333333,0.80048,0.9223533333333331
0.0,0.0,0.04115333333333332,0.17238666666666663,0.2865466666666666,0.47728666666666664,0.6088733333333334,0.8049266666666667,0.9301133333333332
0.0,0.0,0.03995333333333333,0.16967999999999997,0.28437333333333337,0.4745133333333333,0.6067933333333333,0.8016200000000001,0.9253933333333336
0.0,0.0,0.04762,0.1917666666666666,0.3121733333333333,0.5042933333333334,0.6320800000000001,0.8170199999999999,0.9332866666666666
0.0,9.999999999999999e-05,0.06098,0.2083,0.32655999999999996,0.516,0.6440133333333334,0.8307866666666668,0.9483733333333333
0.0,0.0,0.052293333333333324,0.18658666666666657,0.30258,0.49424,0.6259999999999999,0.8181733333333332,0.9393666666666666
