0.02,0.03,0.05,0.08,0.1,0.13,0.15,0.18,0.2
0.0,0.0,0.00037999999999999997,0.10275333333333334,0.19418666666666662,0.3774,0.49794666666666665,0.7043466666666666,0.8664999999999999
0.0,0.0,0.0005466666666666667,0.1124533333333333,0.20781333333333327,0.39608000000000004,0.5189733333333334,0.7278133333333333,0.8918866666666665
0.0,0.0,0.00078,0.11783333333333333,0.21414666666666665,0.4043333333333333,0.52784,0.7364733333333333,0.9003266666666666
0.0,0.0,0.00102,0.1219466666666666,0.21943333333333326,0.41220000000000007,0.53596,0.7461,0.9099200000000002
0.0,0.0,0.001466666666666667,0.12574666666666665,0.22412666666666667,0.41820666666666667,0.5429333333333333,0.7537933333333335,0.9176800000000002
0.0,0.0,0.0020666666666666667,0.1294533333333333,0.2286266666666667,0.42440000000000005,0.5493266666666666,0.7608733333333331,0.92542
0.0,0.0,0.00194,0.1284933333333333,0.22839999999999996,0.42162000000000005,0.5455266666666666,0.7541866666666666,0.9162266666666666
0.0,0.0,0.0027066666666666667,0.1325333333333333,0.23263333333333333,0.42833999999999994,0.5529866666666666,0.76318,0.9269733333333333
0.0,0.0,0.003233333333333333,0.1355933333333333,0.23607333333333325,0.43268666666666666,0.5581866666666667,0.7697266666666667,0.9340199999999999
0.0,0.0,0.0036533333333333335,0.13588,0.2363733333333333,0.4328600000000001,0.55752,0.7677799999999999,0.9314066666666666
