0.02,0.03,0.05,0.08,0.1,0.13,0.15,0.18,0.2
0.0,0.0,0.004593333333333333,0.11687999999999997,0.22139999999999996,0.40791333333333335,0.54254,0.747,0.8798600000000001
0.0,0.0,0.006886666666666668,0.12756666666666666,0.2367333333333333,0.4274933333333334,0.56366,0.7702066666666667,0.9047866666666669
0.0,0.0,0.009226666666666666,0.13449999999999995,0.24599999999999997,0.44001333333333337,0.5780066666666666,0.7859066666666668,0.9210466666666666
0.0,0.0,0.010866666666666667,0.13873999999999995,0.25076,0.44504666666666665,0.5817066666666667,0.7891333333333335,0.9230399999999999
0.0,0.0,0.013180000000000002,0.14317999999999997,0.2569933333333333,0.45216666666666666,0.5899666666666668,0.7978466666666667,0.9324066666666667
0.0,0.0,0.01469333333333333,0.14555999999999997,0.2597399999999999,0.45502000000000004,0.59238,0.7995933333333334,0.9334133333333332
0.0,0.0,0.015006666666666668,0.14618666666666663,0.2595466666666666,0.45334666666666673,0.5898866666666667,0.79484,0.9277733333333333
0.0,0.0,0.01758,0.1504933333333333,0.2655466666666666,0.46195333333333344,0.6005666666666667,0.80828,0.9424199999999999
0.0,0.0,0.019433333333333334,0.1530533333333333,0.2693266666666666,0.46774,0.6069266666666667,0.8158066666666666,0.9504733333333335
0.0,0.0,0.01995333333333333,0.15331999999999998,0.26909333333333335,0.46532666666666667,0.6035133333333333,0.8096666666666665,0.9427533333333332
