0.02,0.03,0.05,0.08,0.1,0.13,0.15,0.18,0.2
0.0,0.0,0.005906666666666667,0.11708666666666664,0.22575999999999993,0.4092133333333334,0.5279266666666667,0.7285066666666665,0.8655666666666666
0.0,0.0,0.008953333333333336,0.1285333333333333,0.24126666666666668,0.4291799999999999,0.5496866666666667,0.7515066666666667,0.8892399999999999
0.0,0.0,0.01198,0.13503999999999997,0.25062666666666666,0.4407000000000001,0.5614199999999999,0.7636,0.9006933333333333
0.0,0.0,0.014826666666666665,0.1404133333333333,0.25693999999999995,0.44922666666666666,0.5701999999999999,0.7726066666666666,0.9098333333333332
0.0,0.0,0.016906666666666667,0.14457999999999996,0.26315999999999995,0.4561333333333333,0.5788266666666666,0.7816666666666664,0.9192933333333333
0.0,0.0,0.019206666666666667,0.14842,0.26715999999999995,0.4611933333333333,0.5840066666666668,0.7872466666666667,0.9235866666666666
0.0,0.0,0.020653333333333336,0.15027999999999994,0.2685133333333334,0.46208666666666665,0.5840599999999999,0.78584,0.9210933333333334
0.0,0.0,0.02312666666666666,0.1535466666666666,0.2726733333333333,0.4667199999999999,0.5887533333333334,0.79088,0.9266133333333333
0.0,0.0,0.02522,0.15661999999999995,0.27668,0.472,0.5948866666666666,0.7978933333333331,0.9337733333333332
0.0,0.0,0.02629333333333333,0.15747999999999998,0.2777733333333333,0.4733133333333333,0.59658,0.7985466666666667,0.9341799999999999
