0.02,0.03,0.05,0.08,0.1,0.13,0.15,0.18,0.2
0.0,0.0,0.0034266666666666673,0.10351333333333333,0.20495333333333332,0.39968666666666663,0.5322466666666666,0.7211533333333334,0.85384
0.0,0.0,0.004973333333333333,0.1130133333333333,0.2182333333333333,0.4188866666666666,0.55418,0.7452866666666665,0.8790266666666666
0.0,0.0,0.006726666666666667,0.11903333333333331,0.22646666666666662,0.42905999999999994,0.5644,0.75668,0.8899333333333332
0.0,0.0,0.008579999999999999,0.12407333333333334,0.23258666666666664,0.43644,0.5719466666666666,0.7634400000000001,0.8966866666666669
0.0,0.0,0.010220000000000002,0.12746666666666662,0.23677999999999996,0.44177333333333346,0.5781266666666666,0.7692333333333333,0.90294
0.0,0.0,0.011960000000000002,0.13033999999999998,0.24092,0.4465266666666667,0.58306,0.7745333333333333,0.9072066666666666
0.0,0.0,0.01226,0.13128666666666663,0.24159999999999993,0.4468866666666667,0.5824466666666666,0.7727599999999998,0.9049666666666667
0.0,0.0,0.014393333333333338,0.13466666666666663,0.2454666666666666,0.45215333333333324,0.5888,0.7807266666666665,0.9140133333333332
0.0,0.0,0.01570666666666667,0.13712666666666662,0.24874,0.4567466666666666,0.5944466666666667,0.7870200000000002,0.9204399999999999
0.0,0.0,0.016153333333333332,0.13762,0.24931999999999996,0.4563333333333334,0.59322,0.7852333333333332,0.9178666666666666
