0.02,0.03,0.05,0.08,0.1,0.13,0.15,0.18,0.2
0.0,0.0,0.01806666666666667,0.13507333333333327,0.24059999999999998,0.4238666666666668,0.5545466666666666,0.7509066666666666,0.87818
0.0,0.0,0.023319999999999997,0.14595333333333332,0.2554133333333333,0.4421266666666666,0.5732133333333334,0.7716200000000001,0.8989533333333334
0.0,0.0,0.029180000000000005,0.15668666666666664,0.27002666666666664,0.4606,0.5929333333333333,0.788793333333333,0.9137066666666667
0.0,0.0,0.04254666666666665,0.1831266666666666,0.2987666666666666,0.48720666666666673,0.61474,0.8020133333333332,0.9202066666666666
0.0,0.00098,0.06870666666666667,0.21977999999999998,0.33598,0.5179933333333332,0.6398333333333333,0.8158733333333332,0.9262266666666666
0.0,0.012353333333333336,0.08709333333333333,0.23836,0.3526466666666666,0.5320266666666666,0.6525466666666665,0.8271533333333333,0.9366266666666667
0.0,0.01172,0.07546,0.2143666666666666,0.3268533333333333,0.5104799999999998,0.6360866666666667,0.8208933333333333,0.9372266666666665
0.0,0.0019533333333333334,0.05966666666666665,0.1928533333333333,0.3057933333333333,0.49523999999999996,0.62578,0.8179866666666668,0.9393866666666666
0.0,4e-05,0.056653333333333326,0.2065733333333333,0.32992666666666665,0.5260400000000001,0.6545133333333334,0.8361000000000002,0.9475800000000001
1.3333333333333333e-05,0.014826666666666669,0.11652666666666665,0.30338666666666664,0.4294933333333333,0.6070133333333332,0.7154266666666667,0.8624466666666669,0.95014
