0.02,0.03,0.05,0.08,0.1,0.13,0.15,0.18,0.2
0.0,0.0,0.009246666666666667,0.12170666666666664,0.22493333333333332,0.40704666666666667,0.5378799999999999,0.7356866666666666,0.8648666666666668
0.0,0.0,0.013079999999999998,0.13313999999999998,0.24020666666666662,0.4267800000000001,0.55912,0.7587333333333333,0.8877266666666667
0.0,0.0,0.01810666666666667,0.14307999999999998,0.2545133333333333,0.44432666666666665,0.5774333333333331,0.7765533333333333,0.9037599999999999
0.0,0.0,0.021433333333333335,0.14833333333333332,0.2605733333333333,0.4506066666666666,0.58324,0.7820333333333334,0.9090933333333333
0.0,0.0,0.022673333333333334,0.15078666666666665,0.26287999999999995,0.4531333333333334,0.5864199999999999,0.7855133333333333,0.9135866666666667
0.0,0.0,0.026553333333333335,0.1562933333333333,0.2713266666666666,0.4654999999999999,0.59978,0.7977400000000001,0.9229666666666665
0.0,0.0,0.029580000000000002,0.1601733333333333,0.2755466666666666,0.46682000000000007,0.5990133333333333,0.7931199999999999,0.9166466666666667
0.0,0.0,0.031313333333333325,0.1624733333333333,0.2778866666666666,0.4715266666666666,0.60552,0.8033933333333333,0.9291866666666667
0.0,0.0,0.03506666666666666,0.16845333333333332,0.2871,0.48263999999999996,0.6171800000000001,0.8142066666666667,0.9395133333333332
0.0,0.0,0.035506666666666666,0.16774666666666668,0.28443333333333337,0.4783333333333332,0.6116733333333333,0.8074266666666665,0.9321199999999998
