0.02,0.03,0.05,0.08,0.1,0.13,0.15,0.18,0.2
0.0,0.0,0.00026,0.09276,0.19974666666666668,0.3721533333333333,0.5142333333333332,0.7089733333333333,0.8526933333333332
0.0,0.0,0.0003133333333333334,0.10090666666666666,0.2126733333333333,0.3895133333333333,0.5332933333333333,0.7295666666666665,0.87408
0.0,0.0,0.0004133333333333333,0.10576666666666665,0.21963333333333326,0.39876000000000006,0.5439999999999999,0.7407799999999999,0.8862133333333334
0.0,0.0,0.0005666666666666667,0.10974666666666666,0.22561999999999993,0.40662666666666675,0.5528133333333333,0.75058,0.8955733333333334
0.0,0.0,0.0006933333333333335,0.11245333333333331,0.22943333333333327,0.4116133333333334,0.5587666666666667,0.7570999999999999,0.9020533333333333
0.0,0.0,0.00118,0.11602666666666664,0.23381333333333332,0.41766000000000003,0.56576,0.764693333333333,0.9110533333333334
0.0,0.0,0.00116,0.11636666666666665,0.23453333333333334,0.4173333333333333,0.5634666666666667,0.7606999999999999,0.9052533333333334
0.0,0.0,0.0015466666666666667,0.11910666666666664,0.23852,0.4225800000000001,0.5699866666666665,0.7687066666666665,0.9141133333333333
0.0,0.0,0.0021000000000000003,0.12131999999999998,0.24158,0.4267866666666667,0.5747466666666667,0.7741666666666666,0.9204200000000001
0.0,0.0,0.002106666666666667,0.12222666666666665,0.24191999999999997,0.42663333333333336,0.5739399999999999,0.7724199999999999,0.9176933333333332
