Epochs,Loss,Accuracy (%),Silent labels (%),Time (s)
0.1,65.85175,59.150000000000006,20.616666666666667,16.40312170982361
0.2,28.849833333333333,87.75,0.5499999999999999,33.6812379360199
0.3,20.85475,91.95,0.016666666666666666,49.95307517051697
0.4,17.731583333333333,93.10000000000001,0.0,64.96546602249146
0.5,15.686916666666667,94.38333333333333,0.0,78.8982355594635
0.6,14.594166666666666,94.73333333333333,0.0,92.02452778816223
0.7,13.87475,94.71666666666667,0.0,104.54879188537598
0.8,13.310083333333333,95.03333333333333,0.0,116.51030611991882
0.9,12.9225,95.06666666666666,0.0,127.98704838752747
1.0,12.426583333333333,95.3,0.0,138.9598994255066
1.1,11.353083333333334,96.39999999999999,0.0,10.612113237380981
1.2,10.669416666666667,96.15,0.0,21.017472505569458
1.3,10.6085,96.03333333333333,0.0,31.25444793701172
1.4,10.3715,96.56666666666666,0.0,41.18585133552551
1.5,10.500833333333333,96.16666666666667,0.0,50.82432770729065
1.6,10.048416666666666,96.45,0.0,60.26978516578674
1.7,9.983333333333333,96.58333333333333,0.0,69.55746364593506
1.8,9.591666666666667,96.61666666666666,0.0,78.56301474571228
1.9,9.675916666666666,96.68333333333334,0.0,87.4431459903717
2.0,9.389583333333333,96.86666666666667,0.0,96.23744583129883
2.1,8.679583333333333,97.26666666666667,0.0,8.610185384750366
2.2,8.736166666666668,97.15,0.0,17.202716588974
2.3,8.378666666666666,97.33333333333334,0.016666666666666666,25.633333921432495
2.4,8.43725,97.15,0.0,33.99314999580383
2.5,8.549666666666667,97.08333333333333,0.0,42.23164415359497
2.6,8.291166666666667,97.48333333333333,0.0,50.40247178077698
2.7,8.149333333333333,97.39999999999999,0.016666666666666666,58.50575232505798
2.8,8.13575,97.28333333333333,0.0,66.45259642601013
2.9,8.042333333333334,97.48333333333333,0.0,74.35884261131287
3.0,7.722166666666666,97.5,0.0,82.14492630958557
3.1,7.204166666666667,98.11666666666666,0.0,7.699302434921265
3.2,7.000083333333333,98.05,0.0,15.329089403152466
3.3,7.144083333333334,97.68333333333334,0.0,22.91922616958618
3.4,7.206583333333334,97.91666666666666,0.0,30.48359727859497
3.5,7.522833333333334,97.33333333333334,0.0,37.911675453186035
3.6,7.150166666666666,97.95,0.0,45.26682639122009
3.7,7.1295,97.65,0.0,52.54861235618591
3.8,7.02975,97.86666666666667,0.0,59.83673620223999
3.9,7.0895,97.71666666666667,0.0,67.05345511436462
4.0,6.962666666666666,97.76666666666667,0.0,74.21937370300293
4.1,6.407583333333333,98.28333333333333,0.0,7.119536399841309
4.2,6.41025,98.16666666666667,0.0,14.223915576934814
4.3,6.444833333333333,98.08333333333333,0.0,21.231274127960205
4.4,6.505,98.15,0.0,28.194262742996216
4.5,6.509333333333333,97.86666666666667,0.0,35.09140634536743
4.6,6.241583333333334,98.36666666666667,0.0,41.98630166053772
4.7,6.154416666666667,98.16666666666667,0.016666666666666666,48.890695095062256
4.8,6.837083333333333,97.65,0.0,55.785465240478516
4.9,6.429,98.28333333333333,0.0,62.64082646369934
5.0,6.413583333333333,98.08333333333333,0.0,69.50033855438232
5.1,6.223333333333334,98.15,0.0,6.859227418899536
5.2,6.302666666666667,98.23333333333333,0.0,13.711509943008423
5.3,6.425916666666667,98.28333333333333,0.0,20.587231397628784
5.4,6.680583333333334,97.96666666666667,0.0,27.45806121826172
5.5,6.579833333333333,98.55000000000001,0.0,34.32775044441223
5.6,6.9055,98.55000000000001,0.0,41.262651681900024
5.7,7.038,98.43333333333332,0.0,48.20850110054016
5.8,7.26375,98.66666666666667,0.016666666666666666,55.059040546417236
5.9,7.7138333333333335,98.21666666666667,0.05,62.03729200363159
6.0,7.9525,98.26666666666667,0.016666666666666666,68.92554044723511
6.1,7.6691666666666665,98.75,0.0,6.86113166809082
6.2,8.013166666666667,98.41666666666666,0.016666666666666666,13.707509994506836
6.3,8.1215,98.5,0.016666666666666666,20.50710368156433
6.4,8.188,98.61666666666666,0.016666666666666666,27.26379656791687
6.5,8.40075,98.56666666666666,0.016666666666666666,34.002368450164795
6.6,8.77175,98.38333333333334,0.0,40.74084997177124
6.7,9.002833333333333,98.23333333333333,0.0,47.48849654197693
6.8,9.204333333333333,98.53333333333333,0.0,54.19176650047302
6.9,9.277916666666666,98.46666666666667,0.0,60.86325740814209
7.0,9.474833333333333,98.43333333333332,0.03333333333333333,67.55719828605652
7.1,9.19475,98.63333333333333,0.016666666666666666,6.616488933563232
7.2,9.558083333333334,98.61666666666666,0.016666666666666666,13.241747617721558
7.3,9.394083333333333,98.48333333333333,0.03333333333333333,19.8372585773468
7.4,9.10475,98.85000000000001,0.0,26.45573854446411
7.5,8.939916666666667,98.93333333333332,0.0,33.064971923828125
7.6,8.747083333333334,98.63333333333333,0.0,39.60822343826294
7.7,8.937,98.56666666666666,0.016666666666666666,46.1161687374115
7.8,8.638083333333332,98.6,0.016666666666666666,52.558581590652466
7.9,8.102416666666667,98.65,0.0,58.941203117370605
8.0,7.628666666666667,98.53333333333333,0.0,65.23195290565491
8.1,6.856583333333333,98.73333333333333,0.0,6.298388719558716
8.2,6.459833333333333,98.68333333333334,0.0,12.503502130508423
8.3,6.215416666666667,98.75,0.0,18.69209885597229
8.4,5.749833333333333,98.91666666666666,0.0,24.826974153518677
8.5,5.757416666666667,98.85000000000001,0.0,30.90350604057312
8.6,5.729,98.88333333333334,0.0,36.98318123817444
8.7,5.6219166666666665,98.7,0.0,43.02095890045166
8.8,5.37575,98.81666666666666,0.016666666666666666,48.99183988571167
8.9,5.30825,98.73333333333333,0.016666666666666666,54.96657395362854
9.0,5.1658333333333335,99.11666666666666,0.0,60.96487379074097
9.1,4.9359166666666665,98.91666666666666,0.0,6.011128664016724
9.2,4.821416666666667,99.06666666666666,0.016666666666666666,12.144208669662476
9.3,5.0145,98.88333333333334,0.0,18.277967929840088
9.4,4.94825,98.86666666666667,0.0,24.462004899978638
9.5,4.913916666666666,98.73333333333333,0.0,30.769880056381226
9.6,4.858583333333334,99.01666666666667,0.0,37.03590703010559
9.7,4.70675,99.1,0.0,43.378347396850586
9.8,4.805916666666667,99.05000000000001,0.0,49.77086400985718
9.9,4.536833333333333,99.03333333333333,0.0,56.24115562438965
10.0,4.472666666666667,99.01666666666667,0.0,62.723530292510986
