Epochs,Loss,Accuracy (%),Silent labels (%),Time (s)
0.1,66.3305,59.0,21.05,16.38832187652588
0.2,40.61925,79.18333333333332,11.450000000000001,33.28755450248718
0.3,34.32383333333333,82.31666666666668,9.5,49.278688192367554
0.4,19.245916666666666,92.43333333333334,0.0,63.93856406211853
0.5,15.9025,94.23333333333333,0.0,77.57696843147278
0.6,14.637416666666667,94.36666666666666,0.0,90.462082862854
0.7,13.844583333333333,94.89999999999999,0.0,102.5283887386322
0.8,13.262166666666667,95.0,0.0,114.03087162971497
0.9,12.837916666666667,94.95,0.0,125.03101015090942
1.0,12.335916666666666,95.26666666666667,0.0,135.6495189666748
1.1,11.28775,96.45,0.0,10.305238008499146
1.2,10.66975,96.21666666666667,0.0,20.253966808319092
1.3,10.592333333333332,96.16666666666667,0.0,30.040862798690796
1.4,10.301916666666667,96.56666666666666,0.0,39.67941212654114
1.5,10.516166666666667,96.1,0.0,48.99819231033325
1.6,10.090166666666667,96.5,0.0,58.114835262298584
1.7,10.01925,96.58333333333333,0.0,67.0254259109497
1.8,9.54725,96.73333333333333,0.0,75.79403614997864
1.9,9.63275,96.8,0.0,84.38999462127686
2.0,9.393166666666668,96.98333333333333,0.0,92.87377619743347
2.1,8.668166666666666,97.18333333333334,0.0,8.335669040679932
2.2,8.74275,97.11666666666666,0.0,16.601558923721313
2.3,8.381666666666666,97.3,0.0,24.67615270614624
2.4,8.523166666666667,96.98333333333333,0.0,32.61278676986694
2.5,8.503583333333333,97.2,0.0,40.48521447181702
2.6,8.32125,97.43333333333334,0.016666666666666666,48.29577016830444
2.7,8.11125,97.71666666666667,0.0,55.95036864280701
2.8,8.083666666666666,97.43333333333334,0.0,63.54161214828491
2.9,8.0085,97.35000000000001,0.0,71.0428454875946
3.0,7.701666666666667,97.45,0.0,78.48430824279785
3.1,7.26475,98.16666666666667,0.0,7.353528738021851
3.2,7.004583333333334,98.1,0.0,14.694642305374146
3.3,7.1085,97.78333333333333,0.0,21.988149404525757
3.4,7.15775,97.95,0.0,29.17317771911621
3.5,7.54925,97.33333333333334,0.0,36.30520462989807
3.6,7.14475,97.78333333333333,0.0,43.41769242286682
3.7,7.230583333333334,97.66666666666667,0.0,50.513760805130005
3.8,7.071583333333334,97.96666666666667,0.0,57.5565128326416
3.9,7.1844166666666665,97.61666666666666,0.0,64.54945969581604
4.0,7.14125,97.78333333333333,0.0,71.47174072265625
4.1,6.671,98.18333333333334,0.0,6.916343927383423
4.2,6.766166666666667,98.03333333333333,0.0,13.771925210952759
4.3,6.752083333333333,98.13333333333333,0.0,20.637864351272583
4.4,6.9111666666666665,98.13333333333333,0.0,27.44268774986267
4.5,6.867416666666666,97.89999999999999,0.0,34.20995593070984
4.6,6.595,98.31666666666666,0.0,40.930790424346924
4.7,6.515083333333333,98.26666666666667,0.0,47.60785269737244
4.8,7.124916666666667,97.66666666666667,0.0,54.28026533126831
4.9,6.68775,98.38333333333334,0.0,60.96723794937134
5.0,6.650916666666666,98.1,0.0,67.66166424751282
5.1,6.427416666666667,98.23333333333333,0.0,6.633065938949585
5.2,6.375416666666666,98.2,0.0,13.28942060470581
5.3,6.360666666666667,98.35000000000001,0.0,19.915382146835327
5.4,6.411583333333334,98.08333333333333,0.0,26.492934226989746
5.5,5.936583333333333,98.58333333333333,0.0,33.060359477996826
5.6,6.116583333333334,98.48333333333333,0.0,39.618977069854736
5.7,5.994083333333333,98.33333333333333,0.0,46.15511441230774
5.8,5.8225,98.66666666666667,0.0,52.595945835113525
5.9,6.223583333333333,98.03333333333333,0.0,59.090322971343994
6.0,5.95275,98.26666666666667,0.0,65.55229163169861
6.1,5.6645,98.76666666666667,0.0,6.5122644901275635
6.2,5.692,98.36666666666667,0.0,12.982388257980347
6.3,5.6195,98.48333333333333,0.0,19.382643699645996
6.4,5.45025,98.73333333333333,0.0,25.776090383529663
6.5,5.507583333333334,98.73333333333333,0.0,32.19733452796936
6.6,5.776416666666667,98.36666666666667,0.0,38.54690384864807
6.7,5.80225,98.26666666666667,0.0,44.85141563415527
6.8,5.564583333333333,98.55000000000001,0.0,51.153918504714966
6.9,5.558166666666667,98.4,0.0,57.459107637405396
7.0,5.597,98.46666666666667,0.0,63.74391222000122
7.1,5.26075,98.66666666666667,0.0,6.35139274597168
7.2,5.4119166666666665,98.56666666666666,0.0,12.784380912780762
7.3,5.33675,98.68333333333334,0.0,19.08675718307495
7.4,5.160916666666667,98.76666666666667,0.016666666666666666,25.36425805091858
7.5,5.1505833333333335,98.86666666666667,0.0,31.76001763343811
7.6,5.0289166666666665,98.66666666666667,0.0,38.08399415016174
7.7,5.178,98.56666666666666,0.016666666666666666,44.264764070510864
7.8,5.18225,98.55000000000001,0.0,50.49091696739197
7.9,5.1365,98.7,0.0,56.71894359588623
8.0,5.101583333333333,98.51666666666667,0.0,62.827184200286865
8.1,4.985333333333333,98.68333333333334,0.0,6.1483728885650635
8.2,4.947,98.76666666666667,0.0,12.254002571105957
8.3,4.9645,98.85000000000001,0.0,18.324068307876587
8.4,5.01175,98.73333333333333,0.016666666666666666,24.414305210113525
8.5,5.28725,98.8,0.0,30.547066926956177
8.6,5.634666666666667,98.91666666666666,0.0,36.673417806625366
8.7,5.963416666666666,98.61666666666666,0.0,42.954548835754395
8.8,5.958916666666667,98.85000000000001,0.03333333333333333,49.08112168312073
8.9,6.086666666666667,98.68333333333334,0.016666666666666666,55.36213970184326
9.0,6.218416666666666,99.08333333333333,0.0,61.5574996471405
9.1,6.379583333333334,98.88333333333334,0.0,6.343180894851685
9.2,6.318666666666667,99.01666666666667,0.0,12.653540134429932
9.3,6.518416666666667,98.91666666666666,0.016666666666666666,18.90941548347473
9.4,6.578666666666667,98.66666666666667,0.016666666666666666,25.138518810272217
9.5,6.648333333333333,98.68333333333334,0.0,31.358182907104492
9.6,6.760166666666667,98.83333333333333,0.0,37.600536584854126
9.7,6.5335,98.93333333333332,0.0,43.9209680557251
9.8,6.288833333333334,99.0,0.0,50.144739866256714
9.9,5.931666666666667,98.93333333333332,0.0,56.25956058502197
10.0,5.652666666666667,98.86666666666667,0.0,62.401071548461914
