Epochs,Loss,Accuracy (%),Silent labels (%),Time (s)
0.1,67.80083333333333,58.25,22.15,16.350706815719604
0.2,40.982166666666664,78.55,11.450000000000001,33.412835359573364
0.3,35.47391666666667,81.25,10.433333333333334,49.520063400268555
0.4,20.001916666666666,92.26666666666667,0.0,64.66955041885376
0.5,16.21025,94.15,0.0,78.77022647857666
0.6,14.78775,94.43333333333334,0.0,91.90115332603455
0.7,13.982416666666667,94.68333333333334,0.016666666666666666,104.44734954833984
0.8,13.287833333333333,95.19999999999999,0.0,116.42238879203796
0.9,12.941583333333334,94.85,0.0,128.06250023841858
1.0,12.44825,95.16666666666667,0.0,139.16970300674438
1.1,11.408583333333333,96.33333333333334,0.0,10.728021383285522
1.2,10.71425,96.31666666666666,0.0,21.204017162322998
1.3,10.613083333333334,96.2,0.0,31.63833975791931
1.4,10.421916666666666,96.63333333333334,0.016666666666666666,41.80278468132019
1.5,10.5945,96.01666666666667,0.0,51.806368589401245
1.6,10.071083333333334,96.45,0.0,61.667763233184814
1.7,10.018583333333334,96.6,0.0,71.23227429389954
1.8,9.622666666666667,96.68333333333334,0.0,80.64550685882568
1.9,9.739833333333333,96.68333333333334,0.0,89.97191882133484
2.0,9.481166666666667,96.78333333333333,0.0,99.03695487976074
2.1,8.683833333333334,97.3,0.0,8.883679151535034
2.2,8.783166666666666,97.1,0.0,17.79115128517151
2.3,8.393,97.18333333333334,0.0,26.4215829372406
2.4,8.4615,97.03333333333333,0.0,34.91034412384033
2.5,8.574583333333333,97.15,0.0,43.31383562088013
2.6,8.3385,97.46666666666667,0.0,51.583189725875854
2.7,8.174833333333334,97.53333333333333,0.0,59.737088203430176
2.8,8.158833333333334,97.33333333333334,0.0,67.8430392742157
2.9,8.111083333333333,97.28333333333333,0.0,75.87797355651855
3.0,7.76975,97.43333333333334,0.0,83.7774875164032
3.1,7.317,98.11666666666666,0.0,7.924886226654053
3.2,7.11275,98.03333333333333,0.0,15.765877485275269
3.3,7.231166666666667,97.81666666666666,0.0,23.65244460105896
3.4,7.32825,97.96666666666667,0.0,31.41861629486084
3.5,7.717833333333333,97.43333333333334,0.0,39.12714743614197
3.6,7.253333333333333,97.83333333333334,0.0,46.724347829818726
3.7,7.268833333333333,97.73333333333333,0.0,54.19090223312378
3.8,7.175333333333334,97.76666666666667,0.0,61.679017066955566
3.9,7.233583333333334,97.75,0.0,69.05184841156006
4.0,7.106833333333333,97.75,0.0,76.41144847869873
4.1,6.648083333333333,98.21666666666667,0.0,7.335439443588257
4.2,6.5914166666666665,97.98333333333333,0.0,14.592987537384033
4.3,6.57375,97.96666666666667,0.0,21.835602045059204
4.4,6.706583333333334,98.06666666666666,0.0,29.03451371192932
4.5,6.589416666666667,98.05,0.0,36.20010304450989
4.6,6.365583333333333,98.25,0.0,43.3650758266449
4.7,6.244916666666667,98.43333333333332,0.0,50.52418923377991
4.8,6.881333333333333,97.71666666666667,0.0,57.67600607872009
4.9,6.44725,98.33333333333333,0.0,64.81200289726257
5.0,6.338,98.18333333333334,0.0,71.92613959312439
5.1,6.151833333333333,98.23333333333333,0.0,7.411937475204468
5.2,6.138333333333334,98.05,0.0,14.498604774475098
5.3,6.21025,98.28333333333333,0.0,21.851532220840454
5.4,6.221666666666667,98.08333333333333,0.0,29.027161836624146
5.5,5.811166666666667,98.53333333333333,0.0,36.06821799278259
5.6,6.00875,98.63333333333333,0.0,43.10079765319824
5.7,5.854916666666667,98.4,0.0,49.93261504173279
5.8,5.72025,98.73333333333333,0.0,56.69428563117981
5.9,6.16275,98.18333333333334,0.0,63.437565326690674
6.0,5.877416666666667,98.26666666666667,0.0,70.18731188774109
6.1,5.608666666666666,98.73333333333333,0.0,6.674018383026123
6.2,5.6415,98.43333333333332,0.0,13.371657848358154
6.3,5.547916666666667,98.55000000000001,0.0,20.0761501789093
6.4,5.420583333333333,98.78333333333333,0.0,26.742534399032593
6.5,5.48925,98.78333333333333,0.0,33.421751260757446
6.6,5.72575,98.4,0.0,40.06062960624695
6.7,5.760583333333333,98.28333333333333,0.0,46.66728496551514
6.8,5.593916666666667,98.48333333333333,0.0,53.233683824539185
6.9,5.511833333333334,98.5,0.0,59.77131009101868
7.0,5.569166666666667,98.36666666666667,0.0,66.30039644241333
7.1,5.1965,98.68333333333334,0.0,6.4750964641571045
7.2,5.444583333333333,98.58333333333333,0.0,12.956432819366455
7.3,5.337166666666667,98.56666666666666,0.0,19.416329383850098
7.4,5.160416666666666,98.78333333333333,0.0,25.903316259384155
7.5,5.223916666666667,98.91666666666666,0.0,32.45953321456909
7.6,5.09275,98.66666666666667,0.0,38.9233832359314
7.7,5.211,98.7,0.0,45.295262813568115
7.8,5.26975,98.68333333333334,0.0,51.730544567108154
7.9,5.2065,98.86666666666667,0.0,58.19163107872009
8.0,5.27875,98.58333333333333,0.0,64.56909823417664
8.1,5.048166666666667,98.78333333333333,0.0,6.2691404819488525
8.2,5.006583333333333,98.76666666666667,0.0,12.62049126625061
8.3,5.002833333333333,98.73333333333333,0.0,19.05975079536438
8.4,4.885583333333333,98.93333333333332,0.0,25.458308935165405
8.5,4.978916666666667,98.81666666666666,0.0,31.76942729949951
8.6,5.043416666666666,98.8,0.0,38.028992891311646
8.7,5.069583333333333,98.71666666666667,0.0,44.21028399467468
8.8,4.910083333333334,98.85000000000001,0.0,50.398465633392334
8.9,4.883166666666667,98.9,0.0,56.56228590011597
9.0,4.82875,99.15,0.0,62.692710638046265
9.1,4.658083333333333,98.88333333333334,0.0,6.121523857116699
9.2,4.535166666666667,99.1,0.0,12.222901344299316
9.3,4.7339166666666666,98.86666666666667,0.0,18.34071660041809
9.4,4.80325,98.78333333333333,0.0,24.445934295654297
9.5,4.7508333333333335,98.78333333333333,0.0,30.564528465270996
9.6,4.768583333333333,98.9,0.0,36.60947108268738
9.7,4.692583333333333,99.05000000000001,0.0,42.66141319274902
9.8,4.787166666666667,98.9,0.0,48.62942147254944
9.9,4.653416666666667,98.96666666666667,0.0,54.55800247192383
10.0,4.625166666666667,98.91666666666666,0.0,60.569090366363525
