Epochs,Loss,Accuracy (%),Silent labels (%),Time (s)
0.1,66.93508333333334,58.550000000000004,21.3,16.232359886169434
0.2,36.46808333333333,82.48333333333333,6.816666666666666,33.4403715133667
0.3,21.57208333333333,91.53333333333333,0.016666666666666666,49.791910886764526
0.4,17.87275,92.93333333333334,0.0,64.9060788154602
0.5,15.816416666666667,94.33333333333334,0.0,79.02802324295044
0.6,14.635416666666666,94.53333333333333,0.016666666666666666,92.35301065444946
0.7,13.899666666666667,94.61666666666667,0.0,105.05342841148376
0.8,13.355833333333333,95.0,0.0,117.13804483413696
0.9,12.923916666666667,95.05,0.0,128.7469997406006
1.0,12.402833333333334,95.25,0.0,139.96342730522156
1.1,11.38275,96.45,0.0,10.889832973480225
1.2,10.729166666666666,96.2,0.0,21.455870151519775
1.3,10.6185,96.26666666666667,0.0,31.839162349700928
1.4,10.3655,96.56666666666666,0.0,42.059489727020264
1.5,10.515833333333333,96.11666666666666,0.0,52.05278158187866
1.6,10.082083333333333,96.5,0.0,61.80095720291138
1.7,9.998,96.61666666666666,0.0,71.35688281059265
1.8,9.634416666666667,96.8,0.0,80.75433039665222
1.9,9.686916666666667,96.55,0.0,89.93491005897522
2.0,9.424166666666666,96.95,0.0,98.93774080276489
2.1,8.616666666666667,97.26666666666667,0.0,8.836703777313232
2.2,8.7985,97.2,0.0,17.637380361557007
2.3,8.438333333333333,97.26666666666667,0.0,26.26105284690857
2.4,8.496083333333333,97.0,0.0,34.76862907409668
2.5,8.557083333333333,97.3,0.0,43.20556426048279
2.6,8.34475,97.5,0.0,51.56907677650452
2.7,8.156083333333333,97.58333333333333,0.0,59.85691046714783
2.8,8.200166666666666,97.3,0.0,68.05284190177917
2.9,8.180583333333333,97.35000000000001,0.0,76.1360809803009
3.0,7.820583333333333,97.55,0.0,84.06744384765625
3.1,7.302333333333333,98.26666666666667,0.0,7.915231943130493
3.2,7.106583333333333,98.03333333333333,0.0,15.75820541381836
3.3,7.274666666666667,97.85000000000001,0.0,23.543999433517456
3.4,7.368083333333334,97.91666666666666,0.0,31.2812283039093
3.5,7.699333333333334,97.45,0.0,38.94037699699402
3.6,7.233833333333333,97.86666666666667,0.0,46.537248611450195
3.7,7.319916666666667,97.7,0.0,54.051602363586426
3.8,7.1845,97.85000000000001,0.0,61.55166220664978
3.9,7.24325,97.75,0.0,68.96061158180237
4.0,7.1335,97.71666666666667,0.0,76.32969403266907
4.1,6.569333333333334,98.23333333333333,0.0,7.323235988616943
4.2,6.646166666666667,98.03333333333333,0.0,14.631794929504395
4.3,6.612333333333333,98.03333333333333,0.0,21.903191328048706
4.4,6.698166666666666,98.1,0.0,29.157244205474854
4.5,6.617666666666667,97.95,0.0,36.356523752212524
4.6,6.37175,98.4,0.0,43.58313012123108
4.7,6.339166666666666,98.13333333333333,0.0,50.70009112358093
4.8,6.91575,97.66666666666667,0.0,57.81000375747681
4.9,6.505916666666667,98.33333333333333,0.0,64.91214323043823
5.0,6.374583333333334,98.13333333333333,0.0,71.981130361557
5.1,6.18025,98.26666666666667,0.0,7.036432504653931
5.2,6.1595,98.13333333333333,0.0,14.013242244720459
5.3,6.150166666666666,98.33333333333333,0.0,20.980549335479736
5.4,6.235833333333333,98.11666666666666,0.0,27.851510047912598
5.5,5.868833333333333,98.53333333333333,0.0,34.74174404144287
5.6,5.957083333333333,98.51666666666667,0.0,41.62015342712402
5.7,5.861166666666667,98.48333333333333,0.0,48.44084405899048
5.8,5.731083333333333,98.7,0.0,55.22868251800537
5.9,6.1585833333333335,98.28333333333333,0.0,61.94595527648926
6.0,5.881,98.33333333333333,0.0,68.64834475517273
6.1,5.617083333333333,98.73333333333333,0.0,6.67669153213501
6.2,5.635,98.46666666666667,0.0,13.355574131011963
6.3,5.591,98.5,0.0,20.100919008255005
6.4,5.487333333333333,98.58333333333333,0.0,26.738962650299072
6.5,5.454833333333333,98.88333333333334,0.0,33.3482620716095
6.6,5.742,98.38333333333334,0.0,39.902358293533325
6.7,5.764916666666666,98.31666666666666,0.0,46.437352895736694
6.8,5.623166666666667,98.61666666666666,0.0,52.95745348930359
6.9,5.568416666666667,98.51666666666667,0.0,59.428614139556885
7.0,5.59025,98.35000000000001,0.0,65.8991711139679
7.1,5.225,98.6,0.0,6.450139284133911
7.2,5.478083333333333,98.73333333333333,0.0,12.941689729690552
7.3,5.3845,98.58333333333333,0.0,19.356711864471436
7.4,5.17425,98.76666666666667,0.0,25.772174835205078
7.5,5.269333333333333,98.96666666666667,0.0,32.20741033554077
7.6,5.131166666666667,98.71666666666667,0.0,38.60372710227966
7.7,5.237333333333333,98.68333333333334,0.0,44.99621033668518
7.8,5.2476666666666665,98.63333333333333,0.0,51.37766122817993
7.9,5.257333333333333,98.81666666666666,0.0,57.713685750961304
8.0,5.2785,98.55000000000001,0.0,63.9848358631134
8.1,5.02825,98.83333333333333,0.0,6.35550856590271
8.2,5.009416666666667,98.73333333333333,0.0,12.649513483047485
8.3,5.031333333333333,98.85000000000001,0.0,18.980797290802002
8.4,4.875083333333333,98.88333333333334,0.0,25.253331899642944
8.5,4.950666666666667,98.95,0.0,31.54599404335022
8.6,5.071166666666667,98.91666666666666,0.0,37.8063428401947
8.7,5.04075,98.71666666666667,0.0,43.992809772491455
8.8,4.898166666666667,98.76666666666667,0.0,50.19036602973938
8.9,4.884833333333333,98.86666666666667,0.0,56.35390663146973
9.0,4.839916666666666,98.96666666666667,0.0,62.53584289550781
9.1,4.699416666666667,98.96666666666667,0.0,6.134808778762817
9.2,4.54275,99.13333333333333,0.0,12.322952032089233
9.3,4.6955,98.93333333333332,0.0,18.381754398345947
9.4,4.858666666666666,98.83333333333333,0.0,24.465123653411865
9.5,4.746083333333333,98.76666666666667,0.0,30.55310297012329
9.6,4.822583333333333,98.93333333333332,0.0,36.623236417770386
9.7,4.7138333333333335,99.2,0.0,42.733134269714355
9.8,4.819083333333333,99.03333333333333,0.0,48.68023633956909
9.9,4.650916666666666,99.03333333333333,0.0,54.606587171554565
10.0,4.59825,99.01666666666667,0.0,60.507866621017456
