Epochs,Loss,Accuracy (%),Silent labels (%),Time (s)
0.1,71.45366666666666,56.06666666666666,25.05,16.196974754333496
0.2,36.85583333333334,82.08333333333333,5.8500000000000005,33.87885069847107
0.3,24.706333333333333,90.2,0.016666666666666666,50.9357852935791
0.4,23.463083333333334,91.13333333333333,0.0,67.13166356086731
0.5,24.033583333333333,91.2,0.016666666666666666,82.68014645576477
0.6,25.715583333333335,89.86666666666666,0.0,97.64439702033997
0.7,27.443583333333333,87.66666666666667,0.0,112.14574003219604
0.8,28.397083333333335,87.21666666666667,0.0,126.26873278617859
0.9,30.098,85.1,0.016666666666666666,139.91844773292542
1.0,30.14625,84.41666666666666,0.0,153.2377290725708
1.1,31.189,83.98333333333333,0.0,13.000205993652344
1.2,32.653333333333336,80.5,0.0,25.798638343811035
1.3,33.30016666666667,80.65,0.0,38.35895395278931
1.4,33.87883333333333,79.78333333333333,0.0,50.62146234512329
1.5,35.873666666666665,77.28333333333333,0.0,62.74449849128723
1.6,36.01125,76.61666666666666,0.0,74.64902520179749
1.7,36.047916666666666,76.36666666666667,0.0,86.50917100906372
1.8,37.17183333333333,74.58333333333333,0.0,98.23061609268188
1.9,37.3555,74.56666666666666,0.0,109.70661234855652
2.0,37.5915,74.28333333333333,0.016666666666666666,120.93421983718872
2.1,39.02066666666666,71.53333333333333,0.016666666666666666,11.105885982513428
2.2,38.42491666666667,72.53333333333333,0.0,22.20169949531555
2.3,39.17766666666667,71.63333333333334,0.016666666666666666,33.21043252944946
2.4,40.122,70.1,0.016666666666666666,43.94206476211548
2.5,40.64683333333333,69.56666666666666,0.0,54.544822692871094
2.6,40.81225,68.96666666666667,0.0,65.16847372055054
2.7,41.72225,68.95,0.0,75.7251648902893
2.8,41.889833333333335,67.85,0.0,86.36066794395447
2.9,42.5705,66.46666666666667,0.0,96.77691650390625
3.0,42.70066666666666,65.71666666666667,0.0,107.03419876098633
3.1,42.516,66.28333333333333,0.0,10.220537424087524
3.2,43.49008333333333,63.866666666666674,0.0,20.579825401306152
3.3,43.49816666666667,63.733333333333334,0.0,30.842495441436768
3.4,43.804916666666664,63.3,0.016666666666666666,40.96291399002075
3.5,45.11208333333333,61.73333333333333,0.0,50.9988796710968
3.6,43.74016666666667,63.083333333333336,0.0,60.90591645240784
3.7,45.652166666666666,61.96666666666667,0.0,70.66214609146118
3.8,44.10183333333333,62.23333333333333,0.0,80.44598174095154
3.9,45.176,61.199999999999996,0.0,90.15645480155945
4.0,45.253083333333336,60.18333333333333,0.0,99.74890875816345
4.1,45.32041666666667,60.31666666666666,0.0,9.553887605667114
4.2,45.10766666666667,60.71666666666666,0.0,19.135671377182007
4.3,46.35658333333333,58.68333333333333,0.0,28.727192640304565
4.4,46.65475,58.88333333333333,0.0,38.15316390991211
4.5,45.964166666666664,59.983333333333334,0.0,47.55981516838074
4.6,46.596916666666665,58.06666666666666,0.0,56.819239377975464
4.7,47.3255,56.95,0.0,65.943279504776
4.8,47.202333333333335,57.266666666666666,0.0,75.10276222229004
4.9,46.79825,58.766666666666666,0.0,84.25990390777588
5.0,47.278416666666665,56.46666666666667,0.0,93.42718648910522
5.1,47.25241666666667,56.733333333333334,0.016666666666666666,8.993404388427734
5.2,47.4905,56.96666666666667,0.0,18.05617880821228
5.3,47.53575,56.81666666666667,0.0,27.036238431930542
5.4,48.27883333333333,55.400000000000006,0.0,35.884196758270264
5.5,48.2595,55.883333333333326,0.0,44.78452157974243
5.6,47.57341666666667,55.78333333333333,0.0,53.67868423461914
5.7,47.94866666666667,55.333333333333336,0.0,62.58615446090698
5.8,48.087,55.46666666666666,0.016666666666666666,71.39979410171509
5.9,49.059333333333335,53.65,0.0,80.14245939254761
6.0,48.36241666666667,54.96666666666666,0.0,88.91290426254272
6.1,49.37166666666667,52.88333333333334,0.0,8.703855514526367
6.2,49.056916666666666,53.266666666666666,0.0,17.43874740600586
6.3,48.76016666666667,53.900000000000006,0.0,26.184731483459473
6.4,49.40925,52.25,0.0,34.9064507484436
6.5,49.022083333333335,53.18333333333334,0.0,43.60984444618225
6.6,49.46875,53.43333333333333,0.0,52.26308226585388
6.7,48.80141666666667,53.36666666666666,0.0,60.857717514038086
6.8,49.10316666666667,54.18333333333333,0.0,69.40596604347229
6.9,49.627916666666664,52.05,0.0,77.95863318443298
7.0,49.34825,53.25,0.0,86.43055748939514
7.1,49.2605,52.56666666666666,0.0,8.395828485488892
7.2,49.01408333333333,53.449999999999996,0.0,16.818241357803345
7.3,48.84166666666667,54.383333333333326,0.0,25.196847915649414
7.4,48.76883333333333,54.516666666666666,0.0,33.56620979309082
7.5,48.06458333333333,55.25,0.0,41.91919469833374
7.6,48.729166666666664,54.18333333333333,0.0,50.21514654159546
7.7,47.2945,55.78333333333333,0.0,58.47814726829529
7.8,47.47958333333333,54.93333333333334,0.0,66.78446531295776
7.9,47.95458333333333,55.900000000000006,0.0,75.02864122390747
8.0,47.963,54.85,0.016666666666666666,83.23151588439941
8.1,46.84275,57.06666666666666,0.0,8.27341914176941
8.2,46.88891666666667,56.98333333333333,0.0,16.505614519119263
8.3,46.379,56.833333333333336,0.0,24.7586989402771
8.4,46.696,56.3,0.0,32.915218114852905
8.5,47.47866666666667,55.06666666666666,0.0,41.117090940475464
8.6,46.869416666666666,55.63333333333333,0.0,49.34334349632263
8.7,46.58433333333333,55.60000000000001,0.0,57.54974102973938
8.8,46.809,55.25,0.0,65.64205598831177
8.9,47.096833333333336,55.48333333333333,0.0,73.72781944274902
9.0,46.139,56.78333333333333,0.016666666666666666,81.82378625869751
9.1,45.233333333333334,57.41666666666667,0.016666666666666666,8.020687341690063
9.2,45.13775,56.266666666666666,0.0,16.104800701141357
9.3,45.110166666666665,56.43333333333334,0.0,24.14349865913391
9.4,45.415333333333336,56.43333333333334,0.0,32.17135000228882
9.5,45.02066666666666,56.666666666666664,0.0,40.231385469436646
9.6,43.81641666666667,58.15,0.0,48.26449632644653
9.7,43.89991666666667,58.099999999999994,0.0,56.29868674278259
9.8,44.253083333333336,57.833333333333336,0.0,64.33834433555603
9.9,43.72891666666667,58.099999999999994,0.0,72.2809009552002
10.0,42.71658333333333,59.199999999999996,0.0,80.29023098945618
