Epochs,Loss,Accuracy (%),Silent labels (%),Time (s)
0.1,66.08466666666666,59.06666666666667,20.783333333333335,16.394640922546387
0.2,29.38025,87.11666666666666,1.05,33.758249044418335
0.3,20.81775,91.71666666666667,0.016666666666666666,49.962536096572876
0.4,17.663916666666665,93.2,0.0,64.84165406227112
0.5,15.71125,94.23333333333333,0.0,78.9002091884613
0.6,14.594166666666666,94.73333333333333,0.0,92.20811295509338
0.7,13.89375,94.83333333333334,0.0,104.8300507068634
0.8,13.334416666666666,95.03333333333333,0.0,116.92355513572693
0.9,12.859333333333334,94.8,0.0,128.4302372932434
1.0,12.404083333333332,95.25,0.0,139.46341347694397
1.1,11.324833333333334,96.38333333333333,0.0,10.617766380310059
1.2,10.740416666666667,96.26666666666667,0.0,20.99581241607666
1.3,10.567666666666666,96.26666666666667,0.0,31.2640323638916
1.4,10.355333333333334,96.48333333333333,0.016666666666666666,41.339648723602295
1.5,10.5365,96.06666666666666,0.0,51.10928273200989
1.6,10.001416666666668,96.46666666666667,0.0,60.58039832115173
1.7,9.97,96.51666666666667,0.0,69.93376159667969
1.8,9.54,96.83333333333334,0.0,79.11228466033936
1.9,9.63425,96.61666666666666,0.0,88.14052534103394
2.0,9.404416666666666,96.95,0.0,96.91464924812317
2.1,8.61275,97.36666666666667,0.0,8.716738224029541
2.2,8.73425,97.1,0.0,17.478809595108032
2.3,8.378833333333333,97.41666666666666,0.0,26.023446321487427
2.4,8.476166666666666,96.96666666666667,0.0,34.44894194602966
2.5,8.568416666666666,97.2,0.0,42.74407172203064
2.6,8.321666666666667,97.38333333333333,0.0,51.000560998916626
2.7,8.159416666666667,97.56666666666666,0.0,59.268810749053955
2.8,8.1315,97.41666666666666,0.0,67.31001615524292
2.9,8.066833333333333,97.38333333333333,0.0,75.21308398246765
3.0,7.75125,97.55,0.0,82.98916125297546
3.1,7.290416666666666,98.23333333333333,0.0,7.759935617446899
3.2,7.136,98.05,0.0,15.436858177185059
3.3,7.281583333333334,97.76666666666667,0.0,23.02476453781128
3.4,7.448833333333333,97.89999999999999,0.0,30.584733963012695
3.5,7.77375,97.23333333333333,0.0,38.019747495651245
3.6,7.3189166666666665,97.86666666666667,0.0,45.378480434417725
3.7,7.3918333333333335,97.63333333333334,0.0,52.68761730194092
3.8,7.237416666666666,97.98333333333333,0.0,60.018933057785034
3.9,7.319083333333333,97.75,0.0,67.2919774055481
4.0,7.17,97.85000000000001,0.0,74.51282453536987
4.1,6.6593333333333335,98.31666666666666,0.0,7.258755445480347
4.2,6.672083333333333,98.05,0.0,14.425956010818481
4.3,6.638,98.06666666666666,0.0,21.52751588821411
4.4,6.6978333333333335,98.08333333333333,0.0,28.614567756652832
4.5,6.665916666666667,97.95,0.0,35.66978907585144
4.6,6.404916666666667,98.23333333333333,0.0,42.720619440078735
4.7,6.23875,98.31666666666666,0.0,49.66632413864136
4.8,6.934916666666667,97.75,0.0,56.592652559280396
4.9,6.515833333333333,98.28333333333333,0.0,63.499176025390625
5.0,6.32475,98.11666666666666,0.0,70.39036893844604
5.1,6.220666666666666,98.21666666666667,0.0,6.818192005157471
5.2,6.12875,98.25,0.0,13.66953420639038
5.3,6.121166666666666,98.36666666666667,0.0,20.45189118385315
5.4,6.19125,98.1,0.0,27.19497776031494
5.5,5.810666666666667,98.58333333333333,0.0,33.87887763977051
5.6,5.97675,98.45,0.016666666666666666,40.56912088394165
5.7,5.854,98.48333333333333,0.0,47.26079821586609
5.8,5.720916666666667,98.61666666666666,0.0,53.87628960609436
5.9,6.127416666666667,98.16666666666667,0.0,60.54720640182495
6.0,5.893,98.26666666666667,0.0,67.14133858680725
6.1,5.618416666666667,98.7,0.0,6.58024787902832
6.2,5.637833333333333,98.41666666666666,0.0,13.160084962844849
6.3,5.582833333333333,98.58333333333333,0.0,19.683563709259033
6.4,5.58075,98.68333333333334,0.0,26.16086220741272
6.5,5.659583333333333,98.86666666666667,0.0,32.68255972862244
6.6,5.9785,98.36666666666667,0.0,39.15574026107788
6.7,5.99075,98.3,0.0,45.58725452423096
6.8,5.8140833333333335,98.56666666666666,0.0,51.9717173576355
6.9,5.68225,98.4,0.0,58.347078800201416
7.0,5.67575,98.41666666666666,0.0,64.73320317268372
7.1,5.30625,98.68333333333334,0.0,6.3849265575408936
7.2,5.5035,98.68333333333334,0.0,12.786685228347778
7.3,5.398916666666667,98.53333333333333,0.0,19.20641303062439
7.4,5.129583333333334,98.81666666666666,0.0,25.600284576416016
7.5,5.249583333333334,98.81666666666666,0.0,31.968240976333618
7.6,5.102083333333334,98.65,0.0,38.40192914009094
7.7,5.21725,98.46666666666667,0.0,44.74167060852051
7.8,5.24475,98.66666666666667,0.0,51.0875301361084
7.9,5.199333333333334,98.81666666666666,0.0,57.37654137611389
8.0,5.173666666666667,98.56666666666666,0.0,63.61407780647278
8.1,5.055083333333333,98.8,0.0,6.2546937465667725
8.2,4.926166666666667,98.8,0.0,12.524345874786377
8.3,4.940416666666667,98.83333333333333,0.016666666666666666,18.825316667556763
8.4,4.793583333333333,98.86666666666667,0.0,25.13079524040222
8.5,4.883083333333333,98.78333333333333,0.0,31.336243867874146
8.6,5.003,98.88333333333334,0.0,37.52275085449219
8.7,5.062916666666666,98.73333333333333,0.0,43.733559370040894
8.8,4.910666666666667,98.78333333333333,0.0,49.91234111785889
8.9,4.912166666666667,98.85000000000001,0.0,56.123316526412964
9.0,4.882,99.05000000000001,0.0,62.37754964828491
9.1,4.713666666666667,98.81666666666666,0.0,6.1443116664886475
9.2,4.603833333333333,99.1,0.0,12.380282640457153
9.3,4.778333333333333,99.01666666666667,0.0,18.579962968826294
9.4,4.775083333333333,98.91666666666666,0.0,24.757659673690796
9.5,4.706666666666667,98.83333333333333,0.0,30.908570051193237
9.6,4.707333333333334,99.03333333333333,0.0,37.04369831085205
9.7,4.616416666666667,98.98333333333333,0.0,43.211623191833496
9.8,4.7644166666666665,98.81666666666666,0.0,49.34283256530762
9.9,4.613916666666666,98.93333333333332,0.0,55.478787660598755
10.0,4.531333333333333,98.96666666666667,0.0,61.55679154396057
