Epochs,Loss,Accuracy (%),Silent labels (%),Time (s)
0.1,67.41108333333334,58.25,21.666666666666668,16.35866689682007
0.2,38.80458333333333,80.18333333333332,8.933333333333334,33.5596718788147
0.3,21.995166666666666,91.23333333333333,0.03333333333333333,50.10681772232056
0.4,17.93775,93.03333333333333,0.0,65.21320748329163
0.5,15.853916666666667,94.25,0.0,79.43878412246704
0.6,14.74175,94.5,0.0,92.91985416412354
0.7,13.918916666666666,94.73333333333333,0.0,105.75859642028809
0.8,13.336833333333333,94.88333333333333,0.0,118.06923127174377
0.9,12.917333333333334,95.13333333333334,0.0,129.8968403339386
1.0,12.423916666666667,95.08333333333333,0.0,141.24006581306458
1.1,11.267083333333334,96.35000000000001,0.0,10.967823505401611
1.2,10.74125,96.21666666666667,0.0,21.7416889667511
1.3,10.60975,96.2,0.0,32.3047821521759
1.4,10.3625,96.63333333333334,0.0,42.72812557220459
1.5,10.601416666666667,96.08333333333333,0.0,52.91232085227966
1.6,10.107333333333333,96.61666666666666,0.0,62.820937633514404
1.7,10.01025,96.56666666666666,0.0,72.58503556251526
1.8,9.627083333333333,96.73333333333333,0.0,82.11787676811218
1.9,9.699416666666666,96.73333333333333,0.0,91.59546113014221
2.0,9.4165,96.95,0.0,100.79708743095398
2.1,8.657583333333333,97.31666666666666,0.0,9.070717573165894
2.2,8.786083333333334,97.16666666666667,0.0,18.040419340133667
2.3,8.394,97.36666666666667,0.0,26.814204692840576
2.4,8.489583333333334,96.85000000000001,0.0,35.35798501968384
2.5,8.572833333333334,97.23333333333333,0.0,43.88628697395325
2.6,8.400666666666666,97.41666666666666,0.0,52.36808681488037
2.7,8.170916666666667,97.6,0.0,60.700926542282104
2.8,8.17775,97.48333333333333,0.0,68.89672994613647
2.9,8.107833333333334,97.41666666666666,0.0,77.02542781829834
3.0,7.8388333333333335,97.53333333333333,0.0,85.04835653305054
3.1,7.378416666666666,98.25,0.0,7.958392858505249
3.2,7.1105833333333335,98.18333333333334,0.0,15.86164903640747
3.3,7.281583333333334,97.75,0.0,23.733765602111816
3.4,7.356,97.98333333333333,0.0,31.48230767250061
3.5,7.688583333333334,97.45,0.0,39.24551463127136
3.6,7.259,97.83333333333334,0.0,46.85236668586731
3.7,7.31525,97.58333333333333,0.0,54.36535453796387
3.8,7.236,97.95,0.0,61.86821126937866
3.9,7.33425,97.66666666666667,0.0,69.31133842468262
4.0,7.192666666666667,97.76666666666667,0.0,76.78043508529663
4.1,6.617166666666667,98.26666666666667,0.0,7.338335275650024
4.2,6.647333333333333,98.05,0.0,14.64344072341919
4.3,6.63425,97.91666666666666,0.0,21.887399673461914
4.4,6.70725,98.13333333333333,0.0,29.066084146499634
4.5,6.662916666666667,97.95,0.0,36.19684982299805
4.6,6.46275,98.38333333333334,0.0,43.338993072509766
4.7,6.3035,98.13333333333333,0.0,50.406500577926636
4.8,6.967666666666666,97.83333333333334,0.0,57.47466278076172
4.9,6.54425,98.26666666666667,0.0,64.61579751968384
5.0,6.43175,98.23333333333333,0.0,71.63294100761414
5.1,6.238083333333333,98.2,0.0,6.980266332626343
5.2,6.211166666666666,98.25,0.0,14.485648393630981
5.3,6.21225,98.43333333333332,0.0,21.978709936141968
5.4,6.270833333333333,98.01666666666667,0.0,30.459134578704834
5.5,5.843416666666666,98.51666666666667,0.0,37.729209899902344
5.6,6.01375,98.56666666666666,0.0,44.9456422328949
5.7,5.84975,98.45,0.0,51.795032262802124
5.8,5.794583333333334,98.75,0.0,58.54379630088806
5.9,6.14425,98.23333333333333,0.0,65.3869891166687
6.0,5.954916666666667,98.33333333333333,0.0,72.1232578754425
6.1,5.619833333333333,98.65,0.0,6.682567358016968
6.2,5.632,98.53333333333333,0.0,13.330367803573608
6.3,5.527416666666666,98.65,0.0,19.98533320426941
6.4,5.4863333333333335,98.68333333333334,0.016666666666666666,26.627573013305664
6.5,5.527333333333333,98.73333333333333,0.0,33.23125958442688
6.6,5.803333333333334,98.45,0.0,39.861854791641235
6.7,5.7985,98.28333333333333,0.0,46.42690706253052
6.8,5.64625,98.6,0.0,52.95403003692627
6.9,5.594083333333334,98.31666666666666,0.0,59.49044394493103
7.0,5.60825,98.5,0.0,66.07906889915466
7.1,5.259666666666667,98.5,0.0,6.538790702819824
7.2,5.44525,98.65,0.0,13.035433053970337
7.3,5.423166666666667,98.56666666666666,0.0,19.517351865768433
7.4,5.1735,98.83333333333333,0.0,25.970348596572876
7.5,5.284,98.86666666666667,0.0,32.41344738006592
7.6,5.1634166666666665,98.65,0.0,38.78389358520508
7.7,5.27175,98.66666666666667,0.0,45.11054587364197
7.8,5.321833333333333,98.51666666666667,0.0,51.46163535118103
7.9,5.32775,98.65,0.0,57.71523714065552
8.0,5.304083333333334,98.6,0.0,63.936665773391724
8.1,5.123666666666667,98.76666666666667,0.0,6.20688533782959
8.2,5.0265,98.68333333333334,0.0,12.395485401153564
8.3,5.024,98.83333333333333,0.0,18.66026496887207
8.4,4.9158333333333335,98.81666666666666,0.0,24.894843339920044
8.5,4.9495,98.83333333333333,0.0,31.074872493743896
8.6,5.143083333333333,98.88333333333334,0.0,37.18601107597351
8.7,5.090833333333333,98.7,0.0,43.27225852012634
8.8,4.96275,98.8,0.0,49.17132902145386
8.9,4.9315,98.78333333333333,0.0,55.15661287307739
9.0,4.898583333333334,99.06666666666666,0.0,61.16273784637451
9.1,4.735083333333334,98.9,0.0,5.937852382659912
9.2,4.61925,99.08333333333333,0.0,11.858982801437378
9.3,4.810333333333333,98.83333333333333,0.0,17.727816820144653
9.4,4.83,98.93333333333332,0.0,23.66046404838562
9.5,4.8215,98.8,0.0,29.645694732666016
9.6,4.855583333333334,98.93333333333332,0.0,35.40194892883301
9.7,4.760916666666667,99.11666666666666,0.0,41.278876066207886
9.8,4.850333333333333,98.91666666666666,0.0,47.044174671173096
9.9,4.657583333333333,99.01666666666667,0.0,52.88796401023865
10.0,4.687083333333334,98.88333333333334,0.0,58.66366171836853
