Epochs,Loss,Accuracy (%),Silent labels (%),Time (s)
0.1,70.00725,56.8,23.866666666666667,16.137890577316284
0.2,41.146166666666666,78.35,11.450000000000001,33.23396944999695
0.3,34.947916666666664,81.41666666666667,9.683333333333334,49.56889629364014
0.4,19.608166666666666,92.35,0.0,64.89487767219543
0.5,16.333916666666667,94.05,0.016666666666666666,79.39252948760986
0.6,14.961083333333333,94.41666666666667,0.0,92.9449565410614
0.7,14.04525,94.65,0.0,105.76697993278503
0.8,13.39475,95.0,0.0,117.91331076622009
0.9,13.046583333333333,94.96666666666667,0.0,129.6923267841339
1.0,12.5505,95.21666666666667,0.0,140.87272143363953
1.1,11.379666666666667,96.35000000000001,0.0,10.818181276321411
1.2,10.818166666666666,96.2,0.0,21.390554666519165
1.3,10.668416666666667,96.1,0.0,31.800513744354248
1.4,10.475833333333334,96.5,0.0,42.003483057022095
1.5,10.608583333333334,96.06666666666666,0.0,51.96165633201599
1.6,10.158333333333333,96.46666666666667,0.0,61.679953813552856
1.7,10.027166666666666,96.48333333333333,0.0,71.2476110458374
1.8,9.687916666666666,96.7,0.0,80.65488147735596
1.9,9.69275,96.7,0.0,89.90867471694946
2.0,9.48575,96.96666666666667,0.0,99.02060723304749
2.1,8.678833333333333,97.3,0.0,8.933275699615479
2.2,8.820583333333333,97.1,0.0,17.785004377365112
2.3,8.425416666666667,97.26666666666667,0.0,26.479673624038696
2.4,8.550666666666666,97.1,0.0,34.97709059715271
2.5,8.621333333333334,97.15,0.0,43.39759373664856
2.6,8.34,97.35000000000001,0.0,51.750813245773315
2.7,8.179333333333334,97.51666666666667,0.0,60.017107248306274
2.8,8.212333333333333,97.38333333333333,0.0,68.19226503372192
2.9,8.18925,97.45,0.0,76.30386519432068
3.0,7.83025,97.41666666666666,0.0,84.32817697525024
3.1,7.347333333333333,98.16666666666667,0.0,8.043819427490234
3.2,7.147833333333334,97.98333333333333,0.0,15.95088005065918
3.3,7.277666666666667,97.75,0.0,23.809125900268555
3.4,7.390333333333333,97.88333333333334,0.0,31.563095092773438
3.5,7.765333333333333,97.41666666666666,0.0,39.23575139045715
3.6,7.2755,97.85000000000001,0.0,46.82728600502014
3.7,7.32,97.6,0.0,54.36357569694519
3.8,7.207083333333333,97.95,0.0,61.95429515838623
3.9,7.304333333333333,97.78333333333333,0.0,69.38151502609253
4.0,7.202166666666667,97.88333333333334,0.0,76.76148533821106
4.1,6.658666666666667,98.25,0.0,7.333709001541138
4.2,6.670833333333333,98.05,0.0,14.703223466873169
4.3,6.648166666666667,98.0,0.0,21.97866725921631
4.4,6.77475,98.06666666666666,0.0,29.195972442626953
4.5,6.679583333333333,98.0,0.0,36.473170042037964
4.6,6.401666666666666,98.35000000000001,0.0,43.652461767196655
4.7,6.297166666666667,98.18333333333334,0.0,50.78412365913391
4.8,6.967833333333333,97.73333333333333,0.0,57.89879107475281
4.9,6.536083333333333,98.26666666666667,0.0,64.92305493354797
5.0,6.386083333333334,98.11666666666666,0.0,71.96778512001038
5.1,6.2455,98.2,0.016666666666666666,6.944211721420288
5.2,6.192833333333334,98.18333333333334,0.0,13.862879514694214
5.3,6.203833333333334,98.31666666666666,0.0,20.76588225364685
5.4,6.299166666666666,98.16666666666667,0.0,27.674564599990845
5.5,5.8595,98.56666666666666,0.0,34.53547120094299
5.6,5.99625,98.46666666666667,0.0,41.48167634010315
5.7,5.892666666666667,98.43333333333332,0.0,48.36592173576355
5.8,5.800666666666666,98.61666666666666,0.0,55.15657138824463
5.9,6.149333333333334,98.2,0.0,61.871312618255615
6.0,5.94675,98.35000000000001,0.0,68.59711337089539
6.1,5.64025,98.81666666666666,0.0,6.720641613006592
6.2,5.678833333333333,98.48333333333333,0.0,13.444877862930298
6.3,5.542416666666667,98.51666666666667,0.0,20.17592978477478
6.4,5.472833333333333,98.65,0.0,26.835793495178223
6.5,5.535083333333334,98.83333333333333,0.0,33.4707772731781
6.6,5.764166666666667,98.33333333333333,0.0,40.011311769485474
6.7,5.826833333333333,98.26666666666667,0.0,46.59688115119934
6.8,5.60175,98.51666666666667,0.0,53.13693690299988
6.9,5.5536666666666665,98.45,0.0,59.71402430534363
7.0,5.607833333333334,98.38333333333334,0.0,66.30449557304382
7.1,5.26025,98.58333333333333,0.0,6.504244804382324
7.2,5.5056666666666665,98.65,0.0,12.99305272102356
7.3,5.385916666666667,98.61666666666666,0.0,19.42158317565918
7.4,5.234,98.73333333333333,0.0,25.81847620010376
7.5,5.2445,98.78333333333333,0.0,32.270472049713135
7.6,5.123583333333333,98.75,0.0,38.63389706611633
7.7,5.229833333333334,98.81666666666666,0.0,45.00282573699951
7.8,5.292,98.53333333333333,0.0,51.33949637413025
7.9,5.261416666666666,98.81666666666666,0.0,57.694430112838745
8.0,5.2763333333333335,98.6,0.0,63.82226371765137
8.1,5.08625,98.85000000000001,0.0,6.180694818496704
8.2,5.046083333333334,98.76666666666667,0.0,12.377679347991943
8.3,5.014583333333333,98.91666666666666,0.0,18.583955764770508
8.4,4.911583333333334,98.85000000000001,0.0,24.748864889144897
8.5,5.0155,98.78333333333333,0.0,30.893658876419067
8.6,5.0765,98.81666666666666,0.0,36.99262452125549
8.7,5.1539166666666665,98.76666666666667,0.0,43.0208523273468
8.8,4.947166666666667,98.81666666666666,0.0,48.95633363723755
8.9,4.8935,98.83333333333333,0.0,54.97640347480774
9.0,4.827833333333333,99.1,0.0,60.951175928115845
9.1,4.698333333333333,98.98333333333333,0.0,5.945701837539673
9.2,4.6120833333333335,99.11666666666666,0.0,11.870096445083618
9.3,4.81275,98.95,0.0,17.889734029769897
9.4,4.813583333333334,98.85000000000001,0.0,23.865394592285156
9.5,4.850083333333333,98.83333333333333,0.0,29.897104024887085
9.6,4.844916666666666,99.05000000000001,0.0,35.811476945877075
9.7,4.735666666666667,99.06666666666666,0.0,41.795799255371094
9.8,4.831666666666667,99.05000000000001,0.0,47.60933876037598
9.9,4.699416666666667,98.93333333333332,0.0,53.42911338806152
10.0,4.662916666666667,98.95,0.0,59.25552535057068
