Epochs,Loss,Accuracy (%),Silent labels (%),Time (s)
0.1,67.08716666666666,58.599999999999994,21.516666666666666,15.997536420822144
0.2,37.2845,81.51666666666667,7.566666666666666,32.462483406066895
0.3,21.51475,91.35,0.016666666666666666,48.237149238586426
0.4,17.732583333333334,92.95,0.0,62.673567056655884
0.5,15.68475,94.38333333333333,0.0,76.0849883556366
0.6,14.522833333333333,94.58333333333333,0.0,88.69475746154785
0.7,13.750416666666666,94.91666666666667,0.0,100.77812623977661
0.8,13.179583333333333,95.01666666666667,0.0,112.25102639198303
0.9,12.786333333333333,95.13333333333334,0.0,123.33578324317932
1.0,12.289583333333333,95.33333333333334,0.0,134.05506658554077
1.1,11.147166666666667,96.36666666666667,0.0,10.32087779045105
1.2,10.63225,96.16666666666667,0.0,20.401992321014404
1.3,10.488083333333334,96.33333333333334,0.0,30.38452410697937
1.4,10.283833333333334,96.75,0.0,40.16493368148804
1.5,10.49475,96.2,0.016666666666666666,49.722952127456665
1.6,9.97325,96.51666666666667,0.0,59.04513740539551
1.7,9.91625,96.55,0.0,68.22302341461182
1.8,9.599083333333333,96.76666666666667,0.0,77.24412226676941
1.9,9.66775,96.61666666666666,0.016666666666666666,86.12592315673828
2.0,9.442083333333333,96.93333333333334,0.0,94.94234299659729
2.1,8.564166666666667,97.1,0.0,8.643191576004028
2.2,8.715,97.2,0.0,17.2648344039917
2.3,8.35,97.39999999999999,0.0,25.69860339164734
2.4,8.488083333333334,97.1,0.0,33.9983925819397
2.5,8.572,97.16666666666667,0.0,42.209697246551514
2.6,8.322833333333334,97.38333333333333,0.0,50.35279583930969
2.7,8.10125,97.66666666666667,0.0,58.37106657028198
2.8,8.19225,97.38333333333333,0.0,66.28919792175293
2.9,8.11975,97.33333333333334,0.0,74.14846396446228
3.0,7.7915,97.51666666666667,0.0,81.87711501121521
3.1,7.335,98.13333333333333,0.0,7.594444274902344
3.2,7.131666666666667,98.0,0.0,15.144381046295166
3.3,7.2748333333333335,97.73333333333333,0.0,22.688748121261597
3.4,7.378166666666667,97.95,0.0,30.249075889587402
3.5,7.7175,97.33333333333334,0.016666666666666666,37.67477321624756
3.6,7.236583333333333,97.81666666666666,0.0,45.07782959938049
3.7,7.313416666666667,97.63333333333334,0.0,52.41808247566223
3.8,7.247833333333333,97.93333333333332,0.0,59.75456762313843
3.9,7.248,97.86666666666667,0.0,67.12484860420227
4.0,7.162,97.75,0.0,74.36787414550781
4.1,6.595166666666667,98.23333333333333,0.0,7.199016094207764
4.2,6.657916666666667,98.13333333333333,0.0,14.363425254821777
4.3,6.601166666666667,98.08333333333333,0.0,21.512125253677368
4.4,6.6810833333333335,98.23333333333333,0.0,28.609360218048096
4.5,6.672666666666666,98.06666666666666,0.0,35.682639598846436
4.6,6.4225,98.23333333333333,0.0,42.753884077072144
4.7,6.298,98.21666666666667,0.0,49.730674743652344
4.8,6.9095,97.71666666666667,0.0,56.76475501060486
4.9,6.535583333333333,98.25,0.0,63.70197319984436
5.0,6.354583333333333,98.16666666666667,0.016666666666666666,70.57047319412231
5.1,6.201083333333333,98.18333333333334,0.0,6.883784055709839
5.2,6.133666666666667,98.41666666666666,0.0,13.76279067993164
5.3,6.1605,98.4,0.0,20.599051237106323
5.4,6.226083333333333,98.06666666666666,0.016666666666666666,27.383239269256592
5.5,5.86925,98.6,0.0,34.14733600616455
5.6,5.964333333333333,98.61666666666666,0.0,40.90022373199463
5.7,5.873916666666666,98.45,0.0,47.57660126686096
5.8,5.703333333333333,98.71666666666667,0.0,54.19068622589111
5.9,6.091583333333333,98.3,0.0,60.79724407196045
6.0,5.857583333333333,98.23333333333333,0.0,67.34092807769775
6.1,5.605833333333333,98.73333333333333,0.0,6.553026914596558
6.2,5.678333333333334,98.51666666666667,0.0,13.097134828567505
6.3,5.55125,98.58333333333333,0.0,19.625916004180908
6.4,5.469,98.63333333333333,0.0,26.095161199569702
6.5,5.47125,98.68333333333334,0.0,32.56669020652771
6.6,5.761583333333333,98.45,0.0,38.98685359954834
6.7,5.802333333333333,98.35000000000001,0.0,45.421748638153076
6.8,5.656416666666667,98.5,0.0,51.8245267868042
6.9,5.54,98.43333333333332,0.0,58.2377610206604
7.0,5.577333333333334,98.45,0.0,64.6212408542633
7.1,5.24975,98.63333333333333,0.0,6.357121229171753
7.2,5.475833333333333,98.63333333333333,0.0,12.778076410293579
7.3,5.374833333333333,98.56666666666666,0.0,19.128698587417603
7.4,5.1299166666666665,98.83333333333333,0.0,25.55038356781006
7.5,5.216,98.88333333333334,0.0,31.91211199760437
7.6,5.0800833333333335,98.66666666666667,0.0,38.262195348739624
7.7,5.2315,98.65,0.0,44.598724365234375
7.8,5.289083333333333,98.61666666666666,0.0,50.91106295585632
7.9,5.176583333333333,98.8,0.0,57.202104806900024
8.0,5.214333333333333,98.63333333333333,0.0,63.45180869102478
8.1,5.044333333333333,98.78333333333333,0.0,6.238093137741089
8.2,4.982833333333334,98.78333333333333,0.0,12.494404077529907
8.3,4.9735,98.8,0.0,18.727897882461548
8.4,4.80575,98.93333333333332,0.0,24.976032495498657
8.5,4.945583333333333,98.8,0.0,31.198379516601562
8.6,5.033166666666666,98.85000000000001,0.0,37.39166975021362
8.7,5.05425,98.8,0.0,43.565021991729736
8.8,4.877666666666666,98.68333333333334,0.0,49.69900393486023
8.9,4.845166666666667,98.86666666666667,0.0,55.87650203704834
9.0,4.759833333333333,99.06666666666666,0.0,62.001989126205444
9.1,4.65425,98.98333333333333,0.0,6.120174407958984
9.2,4.514166666666667,99.01666666666667,0.0,12.237680435180664
9.3,4.769666666666667,98.93333333333332,0.0,18.359651565551758
9.4,4.810833333333333,98.9,0.016666666666666666,24.463021993637085
9.5,4.6978333333333335,98.78333333333333,0.0,30.584616661071777
9.6,4.730833333333333,98.96666666666667,0.0,36.67758107185364
9.7,4.629083333333333,99.05000000000001,0.0,42.75815677642822
9.8,4.7675833333333335,98.98333333333333,0.0,48.86256408691406
9.9,4.609333333333334,99.03333333333333,0.0,54.92140746116638
10.0,4.550916666666667,99.0,0.0,60.97041463851929
