Epochs,Loss,Accuracy (%),Silent labels (%),Time (s)
0.1,48.64775,70.5,3.3166666666666664,17.28883171081543
0.2,25.648333333333333,89.53333333333333,0.1,35.06006860733032
0.3,20.879,91.60000000000001,0.06666666666666667,51.23731970787048
0.4,17.522083333333335,93.30000000000001,0.016666666666666666,65.92377781867981
0.5,16.001166666666666,93.76666666666667,0.016666666666666666,79.36757612228394
0.6,15.206333333333333,94.31666666666668,0.016666666666666666,91.8714497089386
0.7,14.228666666666667,94.33333333333334,0.0,103.8355712890625
0.8,13.2395,95.18333333333334,0.0,115.14023876190186
0.9,12.586583333333333,95.46666666666667,0.0,126.00377583503723
1.0,12.461416666666667,95.01666666666667,0.0,136.52824091911316
1.1,11.328666666666667,95.95,0.0,10.177875995635986
1.2,11.079,96.21666666666667,0.0,20.18743872642517
1.3,10.840333333333334,96.45,0.0,29.939948081970215
1.4,10.774333333333333,96.08333333333333,0.0,39.53919768333435
1.5,10.449833333333334,96.38333333333333,0.0,48.984373569488525
1.6,10.442583333333333,96.28333333333333,0.0,58.177166223526
1.7,9.76475,96.65,0.0,67.1926429271698
1.8,9.919833333333333,96.46666666666667,0.016666666666666666,76.11725950241089
1.9,9.670166666666667,96.56666666666666,0.0,84.93921256065369
2.0,9.47175,96.86666666666667,0.0,93.6286952495575
2.1,8.637,97.31666666666666,0.0,8.485623598098755
2.2,8.51475,97.36666666666667,0.0,16.9247944355011
2.3,8.58125,97.36666666666667,0.0,25.27932596206665
2.4,8.878833333333333,97.03333333333333,0.0,33.557005167007446
2.5,8.5075,97.41666666666666,0.0,41.75295853614807
2.6,8.49975,97.21666666666667,0.0,49.891926527023315
2.7,8.387333333333334,97.35000000000001,0.0,57.97206163406372
2.8,8.109416666666666,97.43333333333334,0.0,65.95693731307983
2.9,8.1325,97.33333333333334,0.0,73.88781309127808
3.0,8.284583333333334,97.25,0.0,81.72156929969788
3.1,7.615583333333333,97.78333333333333,0.0,7.814157485961914
3.2,7.499666666666666,97.96666666666667,0.0,15.56153678894043
3.3,7.770833333333333,97.61666666666666,0.0,23.26473331451416
3.4,7.325916666666667,97.91666666666666,0.0,30.866901397705078
3.5,7.394,97.83333333333334,0.0,38.44778513908386
3.6,7.457583333333333,97.71666666666667,0.0,46.006935119628906
3.7,7.342416666666667,97.89999999999999,0.0,53.45534539222717
3.8,7.243916666666666,97.93333333333332,0.0,60.849772691726685
3.9,6.965083333333333,97.95,0.0,68.22003221511841
4.0,7.0994166666666665,98.03333333333333,0.0,75.48405265808105
4.1,6.6325,98.26666666666667,0.0,7.215866565704346
4.2,6.52925,98.23333333333333,0.0,14.438820362091064
4.3,6.646333333333334,98.06666666666666,0.0,21.63397240638733
4.4,7.030083333333334,98.03333333333333,0.0,28.780658960342407
4.5,6.710583333333333,98.01666666666667,0.0,35.88647961616516
4.6,6.64025,97.96666666666667,0.0,42.94285249710083
4.7,6.615083333333334,98.06666666666666,0.0,49.973164081573486
4.8,6.362416666666666,98.23333333333333,0.0,56.99028706550598
4.9,6.582333333333334,98.25,0.0,63.930964946746826
5.0,6.560583333333334,98.13333333333333,0.0,70.84031367301941
5.1,6.133916666666667,98.45,0.0,6.911890983581543
5.2,6.203,98.08333333333333,0.0,13.770559072494507
5.3,6.204416666666667,98.35000000000001,0.016666666666666666,20.6094012260437
5.4,6.214333333333333,98.21666666666667,0.0,27.376848697662354
5.5,6.063916666666667,98.2,0.016666666666666666,34.09151291847229
5.6,6.002083333333333,98.53333333333333,0.0,40.7949903011322
5.7,5.915583333333333,98.43333333333332,0.0,47.401254415512085
5.8,6.2105,98.23333333333333,0.0,54.019243478775024
5.9,6.1755,98.2,0.0,60.61651968955994
6.0,5.888083333333333,98.61666666666666,0.0,67.20563173294067
6.1,5.521583333333333,98.5,0.0,6.440337657928467
6.2,5.61325,98.63333333333333,0.0,12.945606231689453
6.3,5.63025,98.7,0.0,19.442727088928223
6.4,5.93575,98.08333333333333,0.0,25.93606972694397
6.5,5.526166666666667,98.68333333333334,0.0,32.4025342464447
6.6,5.654,98.4,0.0,38.77009320259094
6.7,5.62675,98.41666666666666,0.0,45.10636329650879
6.8,5.489333333333334,98.58333333333333,0.0,51.282716512680054
6.9,5.608666666666666,98.45,0.0,57.220948219299316
7.0,5.48875,98.66666666666667,0.0,63.15286207199097
7.1,5.057666666666667,98.68333333333334,0.0,5.851125478744507
7.2,5.08675,98.93333333333332,0.0,11.6326904296875
7.3,5.358083333333333,98.68333333333334,0.0,17.410112142562866
7.4,5.363583333333334,98.58333333333333,0.016666666666666666,23.21789312362671
7.5,5.6235,98.66666666666667,0.0,29.00933527946472
7.6,5.5129166666666665,98.7,0.0,34.95404505729675
7.7,5.6219166666666665,98.86666666666667,0.0,40.961365699768066
7.8,5.712416666666667,98.63333333333333,0.0,47.170077085494995
7.9,6.18425,98.23333333333333,0.0,53.51387023925781
8.0,6.149166666666667,98.73333333333333,0.0,59.887125730514526
8.1,5.970916666666667,99.0,0.016666666666666666,6.48237156867981
8.2,5.971166666666667,98.81666666666666,0.016666666666666666,13.05384874343872
8.3,6.331666666666667,98.75,0.05,19.659822463989258
8.4,6.520333333333333,98.8,0.06666666666666667,26.281067371368408
8.5,7.304,98.85000000000001,0.03333333333333333,32.92548131942749
8.6,7.49525,98.88333333333334,0.06666666666666667,39.60278630256653
8.7,8.155833333333334,98.76666666666667,0.03333333333333333,46.29072642326355
8.8,8.82175,98.73333333333333,0.06666666666666667,53.00868630409241
8.9,9.646166666666666,98.68333333333334,0.016666666666666666,59.73822212219238
9.0,10.249,98.58333333333333,0.06666666666666667,66.50816583633423
9.1,10.632583333333333,98.8,0.05,6.744279861450195
9.2,11.054916666666667,99.15,0.1,13.547235488891602
9.3,11.601083333333333,98.8,0.05,20.39436984062195
9.4,12.60775,98.83333333333333,0.03333333333333333,27.214394330978394
9.5,13.144333333333334,99.03333333333333,0.08333333333333334,34.068132162094116
9.6,14.132416666666666,98.85000000000001,0.03333333333333333,40.93823480606079
9.7,14.473666666666666,98.75,0.03333333333333333,47.79568028450012
9.8,15.07825,99.05000000000001,0.05,54.646488904953
9.9,15.58975,99.06666666666666,0.03333333333333333,61.49996280670166
10.0,16.130916666666668,98.9,0.0,68.36176085472107
