Epochs,Loss,Accuracy (%),Silent labels (%),Time (s)
0.1,48.86325,69.86666666666666,3.5166666666666666,17.52649736404419
0.2,25.7485,89.3,0.11666666666666668,35.708102226257324
0.3,21.053916666666666,91.61666666666667,0.03333333333333333,52.36585569381714
0.4,17.618916666666667,93.23333333333333,0.0,67.59916639328003
0.5,16.106166666666667,93.71666666666667,0.0,81.71459293365479
0.6,15.25725,94.15,0.0,95.1614682674408
0.7,14.247083333333334,94.41666666666667,0.0,107.99271082878113
0.8,13.241416666666666,95.35,0.0,120.26911520957947
0.9,12.61075,95.43333333333334,0.0,132.02205657958984
1.0,12.559583333333334,94.89999999999999,0.0,143.3265745639801
1.1,11.285416666666666,96.28333333333333,0.0,10.848483324050903
1.2,10.973916666666666,96.43333333333334,0.0,21.45427441596985
1.3,10.8825,96.31666666666666,0.0,31.838284969329834
1.4,10.798416666666666,96.06666666666666,0.0,42.036181926727295
1.5,10.50025,96.15,0.0,52.001107692718506
1.6,10.502,96.11666666666666,0.0,61.801806926727295
1.7,9.723416666666667,96.78333333333333,0.0,71.32822799682617
1.8,9.922583333333334,96.63333333333334,0.0,80.84630703926086
1.9,9.610833333333334,96.63333333333334,0.0,90.20301699638367
2.0,9.466583333333332,96.81666666666666,0.0,99.31599736213684
2.1,8.609416666666666,97.41666666666666,0.0,8.914135456085205
2.2,8.51675,97.38333333333333,0.0,17.81009316444397
2.3,8.649833333333333,97.38333333333333,0.0,26.510605573654175
2.4,8.937666666666667,97.01666666666667,0.0,35.10661172866821
2.5,8.540833333333333,97.31666666666666,0.0,43.58115363121033
2.6,8.55925,97.06666666666666,0.0,51.931458711624146
2.7,8.389166666666666,97.45,0.0,60.22001576423645
2.8,8.044916666666667,97.5,0.0,68.47003173828125
2.9,8.134,97.43333333333334,0.0,76.69616389274597
3.0,8.34975,97.16666666666667,0.0,84.79042339324951
3.1,7.636916666666667,97.63333333333334,0.0,8.002211570739746
3.2,7.5320833333333335,97.68333333333334,0.0,15.981881618499756
3.3,7.703166666666666,97.58333333333333,0.0,23.909481525421143
3.4,7.345416666666667,97.96666666666667,0.0,31.768591165542603
3.5,7.41075,97.76666666666667,0.0,39.60718822479248
3.6,7.456916666666666,97.75,0.0,47.397634506225586
3.7,7.3853333333333335,97.91666666666666,0.0,55.13428568840027
3.8,7.326,97.83333333333334,0.0,62.77172064781189
3.9,6.934,98.08333333333333,0.0,70.31453084945679
4.0,7.102166666666666,97.93333333333332,0.0,77.85651111602783
4.1,6.70075,98.38333333333334,0.0,7.491755723953247
4.2,6.571083333333333,98.26666666666667,0.0,14.91600489616394
4.3,6.7495,98.08333333333333,0.0,22.30735206604004
4.4,7.064666666666667,98.01666666666667,0.0,29.692748069763184
4.5,6.751833333333333,97.89999999999999,0.0,37.03926110267639
4.6,6.633583333333333,97.98333333333333,0.0,44.33131217956543
4.7,6.6355,98.08333333333333,0.0,51.65694308280945
4.8,6.38425,98.2,0.0,58.89049577713013
4.9,6.597583333333334,98.3,0.0,66.09067249298096
5.0,6.614416666666667,98.11666666666666,0.0,73.26929783821106
5.1,6.147333333333333,98.55000000000001,0.0,7.150310039520264
5.2,6.180666666666666,98.26666666666667,0.0,14.304265975952148
5.3,6.1675,98.35000000000001,0.0,21.429668426513672
5.4,6.21675,98.41666666666666,0.0,28.483767986297607
5.5,6.0905,98.15,0.0,35.4898726940155
5.6,5.97275,98.5,0.0,42.48956537246704
5.7,5.9591666666666665,98.51666666666667,0.0,49.48322367668152
5.8,6.284416666666667,98.28333333333333,0.0,56.46761679649353
5.9,6.199416666666667,98.23333333333333,0.0,63.42451071739197
6.0,6.024916666666667,98.53333333333333,0.0,70.33937168121338
6.1,5.52,98.6,0.0,6.852613687515259
6.2,5.690666666666667,98.55000000000001,0.0,13.70802092552185
6.3,5.73825,98.71666666666667,0.0,20.589714288711548
6.4,6.02975,98.15,0.0,27.402379512786865
6.5,5.6025,98.71666666666667,0.0,34.20823383331299
6.6,5.7515833333333335,98.48333333333333,0.0,40.99583411216736
6.7,5.713333333333333,98.4,0.0,47.76382517814636
6.8,5.568083333333333,98.68333333333334,0.0,54.538453340530396
6.9,5.733,98.51666666666667,0.0,61.273136615753174
7.0,5.477083333333334,98.85000000000001,0.0,67.95175409317017
7.1,5.210416666666666,98.71666666666667,0.0,6.692247629165649
7.2,5.1525,98.88333333333334,0.0,13.40263032913208
7.3,5.334666666666666,98.81666666666666,0.0,20.080976963043213
7.4,5.3175,98.75,0.0,26.68824863433838
7.5,5.470583333333333,98.73333333333333,0.0,33.286529779434204
7.6,5.31325,98.8,0.0,39.88510227203369
7.7,5.3065,98.85000000000001,0.0,46.45603322982788
7.8,5.312583333333333,98.63333333333333,0.0,52.95634126663208
7.9,5.599333333333333,98.41666666666666,0.0,59.44155740737915
8.0,5.396833333333333,98.53333333333333,0.0,65.82828760147095
8.1,5.042333333333334,98.96666666666667,0.0,6.413773059844971
8.2,4.916833333333333,98.9,0.0,12.822778463363647
8.3,4.974833333333334,98.85000000000001,0.0,19.18927311897278
8.4,4.9745,98.8,0.0,25.5369873046875
8.5,5.081416666666667,98.9,0.0,31.908808946609497
8.6,4.960083333333333,98.91666666666666,0.0,38.25207543373108
8.7,5.1645,98.81666666666666,0.0,44.5409140586853
8.8,4.99175,98.75,0.0,50.74517631530762
8.9,4.974333333333333,98.81666666666666,0.0,56.98317885398865
9.0,5.251416666666667,98.58333333333333,0.0,63.188260078430176
9.1,4.941833333333333,98.78333333333333,0.0,6.286603212356567
9.2,4.681916666666667,99.1,0.0,12.383700847625732
9.3,4.694166666666667,98.95,0.0,18.562891006469727
9.4,4.854583333333333,98.86666666666667,0.0,24.65697193145752
9.5,4.787916666666667,99.13333333333333,0.0,30.779998540878296
9.6,4.946916666666667,98.81666666666666,0.0,36.790475606918335
9.7,4.850833333333333,98.8,0.0,42.72760725021362
9.8,4.605666666666667,99.05000000000001,0.0,48.663777351379395
9.9,4.6765,99.1,0.0,54.51886534690857
10.0,4.907333333333334,98.81666666666666,0.0,60.31790614128113
