Epochs,Loss,Accuracy (%),Silent labels (%),Time (s)
0.1,48.9145,69.96666666666667,3.45,17.478054523468018
0.2,25.755583333333334,88.96666666666667,0.08333333333333334,35.58994436264038
0.3,21.014166666666668,91.60000000000001,0.06666666666666667,52.199681758880615
0.4,17.49025,93.43333333333334,0.0,67.28033566474915
0.5,16.091833333333334,93.71666666666667,0.0,81.4359278678894
0.6,15.239083333333333,94.1,0.016666666666666666,94.84043860435486
0.7,14.203333333333333,94.28333333333333,0.0,107.64769744873047
0.8,13.194,95.28333333333333,0.0,119.88884687423706
0.9,12.553666666666667,95.43333333333334,0.0,131.66264629364014
1.0,12.427833333333334,95.03333333333333,0.0,142.9999828338623
1.1,11.278166666666667,96.11666666666666,0.0,10.99988079071045
1.2,11.010833333333334,96.3,0.0,21.816679000854492
1.3,10.839416666666667,96.26666666666667,0.0,32.331538438797
1.4,10.776333333333334,96.08333333333333,0.016666666666666666,42.650564432144165
1.5,10.517666666666667,96.31666666666666,0.0,52.84284853935242
1.6,10.398083333333334,96.25,0.0,62.78310942649841
1.7,9.770333333333333,96.71666666666667,0.0,72.49715733528137
1.8,9.91875,96.6,0.0,82.04198408126831
1.9,9.612916666666667,96.61666666666666,0.0,91.43906593322754
2.0,9.469833333333334,96.8,0.0,100.72921633720398
2.1,8.596583333333333,97.36666666666667,0.0,9.042070150375366
2.2,8.469333333333333,97.48333333333333,0.0,18.01215648651123
2.3,8.629083333333334,97.26666666666667,0.0,26.880401849746704
2.4,8.953583333333333,96.91666666666666,0.0,35.63686013221741
2.5,8.630666666666666,97.08333333333333,0.0,44.284061908721924
2.6,8.513166666666667,97.11666666666666,0.0,52.83684515953064
2.7,8.328666666666667,97.39999999999999,0.0,61.372942209243774
2.8,8.0935,97.46666666666667,0.0,69.79041457176208
2.9,8.15725,97.5,0.0,78.13667011260986
3.0,8.328833333333334,97.08333333333333,0.0,86.33332395553589
3.1,7.6855,97.56666666666666,0.0,8.167855978012085
3.2,7.594833333333334,97.61666666666666,0.0,16.308825492858887
3.3,7.739833333333333,97.55,0.0,24.36538052558899
3.4,7.3415,97.73333333333333,0.0,32.37809181213379
3.5,7.4615833333333335,97.63333333333334,0.0,40.32040333747864
3.6,7.476166666666667,97.75,0.0,48.21960639953613
3.7,7.408666666666667,97.85000000000001,0.0,56.06330943107605
3.8,7.2651666666666666,97.88333333333334,0.0,63.899295806884766
3.9,6.942833333333334,97.95,0.0,71.70837759971619
4.0,7.12775,97.93333333333332,0.0,79.44409704208374
4.1,6.6765,98.33333333333333,0.0,7.654630184173584
4.2,6.586666666666667,98.16666666666667,0.0,15.225028276443481
4.3,6.817333333333333,98.18333333333334,0.0,22.80600094795227
4.4,7.0369166666666665,98.01666666666667,0.0,30.38649868965149
4.5,6.706416666666667,98.08333333333333,0.0,37.96099281311035
4.6,6.702583333333333,98.03333333333333,0.0,45.46104192733765
4.7,6.61875,98.13333333333333,0.0,52.901400327682495
4.8,6.348083333333333,98.23333333333333,0.0,60.28000044822693
4.9,6.608583333333334,98.26666666666667,0.0,67.62760376930237
5.0,6.625666666666667,98.18333333333334,0.0,74.9700915813446
5.1,6.167166666666667,98.56666666666666,0.0,7.281488656997681
5.2,6.221666666666667,98.16666666666667,0.016666666666666666,14.529073715209961
5.3,6.244166666666667,98.21666666666667,0.0,21.77057385444641
5.4,6.215083333333333,98.28333333333333,0.0,28.935073614120483
5.5,6.099,98.05,0.0,36.05362677574158
5.6,6.009666666666667,98.45,0.0,43.13428521156311
5.7,6.0281666666666665,98.38333333333334,0.0,50.20814776420593
5.8,6.26525,98.26666666666667,0.0,57.29542899131775
5.9,6.1771666666666665,98.23333333333333,0.0,64.36564636230469
6.0,6.006916666666666,98.56666666666666,0.0,71.40607452392578
6.1,5.582583333333333,98.41666666666666,0.0,6.995796203613281
6.2,5.698666666666667,98.46666666666667,0.0,13.964027881622314
6.3,5.768,98.71666666666667,0.0,20.93631148338318
6.4,6.051833333333334,98.1,0.0,27.88591194152832
6.5,5.59475,98.63333333333333,0.0,34.82435655593872
6.6,5.776916666666667,98.43333333333332,0.0,41.706748247146606
6.7,5.742416666666666,98.48333333333333,0.0,48.61421322822571
6.8,5.63125,98.46666666666667,0.0,55.49516201019287
6.9,5.725666666666666,98.5,0.0,62.32269597053528
7.0,5.567,98.81666666666666,0.0,69.10861492156982
7.1,5.198083333333333,98.68333333333334,0.0,6.744596481323242
7.2,5.129,99.0,0.0,13.51816987991333
7.3,5.344416666666667,98.73333333333333,0.0,20.269805908203125
7.4,5.341916666666667,98.71666666666667,0.0,26.992976903915405
7.5,5.4885,98.58333333333333,0.0,33.69126653671265
7.6,5.35125,98.65,0.0,40.372034549713135
7.7,5.261666666666667,98.76666666666667,0.0,47.037129402160645
7.8,5.332916666666667,98.61666666666666,0.0,53.71337532997131
7.9,5.649416666666666,98.4,0.0,60.38707423210144
8.0,5.450583333333333,98.58333333333333,0.0,67.03316044807434
8.1,5.04825,99.08333333333333,0.0,6.62838339805603
8.2,5.018166666666667,98.81666666666666,0.0,13.276248931884766
8.3,4.983083333333333,98.98333333333333,0.0,19.852832555770874
8.4,5.025833333333333,98.88333333333334,0.0,26.446130990982056
8.5,5.083666666666667,98.86666666666667,0.0,32.97758913040161
8.6,4.993833333333333,98.86666666666667,0.0,39.465590715408325
8.7,5.128833333333334,98.8,0.0,45.988621950149536
8.8,5.05375,98.73333333333333,0.0,52.474820613861084
8.9,5.0685,98.86666666666667,0.0,58.91897201538086
9.0,5.26525,98.51666666666667,0.0,65.37564492225647
9.1,4.961833333333334,98.83333333333333,0.0,6.443555116653442
9.2,4.672416666666667,99.16666666666667,0.0,12.828489542007446
9.3,4.745916666666667,98.95,0.0,19.24116563796997
9.4,4.86125,98.76666666666667,0.0,25.5874125957489
9.5,4.791166666666666,99.11666666666666,0.0,31.898956775665283
9.6,4.983583333333334,98.75,0.0,38.19716024398804
9.7,4.923,98.8,0.0,44.4760684967041
9.8,4.6593333333333335,99.06666666666666,0.0,50.734028816223145
9.9,4.7085,99.0,0.0,56.989195346832275
10.0,4.9439166666666665,98.86666666666667,0.0,63.31935381889343
