Epochs,Loss,Accuracy (%),Silent labels (%),Time (s)
0.1,48.894333333333336,69.96666666666667,3.4833333333333334,17.48551607131958
0.2,25.76575,89.21666666666667,0.1,35.67412257194519
0.3,21.03525,91.73333333333333,0.03333333333333333,52.30662488937378
0.4,17.5265,93.28333333333333,0.0,67.54054045677185
0.5,16.1115,93.58333333333333,0.0,81.62282752990723
0.6,15.329333333333333,94.18333333333334,0.0,94.94677805900574
0.7,14.3185,94.31666666666668,0.0,107.64856028556824
0.8,13.3345,95.21666666666667,0.0,119.75271272659302
0.9,12.614583333333334,95.23333333333333,0.0,131.39613485336304
1.0,12.50625,95.11666666666667,0.0,142.6147940158844
1.1,11.357,96.06666666666666,0.0,10.870610475540161
1.2,11.056333333333333,96.43333333333334,0.0,21.625723123550415
1.3,10.964333333333334,96.35000000000001,0.0,32.18776750564575
1.4,10.773,95.96666666666667,0.0,42.413371324539185
1.5,10.562666666666667,96.25,0.0,52.42456412315369
1.6,10.491,96.26666666666667,0.0,62.25809621810913
1.7,9.781916666666667,96.68333333333334,0.0,71.8923647403717
1.8,9.980166666666667,96.56666666666666,0.0,81.37766551971436
1.9,9.711416666666667,96.56666666666666,0.0,90.71867299079895
2.0,9.5095,96.93333333333334,0.0,99.92223787307739
2.1,8.670083333333332,97.23333333333333,0.016666666666666666,9.028825998306274
2.2,8.563416666666667,97.33333333333334,0.0,17.99695348739624
2.3,8.620166666666666,97.3,0.0,26.82108736038208
2.4,8.945083333333333,97.08333333333333,0.0,35.619359254837036
2.5,8.59125,97.11666666666666,0.0,44.29816818237305
2.6,8.578333333333333,97.11666666666666,0.0,52.902703285217285
2.7,8.414583333333333,97.38333333333333,0.0,61.434911251068115
2.8,8.15325,97.46666666666667,0.016666666666666666,69.90999245643616
2.9,8.179833333333333,97.43333333333334,0.0,78.2482647895813
3.0,8.330916666666667,97.26666666666667,0.0,86.50336337089539
3.1,7.695,97.6,0.0,8.16392207145691
3.2,7.593916666666667,97.73333333333333,0.0,16.326881885528564
3.3,7.76525,97.63333333333334,0.0,24.52557396888733
3.4,7.359666666666667,97.86666666666667,0.0,32.56641435623169
3.5,7.417166666666667,97.8,0.0,40.55928683280945
3.6,7.519333333333333,97.8,0.0,48.50633096694946
3.7,7.4255,97.93333333333332,0.0,56.361828565597534
3.8,7.307,98.01666666666667,0.0,64.17278242111206
3.9,7.019583333333333,97.98333333333333,0.0,71.95369529724121
4.0,7.237916666666667,97.86666666666667,0.0,79.63315558433533
4.1,6.790666666666667,98.38333333333334,0.03333333333333333,7.587832689285278
4.2,6.592416666666667,98.15,0.0,15.175082921981812
4.3,6.748083333333334,98.18333333333334,0.0,22.72131037712097
4.4,7.053083333333333,98.05,0.0,30.223713159561157
4.5,6.771583333333333,98.08333333333333,0.0,37.707327127456665
4.6,6.68875,98.0,0.0,45.17550611495972
4.7,6.689416666666666,98.13333333333333,0.0,52.5739643573761
4.8,6.399,98.11666666666666,0.0,59.93227934837341
4.9,6.611833333333333,98.23333333333333,0.0,67.24448943138123
5.0,6.584833333333333,98.16666666666667,0.0,74.57504534721375
5.1,6.17175,98.53333333333333,0.0,7.303181171417236
5.2,6.14625,98.25,0.0,14.571799278259277
5.3,6.219416666666667,98.33333333333333,0.0,21.828094959259033
5.4,6.2515,98.25,0.0,29.019999504089355
5.5,6.139666666666667,98.13333333333333,0.0,36.169877767562866
5.6,6.029333333333334,98.51666666666667,0.0,43.288533210754395
5.7,6.03,98.35000000000001,0.0,50.38836979866028
5.8,6.311,98.26666666666667,0.0,57.48502826690674
5.9,6.2315,98.36666666666667,0.0,64.53692722320557
6.0,6.0315,98.58333333333333,0.0,71.57169318199158
6.1,5.609916666666667,98.53333333333333,0.0,6.961079359054565
6.2,5.751833333333333,98.55000000000001,0.0,13.919535875320435
6.3,5.80025,98.66666666666667,0.0,20.8642840385437
6.4,6.0415,98.15,0.0,27.77999258041382
6.5,5.628,98.65,0.0,34.68788027763367
6.6,5.770583333333334,98.5,0.0,41.571773052215576
6.7,5.777,98.41666666666666,0.0,48.46750068664551
6.8,5.67125,98.55000000000001,0.0,55.349003076553345
6.9,5.752,98.48333333333333,0.0,62.19076132774353
7.0,5.564666666666667,98.73333333333333,0.0,68.98630261421204
7.1,5.174166666666666,98.73333333333333,0.0,6.787867546081543
7.2,5.1705,98.98333333333333,0.0,13.575790166854858
7.3,5.35525,98.81666666666666,0.0,20.358211040496826
7.4,5.358083333333333,98.68333333333334,0.0,27.122355699539185
7.5,5.529833333333333,98.6,0.0,33.878015995025635
7.6,5.360666666666667,98.53333333333333,0.0,40.57836556434631
7.7,5.35725,98.76666666666667,0.0,47.25912117958069
7.8,5.409,98.55000000000001,0.0,53.91292667388916
7.9,5.63625,98.36666666666667,0.0,60.571359634399414
8.0,5.45975,98.66666666666667,0.0,67.22968053817749
8.1,5.048,98.95,0.0,6.6239705085754395
8.2,5.015333333333333,98.85000000000001,0.0,13.303820133209229
8.3,5.062,98.75,0.0,19.90211510658264
8.4,5.049916666666666,98.75,0.0,26.542880296707153
8.5,5.136166666666667,98.9,0.0,33.082371950149536
8.6,5.01225,98.86666666666667,0.0,39.649346113204956
8.7,5.182083333333333,98.78333333333333,0.0,46.13550090789795
8.8,5.039416666666667,98.68333333333334,0.0,52.581984996795654
8.9,5.079833333333333,98.7,0.0,59.03459620475769
9.0,5.244916666666667,98.51666666666667,0.0,65.42712020874023
9.1,4.991416666666667,98.83333333333333,0.0,6.430137872695923
9.2,4.684583333333333,99.08333333333333,0.0,12.886532068252563
9.3,4.758583333333333,98.86666666666667,0.0,19.275933027267456
9.4,4.884416666666667,98.78333333333333,0.0,25.679280042648315
9.5,4.821166666666667,99.11666666666666,0.0,32.01589584350586
9.6,5.0255833333333335,98.83333333333333,0.0,38.29106521606445
9.7,4.88075,98.81666666666666,0.0,44.5459303855896
9.8,4.683833333333333,98.96666666666667,0.0,50.75950789451599
9.9,4.7075,99.16666666666667,0.0,57.05523109436035
10.0,4.95125,98.83333333333333,0.0,63.17802810668945
