Epochs,Loss,Accuracy (%),Silent labels (%),Time (s)
0.1,49.155833333333334,70.03333333333333,3.6166666666666667,17.68630337715149
0.2,26.71575,88.9,0.1,36.242409467697144
0.3,23.571166666666667,90.8,0.06666666666666667,53.79063272476196
0.4,22.954,91.58333333333334,0.016666666666666666,70.26070547103882
0.5,24.399583333333332,90.10000000000001,0.0,86.01314806938171
0.6,25.460333333333335,89.16666666666667,0.016666666666666666,101.10383677482605
0.7,26.433583333333335,88.48333333333333,0.0,115.68463587760925
0.8,27.379666666666665,87.2,0.0,129.74243426322937
0.9,28.213583333333332,87.66666666666667,0.0,143.58468341827393
1.0,30.03525,84.45,0.0,157.04899311065674
1.1,30.817083333333333,84.05,0.0,13.2523775100708
1.2,31.625833333333333,82.83333333333334,0.0,26.39510154724121
1.3,32.25658333333333,81.86666666666666,0.016666666666666666,39.161174297332764
1.4,32.8155,80.4,0.0,51.71509265899658
1.5,33.830083333333334,80.11666666666667,0.0,64.11979603767395
1.6,34.8115,78.86666666666666,0.0,76.55964159965515
1.7,35.13291666666667,77.78333333333333,0.016666666666666666,88.72218203544617
1.8,35.544916666666666,76.36666666666667,0.0,100.78861594200134
1.9,36.6075,75.73333333333333,0.0,112.76744627952576
2.0,37.29783333333334,74.68333333333334,0.0,124.56777882575989
2.1,36.8635,75.25,0.0,11.46794080734253
2.2,38.101416666666665,73.61666666666666,0.016666666666666666,22.994899034500122
2.3,38.706,72.41666666666666,0.0,34.55214715003967
2.4,39.04775,71.66666666666667,0.0,46.03412222862244
2.5,39.779666666666664,70.83333333333334,0.0,57.337465047836304
2.6,40.818583333333336,68.89999999999999,0.0,68.50181126594543
2.7,40.859,69.33333333333334,0.0,79.71822023391724
2.8,41.415416666666665,68.18333333333332,0.0,90.83828043937683
2.9,41.58733333333333,68.73333333333333,0.0,101.87031126022339
3.0,41.529333333333334,67.43333333333334,0.0,112.83122682571411
3.1,41.85966666666667,66.95,0.0,10.861989974975586
3.2,42.91416666666667,66.55,0.0,21.739298582077026
3.3,42.12983333333333,67.15,0.0,32.47570490837097
3.4,42.889583333333334,65.73333333333333,0.0,43.061702489852905
3.5,43.92191666666667,64.95,0.016666666666666666,53.579431772232056
3.6,43.43358333333333,65.8,0.016666666666666666,63.976574420928955
3.7,44.281333333333336,64.06666666666668,0.0,74.2702476978302
3.8,44.37408333333333,63.416666666666664,0.0,84.53742861747742
3.9,44.5815,62.74999999999999,0.0,94.7516233921051
4.0,44.46358333333333,62.43333333333333,0.0,104.88851976394653
4.1,44.162333333333336,63.06666666666667,0.0,9.957314014434814
4.2,45.00358333333333,62.083333333333336,0.0,19.94388246536255
4.3,45.62283333333333,60.150000000000006,0.0,29.872788667678833
4.4,46.31125,59.266666666666666,0.0,39.850186347961426
4.5,45.943,60.81666666666666,0.0,49.719210147857666
4.6,46.438,59.13333333333334,0.016666666666666666,59.4757878780365
4.7,45.805166666666665,59.75,0.0,69.2834460735321
4.8,47.43775,57.93333333333334,0.0,79.05090379714966
4.9,47.10933333333333,57.8,0.0,88.8870735168457
5.0,46.26916666666666,59.66666666666667,0.0,98.6886785030365
5.1,47.818416666666664,56.93333333333334,0.0,9.677887201309204
5.2,47.42241666666666,57.51666666666667,0.0,19.343661546707153
5.3,46.465916666666665,57.8,0.0,28.926014184951782
5.4,47.71233333333333,56.39999999999999,0.016666666666666666,38.38729786872864
5.5,48.355333333333334,55.31666666666667,0.0,47.76284408569336
5.6,48.16775,56.36666666666667,0.0,57.104769229888916
5.7,48.66258333333333,55.15,0.0,66.38411974906921
5.8,48.23558333333333,55.06666666666666,0.0,75.77520704269409
5.9,47.80833333333333,55.766666666666666,0.0,85.18063926696777
6.0,48.05041666666666,55.65,0.0,94.47538352012634
6.1,49.227833333333336,53.18333333333334,0.0,9.192029476165771
6.2,48.696083333333334,54.46666666666666,0.0,18.36893630027771
6.3,48.64625,54.56666666666666,0.016666666666666666,27.587441444396973
6.4,48.34641666666667,55.06666666666666,0.0,36.767043113708496
6.5,48.8075,54.13333333333333,0.0,45.85690522193909
6.6,49.26875,52.71666666666667,0.0,54.956897497177124
6.7,49.79633333333334,52.06666666666667,0.0,64.0585687160492
6.8,49.103833333333334,53.65,0.0,73.13238716125488
6.9,49.348083333333335,52.400000000000006,0.0,82.11622881889343
7.0,50.26133333333333,51.88333333333334,0.0,91.01954507827759
7.1,49.318583333333336,53.48333333333334,0.0,8.887931823730469
7.2,50.537416666666665,50.96666666666667,0.0,17.840524911880493
7.3,49.769,52.233333333333334,0.0,26.817984104156494
7.4,50.43533333333333,51.449999999999996,0.0,35.73429036140442
7.5,50.77341666666667,51.24999999999999,0.0,44.639023780822754
7.6,50.142916666666665,51.26666666666667,0.0,53.52233839035034
7.7,49.8215,52.6,0.0,62.35385990142822
7.8,49.904583333333335,52.36666666666666,0.016666666666666666,71.15109705924988
7.9,49.84158333333333,52.583333333333336,0.0,79.89972567558289
8.0,49.16825,53.13333333333333,0.0,88.58727025985718
8.1,48.788333333333334,53.88333333333334,0.0,8.604052782058716
8.2,48.05325,55.2,0.0,17.272393226623535
8.3,48.836166666666664,53.7,0.03333333333333333,25.932390451431274
8.4,48.91766666666667,53.86666666666666,0.0,34.53501081466675
8.5,49.066583333333334,53.6,0.0,43.09319853782654
8.6,47.82808333333333,55.51666666666667,0.0,51.580294609069824
8.7,47.6065,56.38333333333333,0.0,60.08004665374756
8.8,47.25816666666667,56.39999999999999,0.0,68.58440804481506
8.9,46.476416666666665,57.01666666666667,0.0,77.0697431564331
9.0,47.25275,56.233333333333334,0.0,85.57547998428345
9.1,46.428666666666665,56.89999999999999,0.0,8.45496153831482
9.2,46.41891666666667,57.666666666666664,0.0,16.902765035629272
9.3,45.92816666666667,57.699999999999996,0.0,25.374502897262573
9.4,45.394333333333336,57.99999999999999,0.0,33.74819087982178
9.5,46.128166666666665,57.38333333333333,0.0,42.091978788375854
9.6,46.172583333333336,58.15,0.016666666666666666,50.41452956199646
9.7,44.095416666666665,60.46666666666667,0.0,58.784175395965576
9.8,44.38875,60.8,0.0,67.10791826248169
9.9,42.89791666666667,61.550000000000004,0.0,75.4060652256012
10.0,43.32416666666666,61.11666666666666,0.016666666666666666,83.70835447311401
