Epochs,Loss,Accuracy (%),Silent labels (%),Time (s)
0.1,48.49525,70.28333333333333,3.3833333333333333,17.302635669708252
0.2,25.64225,89.60000000000001,0.08333333333333334,35.231648206710815
0.3,20.94325,91.7,0.06666666666666667,51.832009077072144
0.4,17.5245,93.38333333333333,0.0,67.02321982383728
0.5,16.005416666666665,93.71666666666667,0.0,81.07328510284424
0.6,15.1985,94.1,0.0,94.36227560043335
0.7,14.26325,94.26666666666667,0.0,106.9857087135315
0.8,13.268416666666667,95.19999999999999,0.0,118.94940233230591
0.9,12.6,95.45,0.0,130.42796897888184
1.0,12.445,94.89999999999999,0.0,141.45764780044556
1.1,11.302416666666666,96.16666666666667,0.0,10.773587942123413
1.2,11.039583333333333,96.3,0.0,21.38195538520813
1.3,10.828916666666666,96.41666666666666,0.0,31.705629587173462
1.4,10.7615,95.95,0.0,41.70050406455994
1.5,10.466166666666666,96.41666666666666,0.0,51.52976870536804
1.6,10.445833333333333,96.21666666666667,0.0,61.22074103355408
1.7,9.743666666666666,96.78333333333333,0.0,70.68981575965881
1.8,9.8835,96.66666666666667,0.0,80.0865089893341
1.9,9.646166666666666,96.48333333333333,0.0,89.30075573921204
2.0,9.459666666666667,96.86666666666667,0.0,98.35981965065002
2.1,8.591,97.35000000000001,0.0,8.88860821723938
2.2,8.488083333333334,97.46666666666667,0.0,17.787662744522095
2.3,8.616916666666667,97.43333333333334,0.0,26.537686824798584
2.4,8.904833333333332,96.91666666666666,0.0,35.16591191291809
2.5,8.561666666666667,97.26666666666667,0.0,43.716793060302734
2.6,8.518166666666668,97.15,0.0,52.175806522369385
2.7,8.354166666666666,97.51666666666667,0.0,60.50967574119568
2.8,8.115083333333333,97.46666666666667,0.016666666666666666,68.8082504272461
2.9,8.140416666666667,97.43333333333334,0.0,76.99525189399719
3.0,8.269916666666667,97.3,0.0,85.1018328666687
3.1,7.604583333333333,97.71666666666667,0.0,7.987459421157837
3.2,7.556666666666667,97.75,0.0,15.889568567276001
3.3,7.72575,97.58333333333333,0.0,23.716830492019653
3.4,7.303583333333333,97.86666666666667,0.0,31.485297918319702
3.5,7.352666666666667,97.73333333333333,0.0,39.211660623550415
3.6,7.473166666666667,97.76666666666667,0.0,46.90349340438843
3.7,7.3975,97.88333333333334,0.0,54.538938999176025
3.8,7.234166666666667,97.93333333333332,0.0,62.09655499458313
3.9,6.897333333333333,98.18333333333334,0.0,69.61247062683105
4.0,7.084083333333333,97.81666666666666,0.0,77.04246425628662
4.1,6.687083333333334,98.26666666666667,0.016666666666666666,7.355830192565918
4.2,6.539416666666667,98.18333333333334,0.0,14.713778257369995
4.3,6.71175,98.16666666666667,0.0,22.01643419265747
4.4,7.00175,97.81666666666666,0.0,29.305156469345093
4.5,6.688083333333333,98.06666666666666,0.0,36.52261734008789
4.6,6.63475,98.0,0.016666666666666666,43.677597999572754
4.7,6.543583333333333,98.16666666666667,0.016666666666666666,50.80573010444641
4.8,6.28425,98.15,0.0,57.84009337425232
4.9,6.5088333333333335,98.25,0.0,64.8893826007843
5.0,6.497416666666667,98.15,0.0,71.923583984375
5.1,6.07475,98.5,0.0,6.9717490673065186
5.2,6.10725,98.21666666666667,0.0,13.912702322006226
5.3,6.1285,98.35000000000001,0.0,20.83725333213806
5.4,6.1474166666666665,98.35000000000001,0.0,27.70724892616272
5.5,6.00825,98.05,0.0,34.540639877319336
5.6,5.9715,98.41666666666666,0.0,41.32010221481323
5.7,5.955666666666667,98.48333333333333,0.0,48.11276912689209
5.8,6.17325,98.26666666666667,0.0,54.9020094871521
5.9,6.060416666666667,98.33333333333333,0.0,61.64143466949463
6.0,5.8998333333333335,98.55000000000001,0.0,68.36367845535278
6.1,5.52475,98.4,0.0,6.648883819580078
6.2,5.584083333333333,98.61666666666666,0.0,13.304911375045776
6.3,5.689166666666667,98.71666666666667,0.0,19.994935035705566
6.4,5.98475,98.2,0.0,26.63843083381653
6.5,5.543416666666666,98.61666666666666,0.016666666666666666,33.25321841239929
6.6,5.707833333333333,98.43333333333332,0.0,39.829033851623535
6.7,5.6546666666666665,98.45,0.0,46.452601194381714
6.8,5.570166666666666,98.5,0.0,52.9521906375885
6.9,5.63375,98.46666666666667,0.0,59.38682174682617
7.0,5.457,98.7,0.0,65.78015184402466
7.1,5.155,98.81666666666666,0.0,6.239275217056274
7.2,5.09075,99.03333333333333,0.0,12.552566051483154
7.3,5.3486666666666665,98.8,0.0,18.862985372543335
7.4,5.295916666666667,98.8,0.0,25.184539794921875
7.5,5.561333333333334,98.58333333333333,0.0,31.53117847442627
7.6,5.426833333333334,98.61666666666666,0.0,37.93063712120056
7.7,5.36275,98.8,0.0,44.3451611995697
7.8,5.409,98.56666666666666,0.0,50.7682101726532
7.9,5.6418333333333335,98.45,0.0,57.19270944595337
8.0,5.4584166666666665,98.56666666666666,0.0,63.60998868942261
8.1,5.052833333333333,98.95,0.0,6.465040922164917
8.2,5.010083333333333,98.88333333333334,0.0,12.904345750808716
8.3,4.995916666666667,98.78333333333333,0.0,19.314015865325928
8.4,5.04525,98.76666666666667,0.0,25.68654441833496
8.5,5.102,98.86666666666667,0.0,32.08636116981506
8.6,4.930583333333334,98.85000000000001,0.0,38.48050403594971
8.7,5.113416666666667,98.68333333333334,0.0,44.8525824546814
8.8,4.9945,98.75,0.0,51.231565952301025
8.9,5.02325,98.81666666666666,0.0,57.598875522613525
9.0,5.201833333333333,98.61666666666666,0.0,63.950576066970825
9.1,4.883333333333334,98.9,0.0,6.348660707473755
9.2,4.587083333333333,99.18333333333334,0.0,12.717265844345093
9.3,4.652083333333334,98.88333333333334,0.0,19.08499503135681
9.4,4.776583333333333,98.75,0.0,25.413580417633057
9.5,4.765583333333334,99.06666666666666,0.0,31.74552607536316
9.6,4.88525,98.85000000000001,0.0,38.029754638671875
9.7,4.8148333333333335,98.88333333333334,0.0,44.29949951171875
9.8,4.54,99.08333333333333,0.0,50.55421590805054
9.9,4.608,99.11666666666666,0.0,56.83934211730957
10.0,4.879083333333333,98.86666666666667,0.016666666666666666,63.127384662628174
