Epochs,Loss,Accuracy (%),Silent labels (%),Time (s)
0.1,48.43366666666667,70.5,3.3666666666666663,17.349905967712402
0.2,25.55925,89.56666666666668,0.1,35.23424172401428
0.3,20.847,91.64999999999999,0.03333333333333333,51.65836143493652
0.4,17.4575,93.5,0.0,66.64256715774536
0.5,16.002416666666665,93.76666666666667,0.0,80.44200372695923
0.6,15.167,94.16666666666667,0.0,93.43187546730042
0.7,14.201166666666667,94.38333333333333,0.016666666666666666,105.71580052375793
0.8,13.311416666666666,94.95,0.0,117.5014591217041
0.9,12.584916666666667,95.53333333333333,0.0,128.82122564315796
1.0,12.458083333333333,95.01666666666667,0.0,139.66518831253052
1.1,11.314416666666666,96.15,0.0,10.531790733337402
1.2,10.997416666666666,96.33333333333334,0.0,20.80523419380188
1.3,10.809833333333334,96.41666666666666,0.0,30.760785818099976
1.4,10.729333333333333,96.11666666666666,0.016666666666666666,40.48644137382507
1.5,10.5365,96.28333333333333,0.0,50.12158966064453
1.6,10.43,96.23333333333333,0.0,59.526611328125
1.7,9.716166666666666,96.86666666666667,0.0,68.73814344406128
1.8,9.882333333333333,96.46666666666667,0.0,77.90507555007935
1.9,9.543166666666666,96.68333333333334,0.0,86.9005298614502
2.0,9.467416666666667,96.81666666666666,0.0,95.79640460014343
2.1,8.590416666666666,97.3,0.0,8.70837664604187
2.2,8.443416666666666,97.5,0.0,17.390690088272095
2.3,8.610333333333333,97.28333333333333,0.0,25.939779043197632
2.4,8.911916666666666,97.01666666666667,0.0,34.40006709098816
2.5,8.501,97.21666666666667,0.0,42.76409435272217
2.6,8.51675,97.06666666666666,0.0,51.01755619049072
2.7,8.312416666666667,97.25,0.0,59.17179775238037
2.8,8.086583333333333,97.45,0.0,67.29807877540588
2.9,8.1205,97.46666666666667,0.0,75.34668612480164
3.0,8.304333333333334,97.35000000000001,0.0,83.3069748878479
3.1,7.635833333333333,97.61666666666666,0.0,7.889684200286865
3.2,7.4925,97.68333333333334,0.0,15.733969688415527
3.3,7.698666666666667,97.56666666666666,0.0,23.532868146896362
3.4,7.3445,97.81666666666666,0.0,31.292883157730103
3.5,7.351166666666667,97.71666666666667,0.0,39.012019872665405
3.6,7.4775833333333335,97.68333333333334,0.0,46.650614738464355
3.7,7.3758333333333335,97.88333333333334,0.0,54.225419759750366
3.8,7.215833333333333,97.93333333333332,0.0,61.78721785545349
3.9,6.96575,98.0,0.0,69.30332827568054
4.0,7.12325,98.01666666666667,0.016666666666666666,76.77515316009521
4.1,6.682166666666666,98.16666666666667,0.0,7.3675782680511475
4.2,6.5640833333333335,98.31666666666666,0.0,14.668757438659668
4.3,6.754666666666667,98.08333333333333,0.0,21.95261788368225
4.4,7.00175,97.93333333333332,0.0,29.25131583213806
4.5,6.7138333333333335,98.03333333333333,0.0,36.4581823348999
4.6,6.652833333333334,97.96666666666667,0.0,43.60221552848816
4.7,6.565,98.13333333333333,0.0,50.73316478729248
4.8,6.384666666666667,98.08333333333333,0.0,57.84523057937622
4.9,6.54625,98.33333333333333,0.0,64.93866062164307
5.0,6.586833333333334,98.08333333333333,0.0,71.97181510925293
5.1,6.087583333333333,98.43333333333332,0.0,6.981725454330444
5.2,6.177666666666667,98.25,0.0,13.948583841323853
5.3,6.1650833333333335,98.45,0.0,20.897082567214966
5.4,6.199083333333333,98.3,0.0,27.79658031463623
5.5,6.069333333333334,98.16666666666667,0.0,34.6550235748291
5.6,5.959083333333333,98.53333333333333,0.0,41.508076190948486
5.7,5.92375,98.5,0.0,48.31735348701477
5.8,6.191,98.33333333333333,0.0,55.13947892189026
5.9,6.140666666666666,98.1,0.0,61.90158295631409
6.0,5.876083333333334,98.61666666666666,0.0,68.63033604621887
6.1,5.498333333333333,98.5,0.0,6.655853509902954
6.2,5.5835,98.56666666666666,0.0,13.312721729278564
6.3,5.62475,98.86666666666667,0.0,19.97408962249756
6.4,5.951833333333333,98.06666666666666,0.0,26.62467932701111
6.5,5.509833333333333,98.76666666666667,0.0,33.225948095321655
6.6,5.6805,98.36666666666667,0.0,39.798901319503784
6.7,5.670916666666667,98.38333333333334,0.0,46.32442045211792
6.8,5.507666666666666,98.58333333333333,0.0,52.76504564285278
6.9,5.689583333333333,98.5,0.0,59.17194843292236
7.0,5.549833333333333,98.7,0.0,65.51303315162659
7.1,5.228833333333333,98.6,0.0,6.346028566360474
7.2,5.190916666666666,98.88333333333334,0.0,12.774562358856201
7.3,5.464083333333333,98.78333333333333,0.0,19.10317063331604
7.4,5.418333333333333,98.73333333333333,0.0,25.371747970581055
7.5,5.6379166666666665,98.66666666666667,0.0,31.741610288619995
7.6,5.498166666666667,98.7,0.0,38.165915727615356
7.7,5.42725,98.65,0.0,44.56234383583069
7.8,5.4875,98.55000000000001,0.0,50.96350812911987
7.9,5.752833333333333,98.33333333333333,0.0,57.353408098220825
8.0,5.553083333333333,98.61666666666666,0.0,63.73028922080994
8.1,5.068333333333333,98.96666666666667,0.0,6.395041227340698
8.2,5.123833333333334,98.91666666666666,0.0,12.768884420394897
8.3,5.0776666666666666,98.83333333333333,0.016666666666666666,19.132012128829956
8.4,5.043666666666667,98.78333333333333,0.0,25.487386465072632
8.5,5.063,98.91666666666666,0.0,31.8293240070343
8.6,5.019416666666666,98.81666666666666,0.0,38.16174817085266
8.7,5.164583333333334,98.8,0.0,44.49184727668762
8.8,5.022166666666666,98.85000000000001,0.0,50.815956592559814
8.9,5.098166666666667,98.75,0.0,57.16151523590088
9.0,5.3068333333333335,98.5,0.0,63.46098279953003
9.1,5.051,98.76666666666667,0.0,6.339345216751099
9.2,4.79975,99.13333333333333,0.0,12.67704725265503
9.3,4.867666666666667,98.8,0.0,19.01470422744751
9.4,5.001333333333333,98.83333333333333,0.0,25.32194709777832
9.5,4.9695,99.06666666666666,0.0,31.64547038078308
9.6,5.1845,98.86666666666667,0.0,37.94203042984009
9.7,4.97975,98.8,0.0,44.266505002975464
9.8,4.74525,99.06666666666666,0.0,50.59276461601257
9.9,4.782333333333334,99.11666666666666,0.0,56.88329267501831
10.0,5.04425,98.88333333333334,0.0,63.16858434677124
