Epochs,Loss,Accuracy (%),Silent labels (%),Time (s)
0.1,48.69533333333333,70.55,3.3000000000000003,17.4552059173584
0.2,25.885166666666667,89.60000000000001,0.08333333333333334,35.36512470245361
0.3,20.947666666666667,91.68333333333332,0.06666666666666667,51.70046544075012
0.4,17.524833333333333,93.38333333333333,0.0,66.65599822998047
0.5,16.0435,93.96666666666667,0.0,80.59275984764099
0.6,15.204083333333333,94.19999999999999,0.016666666666666666,93.670490026474
0.7,14.1745,94.39999999999999,0.0,106.07257652282715
0.8,13.149333333333333,95.31666666666668,0.0,117.82054805755615
0.9,12.576,95.39999999999999,0.0,129.11066341400146
1.0,12.4665,94.93333333333334,0.0,139.97720098495483
1.1,11.29125,96.21666666666667,0.0,10.493846893310547
1.2,10.995916666666666,96.39999999999999,0.0,20.872387170791626
1.3,10.826333333333332,96.41666666666666,0.0,30.9276921749115
1.4,10.716416666666667,96.11666666666666,0.0,40.77410626411438
1.5,10.487083333333333,96.39999999999999,0.0,50.47852158546448
1.6,10.447583333333334,96.3,0.0,59.94758653640747
1.7,9.751583333333333,96.65,0.0,69.21733093261719
1.8,9.924166666666666,96.53333333333333,0.0,78.41412234306335
1.9,9.60925,96.71666666666667,0.0,87.41208910942078
2.0,9.408916666666666,96.78333333333333,0.0,96.33304524421692
2.1,8.608166666666667,97.35000000000001,0.0,8.748852729797363
2.2,8.51075,97.41666666666666,0.0,17.49029302597046
2.3,8.6235,97.35000000000001,0.0,26.087073802947998
2.4,8.931083333333333,97.06666666666666,0.0,34.62307286262512
2.5,8.5005,97.26666666666667,0.0,43.08875131607056
2.6,8.5135,97.11666666666666,0.0,51.43325209617615
2.7,8.375,97.45,0.016666666666666666,59.728233337402344
2.8,8.025333333333334,97.56666666666666,0.0,67.95008683204651
2.9,8.071333333333333,97.35000000000001,0.0,76.14074540138245
3.0,8.23275,97.2,0.0,84.26378750801086
3.1,7.588583333333333,97.71666666666667,0.0,7.959255218505859
3.2,7.5415833333333335,97.71666666666667,0.0,15.891722679138184
3.3,7.685833333333333,97.55,0.0,23.73250460624695
3.4,7.327833333333333,97.83333333333334,0.0,31.482388019561768
3.5,7.363666666666667,97.7,0.0,39.195454120635986
3.6,7.415166666666667,97.8,0.0,46.853668451309204
3.7,7.40425,97.86666666666667,0.0,54.47014284133911
3.8,7.253333333333333,97.86666666666667,0.0,62.037126779556274
3.9,6.925333333333334,98.05,0.0,69.55314111709595
4.0,7.0865,97.93333333333332,0.0,77.0311291217804
4.1,6.675583333333333,98.33333333333333,0.0,7.403842926025391
4.2,6.521333333333334,98.16666666666667,0.0,14.806467771530151
4.3,6.678833333333333,98.18333333333334,0.0,22.12496066093445
4.4,7.0160833333333334,97.98333333333333,0.0,29.4277400970459
4.5,6.689416666666666,98.1,0.0,36.63110661506653
4.6,6.581416666666667,98.06666666666666,0.0,43.81375312805176
4.7,6.65975,98.0,0.0,50.99539065361023
4.8,6.339583333333334,98.15,0.0,58.11479997634888
4.9,6.51825,98.13333333333333,0.0,65.24671339988708
5.0,6.532,98.06666666666666,0.0,72.31945705413818
5.1,6.082916666666667,98.51666666666667,0.0,7.024655342102051
5.2,6.154583333333333,98.18333333333334,0.0,14.040958642959595
5.3,6.1445,98.41666666666666,0.0,21.042107105255127
5.4,6.174,98.36666666666667,0.0,27.97694969177246
5.5,6.11475,98.16666666666667,0.0,34.88544011116028
5.6,5.915583333333333,98.58333333333333,0.0,41.72684025764465
5.7,5.899416666666666,98.48333333333333,0.0,48.59601950645447
5.8,6.217333333333333,98.16666666666667,0.0,55.46194362640381
5.9,6.165166666666667,98.35000000000001,0.0,62.30098271369934
6.0,5.96375,98.41666666666666,0.0,69.14598536491394
6.1,5.5285,98.55000000000001,0.0,6.775996923446655
6.2,5.66025,98.63333333333333,0.0,13.530673265457153
6.3,5.7385,98.75,0.0,20.292629718780518
6.4,5.959083333333333,98.2,0.0,27.037153959274292
6.5,5.578333333333333,98.66666666666667,0.0,33.77196645736694
6.6,5.723333333333334,98.41666666666666,0.0,40.512308835983276
6.7,5.713166666666667,98.46666666666667,0.0,47.20483660697937
6.8,5.58125,98.65,0.0,53.880106687545776
6.9,5.668666666666667,98.6,0.0,60.55112648010254
7.0,5.524,98.76666666666667,0.0,67.16284418106079
7.1,5.116,98.7,0.0,6.528678894042969
7.2,5.0841666666666665,98.9,0.0,13.113212585449219
7.3,5.317166666666667,98.81666666666666,0.0,19.676234483718872
7.4,5.247333333333334,98.88333333333334,0.0,26.196234941482544
7.5,5.474666666666667,98.63333333333333,0.0,32.70157265663147
7.6,5.3265,98.65,0.0,39.24409794807434
7.7,5.263583333333333,98.68333333333334,0.0,45.708380699157715
7.8,5.29725,98.71666666666667,0.0,52.16365122795105
7.9,5.574083333333333,98.31666666666666,0.0,58.548585653305054
8.0,5.38525,98.53333333333333,0.0,64.96216011047363
8.1,4.995833333333334,98.91666666666666,0.0,6.3544111251831055
8.2,4.956583333333334,98.86666666666667,0.0,12.76327919960022
8.3,4.965166666666667,98.88333333333334,0.0,19.17333459854126
8.4,4.93825,98.9,0.0,25.54283857345581
8.5,5.077916666666667,98.91666666666666,0.0,31.87839937210083
8.6,4.906166666666667,98.8,0.0,38.21184802055359
8.7,5.076333333333333,98.81666666666666,0.0,44.50768256187439
8.8,5.002583333333333,98.73333333333333,0.0,50.66909861564636
8.9,5.0240833333333335,98.8,0.0,56.84436058998108
9.0,5.2138333333333335,98.53333333333333,0.0,62.987786293029785
9.1,4.92375,98.81666666666666,0.0,6.1809470653533936
9.2,4.609333333333334,99.13333333333333,0.0,12.282093286514282
9.3,4.6905,98.95,0.0,18.40665864944458
9.4,4.8109166666666665,98.81666666666666,0.0,24.528862476348877
9.5,4.733833333333333,99.15,0.0,30.672532081604004
9.6,4.9235,98.83333333333333,0.0,36.69846200942993
9.7,4.841666666666667,98.81666666666666,0.0,42.74392318725586
9.8,4.611166666666667,99.0,0.0,48.727248430252075
9.9,4.6295,99.1,0.016666666666666666,54.71550393104553
10.0,4.886916666666667,98.85000000000001,0.0,60.673282861709595
