Epochs,Loss,Accuracy (%),Silent labels (%),Time (s)
0.1,48.554916666666664,70.33333333333334,3.3166666666666664,17.31062126159668
0.2,25.6945,89.3,0.08333333333333334,34.92779994010925
0.3,21.013416666666668,91.7,0.05,51.32063698768616
0.4,17.585333333333335,93.35,0.0,66.2535228729248
0.5,16.05575,93.81666666666668,0.0,80.03448605537415
0.6,15.319083333333333,94.16666666666667,0.0,93.03452801704407
0.7,14.252,94.35,0.0,105.52593469619751
0.8,13.27625,95.13333333333334,0.0,117.36849069595337
0.9,12.574166666666667,95.23333333333333,0.0,128.752605676651
1.0,12.484916666666667,95.08333333333333,0.0,139.7105278968811
1.1,11.309916666666666,96.18333333333334,0.0,10.632254362106323
1.2,11.065,96.36666666666667,0.0,21.103372812271118
1.3,10.894333333333334,96.31666666666666,0.0,31.30636763572693
1.4,10.7655,96.05,0.016666666666666666,41.222182512283325
1.5,10.46875,96.46666666666667,0.0,50.944228649139404
1.6,10.468833333333333,96.25,0.0,60.510873556137085
1.7,9.737916666666667,96.58333333333333,0.0,69.88775539398193
1.8,9.877333333333333,96.55,0.0,79.15853261947632
1.9,9.633583333333334,96.66666666666667,0.0,88.35842752456665
2.0,9.5475,96.83333333333334,0.0,97.39302515983582
2.1,8.654583333333333,97.2,0.0,8.764917612075806
2.2,8.50875,97.36666666666667,0.0,17.5072762966156
2.3,8.58325,97.28333333333333,0.0,26.177072048187256
2.4,8.94625,96.91666666666666,0.0,34.766770124435425
2.5,8.530416666666667,97.11666666666666,0.0,43.23624014854431
2.6,8.517333333333333,97.15,0.0,51.56565475463867
2.7,8.331583333333333,97.53333333333333,0.0,59.84848713874817
2.8,8.061416666666666,97.55,0.0,68.06197309494019
2.9,8.133583333333334,97.41666666666666,0.0,76.18591570854187
3.0,8.232666666666667,97.28333333333333,0.0,84.19748497009277
3.1,7.6665833333333335,97.78333333333333,0.0,7.991408109664917
3.2,7.550416666666667,97.68333333333334,0.0,15.934459924697876
3.3,7.698416666666667,97.58333333333333,0.0,23.819721698760986
3.4,7.29875,97.89999999999999,0.0,31.640972137451172
3.5,7.33675,97.8,0.0,39.42432236671448
3.6,7.459416666666667,97.76666666666667,0.0,47.1506564617157
3.7,7.366416666666667,97.86666666666667,0.0,54.76684236526489
3.8,7.270166666666666,97.91666666666666,0.0,62.32507109642029
3.9,6.9935833333333335,98.06666666666666,0.0,69.86101627349854
4.0,7.10025,98.05,0.0,77.32434272766113
4.1,6.657166666666667,98.36666666666667,0.0,7.3656816482543945
4.2,6.5255833333333335,98.28333333333333,0.0,14.753082275390625
4.3,6.730416666666667,98.01666666666667,0.0,22.099992275238037
4.4,7.0449166666666665,97.95,0.0,29.423961877822876
4.5,6.70725,97.95,0.0,36.648494482040405
4.6,6.6866666666666665,98.0,0.0,43.831040143966675
4.7,6.56275,98.2,0.0,51.011754751205444
4.8,6.339666666666667,98.21666666666667,0.0,58.12074041366577
4.9,6.608666666666666,98.21666666666667,0.0,65.19291019439697
5.0,6.594,98.2,0.0,72.2417426109314
5.1,6.105416666666667,98.46666666666667,0.0,7.039364814758301
5.2,6.131333333333333,98.25,0.0,14.073416948318481
5.3,6.186916666666667,98.35000000000001,0.0,21.060146808624268
5.4,6.18675,98.3,0.0,27.9789719581604
5.5,6.0435,98.21666666666667,0.0,34.86204481124878
5.6,6.017166666666666,98.43333333333332,0.0,41.742332220077515
5.7,5.967833333333333,98.28333333333333,0.0,48.57935452461243
5.8,6.260083333333333,98.3,0.0,55.425824880599976
5.9,6.1595,98.35000000000001,0.0,62.24023151397705
6.0,5.976666666666667,98.55000000000001,0.0,69.05777502059937
6.1,5.559583333333333,98.51666666666667,0.0,6.718753814697266
6.2,5.7,98.53333333333333,0.0,13.42492413520813
6.3,5.7525,98.78333333333333,0.0,20.149193286895752
6.4,6.0281666666666665,98.2,0.0,26.848795413970947
6.5,5.573833333333333,98.66666666666667,0.0,33.543179988861084
6.6,5.77075,98.48333333333333,0.0,40.19594645500183
6.7,5.714416666666667,98.55000000000001,0.0,46.86967396736145
6.8,5.648583333333334,98.48333333333333,0.0,53.542593240737915
6.9,5.702916666666667,98.46666666666667,0.0,60.19463014602661
7.0,5.54175,98.73333333333333,0.0,66.77787590026855
7.1,5.176666666666667,98.83333333333333,0.0,6.58665919303894
7.2,5.13925,98.91666666666666,0.0,13.188581466674805
7.3,5.355333333333333,98.76666666666667,0.0,19.75975227355957
7.4,5.28725,98.7,0.0,26.289919137954712
7.5,5.448666666666667,98.71666666666667,0.0,32.80357480049133
7.6,5.326,98.63333333333333,0.0,39.31619453430176
7.7,5.2595833333333335,98.76666666666667,0.0,45.81153917312622
7.8,5.28775,98.58333333333333,0.0,52.26984000205994
7.9,5.562583333333333,98.41666666666666,0.0,58.74004125595093
8.0,5.452833333333333,98.56666666666666,0.0,65.20658850669861
8.1,5.018583333333333,98.95,0.016666666666666666,6.429279088973999
8.2,4.959833333333333,98.9,0.0,12.858526706695557
8.3,4.9795,98.9,0.0,19.26715660095215
8.4,5.02275,98.81666666666666,0.0,25.65938401222229
8.5,5.08475,98.81666666666666,0.0,32.0798864364624
8.6,4.954916666666667,98.95,0.0,38.44948959350586
8.7,5.058833333333333,98.8,0.0,44.77321267127991
8.8,5.04925,98.73333333333333,0.0,51.07921862602234
8.9,5.066,98.75,0.0,57.38131833076477
9.0,5.247,98.58333333333333,0.0,63.678956031799316
9.1,4.907,98.73333333333333,0.0,6.305655002593994
9.2,4.660083333333334,99.03333333333333,0.016666666666666666,12.593485832214355
9.3,4.652083333333334,98.91666666666666,0.0,18.885039806365967
9.4,4.80825,98.86666666666667,0.0,25.182820796966553
9.5,4.79425,99.08333333333333,0.0,31.434476852416992
9.6,4.9671666666666665,98.8,0.0,37.66873049736023
9.7,4.836416666666667,98.86666666666667,0.0,43.905092000961304
9.8,4.624916666666667,98.93333333333332,0.0,50.105095624923706
9.9,4.632416666666667,99.05000000000001,0.0,56.30904483795166
10.0,4.898583333333334,98.86666666666667,0.0,62.49279284477234
