Epochs,Loss,Accuracy (%),Silent labels (%),Time (s)
0.1,57.72708333333333,65.36666666666666,13.316666666666666,17.4680278301239
0.2,25.99125,88.71666666666667,0.05,35.68544864654541
0.3,19.777416666666667,92.38333333333333,0.0,52.56807231903076
0.4,17.236166666666666,93.18333333333332,0.0,68.19897770881653
0.5,15.49975,94.35,0.0,82.70325660705566
0.6,14.957,94.21666666666667,0.0,96.11479640007019
0.7,14.151916666666667,94.78333333333333,0.0,108.76694321632385
0.8,13.2075,95.19999999999999,0.0,120.65521693229675
0.9,12.902833333333334,95.18333333333334,0.0,132.12901663780212
1.0,12.465083333333334,95.21666666666667,0.0,143.1014370918274
1.1,11.382333333333333,95.96666666666667,0.0,10.645321607589722
1.2,11.037416666666667,95.89999999999999,0.0,21.021124601364136
1.3,10.789583333333333,95.7,0.0,31.15748381614685
1.4,10.383916666666666,96.3,0.0,40.99576997756958
1.5,10.370833333333334,96.06666666666666,0.0,50.6664514541626
1.6,9.974083333333333,96.58333333333333,0.0,60.07069778442383
1.7,9.812916666666666,96.56666666666666,0.0,69.23120665550232
1.8,9.557833333333333,96.65,0.0,78.34983587265015
1.9,9.411583333333333,96.85000000000001,0.0,87.21624088287354
2.0,9.636333333333333,96.65,0.016666666666666666,96.01522946357727
2.1,8.85325,97.1,0.0,8.561925888061523
2.2,8.7735,96.96666666666667,0.0,17.123560190200806
2.3,8.36575,97.48333333333333,0.0,25.599116325378418
2.4,8.419,97.36666666666667,0.0,33.89194440841675
2.5,8.371416666666667,97.15,0.016666666666666666,42.06602358818054
2.6,8.441583333333334,97.28333333333333,0.0,50.167805910110474
2.7,8.2935,97.16666666666667,0.0,58.15092372894287
2.8,7.92875,97.48333333333333,0.0,66.05637073516846
2.9,8.034333333333333,97.45,0.0,73.82410717010498
3.0,7.925833333333333,97.63333333333334,0.0,81.54800367355347
3.1,7.5425,97.45,0.0,7.634720802307129
3.2,7.15475,98.1,0.0,15.221601009368896
3.3,7.39975,97.63333333333334,0.0,22.740506887435913
3.4,7.3421666666666665,97.65,0.0,30.20535683631897
3.5,7.54,97.51666666666667,0.0,37.609336376190186
3.6,7.267833333333333,97.68333333333334,0.0,44.96666646003723
3.7,7.155166666666666,97.83333333333334,0.0,52.21650743484497
3.8,7.0415,97.86666666666667,0.016666666666666666,59.3770318031311
3.9,7.111166666666667,97.75,0.016666666666666666,66.46218872070312
4.0,6.9424166666666665,97.78333333333333,0.0,73.53824925422668
4.1,6.6615,97.8,0.0,6.989250659942627
4.2,6.5361666666666665,98.08333333333333,0.0,13.977194786071777
4.3,6.70925,97.88333333333334,0.0,20.897468328475952
4.4,6.303916666666667,98.16666666666667,0.0,27.793215036392212
4.5,6.578833333333334,97.88333333333334,0.0,34.68855333328247
4.6,6.321583333333334,98.16666666666667,0.0,41.549927949905396
4.7,6.592083333333333,97.8,0.0,48.36606168746948
4.8,6.3525,98.11666666666666,0.0,55.15982723236084
4.9,6.005,98.5,0.0,61.921616315841675
5.0,6.49875,98.18333333333334,0.0,68.70017266273499
5.1,5.783916666666666,98.48333333333333,0.0,6.642083406448364
5.2,5.805583333333334,98.48333333333333,0.0,13.194294929504395
5.3,6.220416666666667,98.06666666666666,0.0,19.740841388702393
5.4,5.985416666666667,98.31666666666666,0.0,26.208117961883545
5.5,6.058166666666667,98.21666666666667,0.0,32.65877556800842
5.6,5.88775,98.31666666666666,0.0,39.131192207336426
5.7,5.988833333333333,98.1,0.0,45.5991849899292
5.8,5.887416666666667,98.43333333333332,0.0,51.89582562446594
5.9,5.822333333333333,98.48333333333333,0.0,58.195902824401855
6.0,6.155583333333333,98.31666666666666,0.0,64.46023941040039
6.1,5.667833333333333,98.53333333333333,0.0,6.207038164138794
6.2,6.020666666666667,98.43333333333332,0.016666666666666666,12.578467607498169
6.3,5.991416666666667,98.53333333333333,0.016666666666666666,18.907134771347046
6.4,6.1655,99.0,0.0,25.323859691619873
6.5,6.675,98.45,0.016666666666666666,31.77462363243103
6.6,6.9390833333333335,98.25,0.016666666666666666,38.23386907577515
6.7,7.219666666666667,98.31666666666666,0.0,44.71283435821533
6.8,7.09975,98.61666666666666,0.03333333333333333,51.199198722839355
6.9,7.449416666666667,98.26666666666667,0.016666666666666666,57.72106432914734
7.0,7.70525,98.35000000000001,0.0,64.3545982837677
7.1,7.127583333333333,98.88333333333334,0.016666666666666666,6.547492742538452
7.2,7.078916666666666,98.88333333333334,0.016666666666666666,13.099047422409058
7.3,7.243916666666666,98.61666666666666,0.0,19.63480854034424
7.4,7.1085,98.6,0.0,26.16598868370056
7.5,7.2075,98.58333333333333,0.0,32.68475031852722
7.6,7.3105,98.61666666666666,0.0,39.18279457092285
7.7,6.9425,98.78333333333333,0.0,45.618133306503296
7.8,7.223,98.75,0.0,52.109954833984375
7.9,7.150083333333333,98.65,0.0,58.60023093223572
8.0,7.465916666666667,98.45,0.0,65.07135248184204
8.1,6.99975,98.8,0.016666666666666666,6.467510223388672
8.2,7.196916666666667,98.5,0.016666666666666666,12.948222160339355
8.3,6.9445,99.11666666666666,0.0,19.45547389984131
8.4,7.01425,99.01666666666667,0.0,25.911375284194946
8.5,6.641166666666667,98.88333333333334,0.0,32.356974840164185
8.6,6.414,98.46666666666667,0.0,38.76519060134888
8.7,5.984916666666667,98.86666666666667,0.0,45.131521701812744
8.8,5.881166666666667,99.08333333333333,0.0,51.4503071308136
8.9,5.9565,98.6,0.0,57.72291302680969
9.0,5.7476666666666665,98.7,0.0,63.93803668022156
9.1,5.330416666666666,98.78333333333333,0.0,6.19783878326416
9.2,5.147583333333333,98.93333333333332,0.0,12.45602035522461
9.3,4.985083333333334,99.16666666666667,0.0,18.645705223083496
9.4,5.405833333333334,98.93333333333332,0.0,24.782956838607788
9.5,5.050333333333334,99.0,0.0,30.93149709701538
9.6,5.037416666666667,98.88333333333334,0.0,37.053895235061646
9.7,5.0975,98.71666666666667,0.0,43.15205240249634
9.8,4.773583333333334,99.0,0.0,49.26137161254883
9.9,4.711333333333333,98.75,0.0,55.341630935668945
10.0,4.66675,98.86666666666667,0.0,61.47055268287659
