Epochs,Loss,Accuracy (%),Silent labels (%),Time (s)
0.1,58.44383333333333,65.10000000000001,13.933333333333334,17.31768488883972
0.2,25.94375,88.81666666666666,0.05,35.420421838760376
0.3,19.833,92.60000000000001,0.0,52.08280801773071
0.4,17.407,93.21666666666667,0.0,67.59592485427856
0.5,15.598666666666666,94.35,0.0,82.18840312957764
0.6,15.012833333333333,94.01666666666667,0.016666666666666666,95.76933479309082
0.7,14.141,94.63333333333334,0.0,108.6588499546051
0.8,13.224583333333333,95.23333333333333,0.0,120.87524890899658
0.9,12.845583333333334,95.23333333333333,0.016666666666666666,132.50213742256165
1.0,12.38125,95.43333333333334,0.0,143.68593740463257
1.1,11.341666666666667,96.35000000000001,0.0,10.849947452545166
1.2,11.08075,95.95,0.016666666666666666,21.425045490264893
1.3,10.762416666666667,95.89999999999999,0.0,31.791249990463257
1.4,10.421666666666667,96.51666666666667,0.0,41.925228118896484
1.5,10.35775,96.2,0.0,51.8180627822876
1.6,10.036416666666666,96.48333333333333,0.0,61.44941782951355
1.7,9.796083333333334,96.68333333333334,0.0,70.81258988380432
1.8,9.49925,96.78333333333333,0.0,79.93116116523743
1.9,9.370583333333334,97.1,0.016666666666666666,88.8413290977478
2.0,9.554333333333334,96.8,0.0,97.6187469959259
2.1,8.841583333333332,97.11666666666666,0.016666666666666666,8.674523830413818
2.2,8.764833333333334,97.06666666666666,0.0,17.301939010620117
2.3,8.385,97.36666666666667,0.0,25.801140546798706
2.4,8.400166666666667,97.46666666666667,0.0,34.159239530563354
2.5,8.319333333333333,97.21666666666667,0.0,42.41208553314209
2.6,8.397416666666667,97.28333333333333,0.0,50.609426975250244
2.7,8.263333333333334,97.18333333333334,0.0,58.717615604400635
2.8,7.967416666666667,97.43333333333334,0.0,66.81124329566956
2.9,8.007,97.26666666666667,0.0,74.82347583770752
3.0,7.9115,97.56666666666666,0.0,82.7755217552185
3.1,7.527,97.46666666666667,0.0,7.797122001647949
3.2,7.138083333333333,98.11666666666666,0.0,15.539628982543945
3.3,7.3533333333333335,97.7,0.0,23.217892169952393
3.4,7.3435,97.7,0.0,30.859375953674316
3.5,7.491916666666667,97.58333333333333,0.0,38.4332480430603
3.6,7.1786666666666665,97.7,0.0,45.947683811187744
3.7,7.203916666666666,97.76666666666667,0.0,53.41594958305359
3.8,7.057083333333333,97.96666666666667,0.0,60.80613660812378
3.9,7.167583333333333,97.71666666666667,0.0,68.1569151878357
4.0,7.035083333333334,97.83333333333334,0.0,75.47520661354065
4.1,6.7396666666666665,98.03333333333333,0.0,7.233252048492432
4.2,6.625166666666667,98.18333333333334,0.0,14.503329515457153
4.3,6.8335,97.81666666666666,0.0,21.646029472351074
4.4,6.412166666666667,98.15,0.0,28.719976663589478
4.5,6.6353333333333335,97.88333333333334,0.0,35.77486181259155
4.6,6.450333333333333,98.16666666666667,0.0,42.83334040641785
4.7,6.733083333333333,97.86666666666667,0.0,49.87629985809326
4.8,6.420416666666667,98.18333333333334,0.0,56.852454662323
4.9,6.13575,98.38333333333334,0.0,63.79007840156555
5.0,6.56275,98.05,0.0,70.68019556999207
5.1,5.91675,98.5,0.0,6.8761279582977295
5.2,5.887083333333333,98.43333333333332,0.0,13.725173234939575
5.3,6.302666666666667,98.11666666666666,0.0,20.57992720603943
5.4,6.070583333333333,98.3,0.0,27.386253833770752
5.5,6.185083333333333,98.21666666666667,0.0,34.185991525650024
5.6,5.9155,98.26666666666667,0.0,40.99187421798706
5.7,6.0695,98.15,0.0,47.73718214035034
5.8,5.918,98.33333333333333,0.0,54.47296404838562
5.9,5.7949166666666665,98.5,0.0,61.18058466911316
6.0,6.09375,98.26666666666667,0.0,67.84996175765991
6.1,5.453916666666666,98.66666666666667,0.0,6.58857536315918
6.2,5.683083333333333,98.51666666666667,0.0,13.118411302566528
6.3,5.407666666666667,98.63333333333333,0.0,19.60885453224182
6.4,5.2705,98.95,0.0,26.12634038925171
6.5,5.669333333333333,98.46666666666667,0.0,32.63204097747803
6.6,5.678833333333333,98.21666666666667,0.0,39.07897615432739
6.7,5.788833333333334,98.45,0.0,45.42309594154358
6.8,5.292583333333333,98.78333333333333,0.0,51.69827675819397
6.9,5.551583333333333,98.31666666666666,0.0,57.9745237827301
7.0,5.725083333333333,98.3,0.0,64.13574242591858
7.1,5.152583333333333,98.7,0.0,6.160916566848755
7.2,5.1755,98.8,0.0,12.327425956726074
7.3,5.36825,98.61666666666666,0.0,18.4682035446167
7.4,5.25825,98.65,0.0,24.61533522605896
7.5,5.35275,98.48333333333333,0.0,30.713564157485962
7.6,5.50075,98.73333333333333,0.0,36.81487417221069
7.7,5.200916666666667,98.86666666666667,0.0,42.86095094680786
7.8,5.365,98.75,0.0,48.87118411064148
7.9,5.216333333333333,98.65,0.0,54.91708326339722
8.0,5.526083333333333,98.41666666666666,0.0,61.023488998413086
8.1,5.069416666666666,98.78333333333333,0.0,6.045083522796631
8.2,5.3095,98.63333333333333,0.0,12.17683720588684
8.3,4.94525,99.06666666666666,0.0,18.295653581619263
8.4,5.054333333333333,98.91666666666666,0.0,24.398088455200195
8.5,5.011166666666667,98.83333333333333,0.0,30.39528512954712
8.6,5.227166666666666,98.61666666666666,0.0,36.46281814575195
8.7,4.921833333333334,98.85000000000001,0.0,42.466904163360596
8.8,5.004083333333333,99.18333333333334,0.0,48.50534009933472
8.9,5.19425,98.71666666666667,0.0,54.61120271682739
9.0,5.100333333333333,98.85000000000001,0.0,60.637587785720825
9.1,4.736,98.86666666666667,0.0,6.043213367462158
9.2,4.67025,99.03333333333333,0.0,11.928677797317505
9.3,4.5395,99.1,0.0,17.89293146133423
9.4,5.021833333333333,98.88333333333334,0.0,23.85136103630066
9.5,4.6985,98.81666666666666,0.0,29.81833791732788
9.6,4.697333333333333,99.05000000000001,0.0,35.71661567687988
9.7,4.801416666666666,98.63333333333333,0.0,41.689107179641724
9.8,4.599333333333333,99.0,0.0,47.55700612068176
9.9,4.569583333333333,98.88333333333334,0.0,53.415956258773804
10.0,4.637583333333334,98.91666666666666,0.0,59.28081512451172
