Epochs,Loss,Accuracy (%),Silent labels (%),Time (s)
0.1,59.9125,64.23333333333333,15.216666666666667,17.353516340255737
0.2,26.25808333333333,88.43333333333334,0.03333333333333333,35.817198038101196
0.3,19.959,92.15,0.0,53.093538761138916
0.4,17.441166666666668,93.10000000000001,0.0,69.20321655273438
0.5,15.63775,94.31666666666668,0.0,84.39647507667542
0.6,15.072083333333333,93.8,0.0,98.60458707809448
0.7,14.206333333333333,94.55,0.0,112.0072615146637
0.8,13.323166666666667,95.03333333333333,0.0,124.78066754341125
0.9,12.91425,95.16666666666667,0.0,136.99153852462769
1.0,12.50275,95.18333333333334,0.016666666666666666,148.7366693019867
1.1,11.372166666666667,96.08333333333333,0.0,11.27616000175476
1.2,11.06775,96.0,0.0,22.270214319229126
1.3,10.7735,96.06666666666666,0.0,33.046836614608765
1.4,10.497666666666667,96.41666666666666,0.016666666666666666,43.60777711868286
1.5,10.416833333333333,96.15,0.0,53.951292514801025
1.6,10.043,96.63333333333334,0.0,64.06080365180969
1.7,9.847916666666666,96.53333333333333,0.0,73.94999957084656
1.8,9.523166666666667,96.7,0.0,83.62970352172852
1.9,9.381416666666667,96.86666666666667,0.0,93.07089018821716
2.0,9.594416666666667,96.83333333333334,0.0,102.29544806480408
2.1,8.842083333333333,96.96666666666667,0.0,9.09725022315979
2.2,8.800666666666666,96.95,0.0,18.0748872756958
2.3,8.39,97.5,0.0,26.990450382232666
2.4,8.482,97.3,0.0,35.80036783218384
2.5,8.397916666666667,97.16666666666667,0.0,44.52031373977661
2.6,8.427916666666667,97.28333333333333,0.0,53.134950399398804
2.7,8.30525,97.15,0.0,61.597052574157715
2.8,8.007833333333334,97.41666666666666,0.0,70.00137519836426
2.9,8.062583333333333,97.33333333333334,0.0,78.337327003479
3.0,7.92575,97.58333333333333,0.0,86.59587335586548
3.1,7.545,97.43333333333334,0.0,8.156550884246826
3.2,7.226333333333334,98.2,0.0,16.218825340270996
3.3,7.424666666666667,97.68333333333334,0.0,24.2675142288208
3.4,7.361416666666667,97.78333333333333,0.0,32.2398567199707
3.5,7.559,97.66666666666667,0.0,40.153619050979614
3.6,7.283916666666666,97.63333333333334,0.0,48.02367901802063
3.7,7.29225,97.83333333333334,0.0,55.83361601829529
3.8,7.124583333333334,97.89999999999999,0.0,63.561859369277954
3.9,7.214916666666666,97.71666666666667,0.0,71.26803016662598
4.0,7.038916666666666,97.95,0.0,78.8924572467804
4.1,6.768833333333333,97.91666666666666,0.0,7.549645662307739
4.2,6.709416666666667,98.11666666666666,0.0,15.157083511352539
4.3,6.826833333333333,97.86666666666667,0.0,22.727231979370117
4.4,6.4645,98.1,0.0,30.215660095214844
4.5,6.7085,97.86666666666667,0.0,37.668190717697144
4.6,6.492333333333334,98.21666666666667,0.0,45.07490277290344
4.7,6.7195833333333335,97.76666666666667,0.0,52.46986794471741
4.8,6.454416666666667,98.2,0.0,59.801953077316284
4.9,6.181,98.36666666666667,0.0,67.12711358070374
5.0,6.6379166666666665,98.05,0.0,74.36896133422852
5.1,5.9325,98.45,0.0,7.193949937820435
5.2,5.906416666666667,98.43333333333332,0.0,14.389770984649658
5.3,6.3695,98.08333333333333,0.0,21.567846059799194
5.4,6.177583333333334,98.3,0.0,28.75142478942871
5.5,6.18525,98.2,0.0,35.89157009124756
5.6,5.933,98.41666666666666,0.0,42.95465445518494
5.7,6.1025,98.26666666666667,0.0,49.95589327812195
5.8,5.986416666666667,98.33333333333333,0.0,56.93015766143799
5.9,5.813416666666667,98.56666666666666,0.0,63.88721704483032
6.0,6.12125,98.21666666666667,0.0,70.82529830932617
6.1,5.46725,98.61666666666666,0.0,6.9210429191589355
6.2,5.7645,98.43333333333332,0.0,13.835658311843872
6.3,5.491083333333333,98.71666666666667,0.0,20.73018527030945
6.4,5.347833333333333,99.06666666666666,0.0,27.62185788154602
6.5,5.753916666666667,98.36666666666667,0.0,34.47376537322998
6.6,5.759166666666666,98.31666666666666,0.0,41.298341512680054
6.7,5.933166666666667,98.38333333333334,0.0,48.10445261001587
6.8,5.408083333333333,98.68333333333334,0.0,54.85774564743042
6.9,5.657666666666667,98.18333333333334,0.0,61.63964605331421
7.0,5.8429166666666665,98.36666666666667,0.0,68.41477465629578
7.1,5.226416666666666,98.9,0.0,6.783313512802124
7.2,5.211333333333333,98.83333333333333,0.0,13.522495985031128
7.3,5.398833333333333,98.61666666666666,0.0,20.230654001235962
7.4,5.2876666666666665,98.63333333333333,0.0,26.887908935546875
7.5,5.389583333333333,98.45,0.0,33.51372694969177
7.6,5.461,98.58333333333333,0.0,40.09985399246216
7.7,5.113666666666667,98.86666666666667,0.0,46.69551372528076
7.8,5.247916666666667,98.86666666666667,0.0,53.25041341781616
7.9,5.117333333333334,98.68333333333334,0.0,59.86336946487427
8.0,5.427333333333333,98.4,0.0,66.44144296646118
8.1,4.92725,98.68333333333334,0.0,6.518525123596191
8.2,5.186416666666666,98.63333333333333,0.0,13.053212642669678
8.3,4.856,99.13333333333333,0.0,19.575132608413696
8.4,5.027083333333334,98.81666666666666,0.0,26.086915493011475
8.5,4.938916666666667,98.88333333333334,0.0,32.64273023605347
8.6,5.067083333333334,98.46666666666667,0.0,39.145779609680176
8.7,4.832916666666667,98.9,0.0,45.6072142124176
8.8,4.970083333333333,99.1,0.0,52.087642669677734
8.9,5.135666666666666,98.73333333333333,0.0,58.518595933914185
9.0,5.058166666666667,98.81666666666666,0.0,64.92948889732361
9.1,4.723916666666667,98.95,0.0,6.420625686645508
9.2,4.64575,98.95,0.0,12.766988277435303
9.3,4.631,99.18333333333334,0.0,19.135351419448853
9.4,5.035,98.83333333333333,0.0,25.496156215667725
9.5,4.76075,99.0,0.0,31.84233832359314
9.6,4.7629166666666665,99.01666666666667,0.0,38.16245627403259
9.7,4.9031666666666665,98.75,0.0,44.46842551231384
9.8,4.683916666666667,99.01666666666667,0.0,50.785736083984375
9.9,4.6465,98.91666666666666,0.0,57.060460567474365
10.0,4.637166666666666,98.85000000000001,0.0,63.36689329147339
