Epochs,Loss,Accuracy (%),Silent labels (%),Time (s)
0.1,63.44125,61.916666666666664,18.116666666666667,17.337044715881348
0.2,26.909583333333334,87.93333333333334,0.03333333333333333,35.91396164894104
0.3,20.09975,92.25,0.0,53.39833974838257
0.4,17.5955,92.91666666666667,0.0,69.68967485427856
0.5,15.691916666666666,94.08333333333333,0.0,84.85673308372498
0.6,15.124666666666666,93.93333333333334,0.0,98.91842460632324
0.7,14.262916666666667,94.75,0.0,112.25479078292847
0.8,13.36925,95.19999999999999,0.0,124.96698379516602
0.9,12.978083333333334,95.13333333333334,0.0,137.16056418418884
1.0,12.542833333333334,95.21666666666667,0.0,148.94327783584595
1.1,11.422083333333333,95.89999999999999,0.0,11.367023706436157
1.2,11.142416666666668,95.93333333333334,0.0,22.579416275024414
1.3,10.877083333333333,95.76666666666667,0.0,33.512181997299194
1.4,10.538333333333334,96.31666666666666,0.0,44.074655055999756
1.5,10.415333333333333,96.13333333333334,0.0,54.439377546310425
1.6,10.075583333333332,96.53333333333333,0.0,64.67789363861084
1.7,9.841833333333334,96.68333333333334,0.0,74.66594457626343
1.8,9.58525,96.65,0.0,84.46551156044006
1.9,9.39,96.95,0.0,93.99552917480469
2.0,9.615916666666667,96.73333333333333,0.016666666666666666,103.32026934623718
2.1,8.843916666666667,97.16666666666667,0.0,9.243874073028564
2.2,8.88775,96.76666666666667,0.0,18.41467833518982
2.3,8.401416666666666,97.43333333333334,0.0,27.383792638778687
2.4,8.459166666666667,97.35000000000001,0.0,36.20921969413757
2.5,8.472416666666666,97.13333333333334,0.0,44.97343897819519
2.6,8.488083333333334,97.26666666666667,0.0,53.58390974998474
2.7,8.37175,97.23333333333333,0.0,62.01682782173157
2.8,8.029833333333332,97.46666666666667,0.0,70.32113194465637
2.9,8.04975,97.45,0.0,78.54784965515137
3.0,7.98175,97.5,0.0,86.64846992492676
3.1,7.54775,97.48333333333333,0.0,8.015593767166138
3.2,7.26925,98.16666666666667,0.0,15.953529834747314
3.3,7.465416666666667,97.7,0.0,23.90410614013672
3.4,7.427416666666667,97.71666666666667,0.0,31.84182047843933
3.5,7.569083333333333,97.56666666666666,0.0,39.69459295272827
3.6,7.290166666666667,97.76666666666667,0.0,47.523874044418335
3.7,7.230166666666666,97.76666666666667,0.0,55.23367094993591
3.8,7.116416666666667,97.83333333333334,0.0,62.944443464279175
3.9,7.220916666666667,97.78333333333333,0.0,70.59144711494446
4.0,7.083583333333333,97.95,0.0,78.18983936309814
4.1,6.793083333333334,97.91666666666666,0.0,7.529137134552002
4.2,6.75725,98.08333333333333,0.0,15.078824520111084
4.3,6.831666666666667,97.95,0.0,22.56562352180481
4.4,6.49075,98.2,0.0,29.957369089126587
4.5,6.740666666666667,98.05,0.0,37.30124115943909
4.6,6.560083333333333,98.18333333333334,0.0,44.59375977516174
4.7,6.814416666666666,97.7,0.0,51.89261555671692
4.8,6.538333333333333,98.06666666666666,0.0,59.14655613899231
4.9,6.208583333333333,98.55000000000001,0.0,66.35556483268738
5.0,6.635916666666667,98.15,0.0,73.50666952133179
5.1,5.949916666666667,98.38333333333334,0.0,7.121339559555054
5.2,5.950833333333334,98.4,0.0,14.250591039657593
5.3,6.4725,98.13333333333333,0.0,21.405646085739136
5.4,6.150083333333333,98.21666666666667,0.0,28.567333459854126
5.5,6.264666666666667,98.21666666666667,0.0,35.674511671066284
5.6,6.022666666666667,98.36666666666667,0.0,42.750099658966064
5.7,6.1280833333333335,98.15,0.0,49.769232988357544
5.8,6.0055,98.51666666666667,0.0,56.79130434989929
5.9,5.848833333333333,98.45,0.0,63.773842096328735
6.0,6.1939166666666665,98.21666666666667,0.0,70.68086242675781
6.1,5.543666666666667,98.56666666666666,0.0,6.901913404464722
6.2,5.801916666666667,98.41666666666666,0.0,13.819533109664917
6.3,5.517083333333333,98.65,0.0,20.734872341156006
6.4,5.3425,98.95,0.0,27.595057725906372
6.5,5.756583333333333,98.48333333333333,0.0,34.41441011428833
6.6,5.827833333333333,98.3,0.0,41.22418403625488
6.7,5.923333333333333,98.43333333333332,0.0,48.02229070663452
6.8,5.451583333333334,98.75,0.0,54.76303696632385
6.9,6.0625,98.26666666666667,0.0,61.47131967544556
7.0,5.981166666666667,98.31666666666666,0.0,68.16897559165955
7.1,5.3133333333333335,98.85000000000001,0.0,6.719265699386597
7.2,5.197416666666666,98.8,0.0,13.430829524993896
7.3,5.54,98.7,0.0,20.127089023590088
7.4,5.335333333333334,98.55000000000001,0.0,26.763494729995728
7.5,5.397,98.56666666666666,0.0,33.394007444381714
7.6,5.50775,98.68333333333334,0.0,39.96461772918701
7.7,5.142666666666667,98.73333333333333,0.0,46.54816436767578
7.8,5.284,98.83333333333333,0.0,53.13267374038696
7.9,5.228666666666666,98.66666666666667,0.0,59.71736454963684
8.0,5.38875,98.53333333333333,0.0,66.24987316131592
8.1,4.928833333333333,98.7,0.0,6.550137758255005
8.2,5.180666666666666,98.58333333333333,0.0,13.051088094711304
8.3,4.8745,99.03333333333333,0.0,19.5346941947937
8.4,5.03975,98.96666666666667,0.0,26.00282096862793
8.5,5.001416666666667,98.91666666666666,0.0,32.49532389640808
8.6,5.168083333333334,98.63333333333333,0.0,38.960834980010986
8.7,4.91675,98.9,0.0,45.35288667678833
8.8,4.985416666666667,99.06666666666666,0.0,51.78237533569336
8.9,5.17325,98.7,0.0,58.18001985549927
9.0,5.149,98.71666666666667,0.0,64.58273553848267
9.1,4.7603333333333335,98.93333333333332,0.0,6.333417654037476
9.2,4.703833333333334,99.0,0.0,12.57773470878601
9.3,4.6845,99.18333333333334,0.0,18.858399868011475
9.4,5.135916666666667,98.9,0.0,25.149972200393677
9.5,4.828666666666667,98.98333333333333,0.0,31.46670413017273
9.6,4.769416666666666,98.98333333333333,0.0,37.68090295791626
9.7,4.99675,98.56666666666666,0.0,43.97059202194214
9.8,4.74225,99.0,0.0,50.19077396392822
9.9,4.7255,98.98333333333333,0.0,56.347617387771606
10.0,4.744416666666667,98.96666666666667,0.0,62.45891499519348
