Epochs,Loss,Accuracy (%),Silent labels (%),Time (s)
0.1,70.49408333333334,57.13333333333333,25.966666666666665,17.55131459236145
0.2,38.2835,80.36666666666666,6.216666666666667,36.50106143951416
0.3,23.9765,90.9,0.0,54.96396493911743
0.4,24.2,90.48333333333333,0.0,72.96434164047241
0.5,24.8165,90.43333333333334,0.0,90.23432183265686
0.6,26.113416666666666,88.96666666666667,0.016666666666666666,107.10334515571594
0.7,26.845666666666666,88.03333333333333,0.016666666666666666,123.48704624176025
0.8,28.27825,86.85000000000001,0.0,139.17601490020752
0.9,28.713583333333332,86.5,0.0,154.34170246124268
1.0,30.142583333333334,85.11666666666666,0.016666666666666666,169.22921562194824
1.1,30.970083333333335,83.53333333333333,0.0,14.520516395568848
1.2,31.813333333333333,81.83333333333334,0.0,28.846652269363403
1.3,32.982,81.13333333333334,0.0,43.010090351104736
1.4,33.625166666666665,79.98333333333333,0.0,56.938841104507446
1.5,33.86633333333333,79.26666666666667,0.016666666666666666,70.59812045097351
1.6,35.20133333333333,77.78333333333333,0.0,84.09943795204163
1.7,36.37741666666667,76.85,0.0,97.29948735237122
1.8,36.719,76.1,0.0,110.30671501159668
1.9,37.657,73.88333333333334,0.016666666666666666,123.00097346305847
2.0,37.8935,74.15,0.0,135.628075838089
2.1,38.54683333333333,72.86666666666667,0.0,12.322390794754028
2.2,38.84616666666667,72.15,0.0,24.592506885528564
2.3,38.75183333333333,72.11666666666666,0.0,36.74732708930969
2.4,39.4055,71.05,0.0,48.70576810836792
2.5,40.408,69.08333333333333,0.0,60.6464569568634
2.6,39.782333333333334,69.65,0.0,72.42039775848389
2.7,39.87566666666667,69.81666666666668,0.0,84.1501898765564
2.8,40.79091666666667,67.98333333333333,0.0,95.92252707481384
2.9,41.53908333333333,66.81666666666666,0.0,107.39685559272766
3.0,41.502916666666664,67.9,0.0,118.74936079978943
3.1,41.982416666666666,66.25,0.0,11.096252679824829
3.2,42.96633333333333,65.08333333333334,0.0,22.18697714805603
3.3,42.61216666666667,64.66666666666666,0.0,33.24684810638428
3.4,41.58275,66.56666666666666,0.0,44.090187311172485
3.5,41.89191666666667,65.51666666666667,0.0,54.831281423568726
3.6,43.08591666666667,63.28333333333334,0.0,65.54475331306458
3.7,43.56008333333333,62.68333333333334,0.0,76.24392223358154
3.8,43.40675,62.64999999999999,0.0,86.79898309707642
3.9,43.87866666666667,62.18333333333334,0.0,97.3296971321106
4.0,43.499916666666664,62.23333333333333,0.0,107.82861542701721
4.1,44.58208333333334,60.68333333333334,0.0,10.366230964660645
4.2,43.88783333333333,60.983333333333334,0.0,20.74122905731201
4.3,45.06433333333333,59.71666666666666,0.0,30.997421503067017
4.4,45.065,59.550000000000004,0.0,41.2063262462616
4.5,45.46183333333333,59.03333333333334,0.0,51.356979846954346
4.6,45.13708333333334,59.050000000000004,0.0,61.49280023574829
4.7,45.00325,59.8,0.0,71.54966259002686
4.8,45.935583333333334,58.58333333333333,0.0,81.61571383476257
4.9,44.91266666666667,59.0,0.0,91.54951286315918
5.0,45.145583333333335,59.050000000000004,0.0,101.46751618385315
5.1,45.873583333333336,58.21666666666667,0.0,9.768917798995972
5.2,46.400166666666664,57.41666666666667,0.0,19.60534644126892
5.3,46.90233333333333,56.95,0.0,29.354482173919678
5.4,46.98741666666667,55.53333333333333,0.016666666666666666,38.94727802276611
5.5,46.06666666666667,57.49999999999999,0.0,48.66624641418457
5.6,46.25983333333333,56.45,0.0,58.28459095954895
5.7,46.08408333333333,57.3,0.0,67.78904700279236
5.8,46.57825,56.71666666666667,0.0,77.34179019927979
5.9,46.1435,57.38333333333333,0.0,86.79308748245239
6.0,46.69858333333333,56.85,0.0,96.18635416030884
6.1,45.671166666666664,58.050000000000004,0.0,9.291367053985596
6.2,46.60658333333333,56.81666666666667,0.0,18.55599093437195
6.3,46.441583333333334,56.599999999999994,0.0,27.723796367645264
6.4,45.76725,57.91666666666667,0.0,36.92358040809631
6.5,45.84608333333333,57.63333333333334,0.016666666666666666,46.10965394973755
6.6,45.74333333333333,57.766666666666666,0.016666666666666666,55.26016592979431
6.7,45.20025,59.08333333333333,0.0,64.32734560966492
6.8,46.5725,57.116666666666674,0.0,73.30755186080933
6.9,46.535833333333336,57.63333333333334,0.0,82.25602126121521
7.0,45.15241666666667,59.66666666666667,0.0,91.18399453163147
7.1,45.15141666666667,58.86666666666667,0.0,8.86969542503357
7.2,45.20375,58.46666666666667,0.0,17.739184141159058
7.3,44.86383333333333,59.099999999999994,0.0,26.54666304588318
7.4,44.79858333333333,58.833333333333336,0.0,35.332523345947266
7.5,44.09341666666667,59.3,0.0,44.124451875686646
7.6,45.255583333333334,58.3,0.0,52.84795904159546
7.7,45.15525,58.166666666666664,0.0,61.542729139328
7.8,44.73566666666667,58.45,0.0,70.14911961555481
7.9,43.940916666666666,59.483333333333334,0.0,78.69354557991028
8.0,44.1875,58.63333333333334,0.0,87.25312399864197
8.1,44.07866666666666,59.81666666666666,0.0,8.533060789108276
8.2,43.032833333333336,60.93333333333333,0.0,17.14186978340149
8.3,44.17341666666667,58.599999999999994,0.0,25.698899507522583
8.4,43.51175,59.86666666666667,0.0,34.28616189956665
8.5,43.91,57.96666666666667,0.0,42.80130743980408
8.6,44.74766666666667,58.01666666666667,0.0,51.305392265319824
8.7,43.494,60.050000000000004,0.0,59.8235068321228
8.8,44.02041666666667,58.36666666666667,0.0,68.30779218673706
8.9,44.29325,58.06666666666666,0.0,76.73707628250122
9.0,43.53616666666667,59.550000000000004,0.0,85.04458379745483
9.1,43.60241666666667,59.699999999999996,0.0,8.30363655090332
9.2,43.004666666666665,60.516666666666666,0.0,16.623332500457764
9.3,43.32833333333333,59.050000000000004,0.0,25.010729789733887
9.4,42.77975,59.416666666666664,0.0,33.362576723098755
9.5,42.514833333333335,59.43333333333334,0.0,41.68683481216431
9.6,42.987,59.233333333333334,0.0,49.947649240493774
9.7,42.118916666666664,59.96666666666667,0.0,58.18177843093872
9.8,43.213,58.733333333333334,0.0,66.44176006317139
9.9,42.2595,60.18333333333333,0.0,74.62080550193787
10.0,40.90375,62.2,0.0,82.82609033584595
