Epochs,Loss,Accuracy (%),Silent labels (%),Time (s)
0.1,57.75066666666667,65.64999999999999,13.200000000000001,17.350260496139526
0.2,26.0055,88.88333333333334,0.08333333333333334,35.71132445335388
0.3,19.964,92.30000000000001,0.016666666666666666,52.75945711135864
0.4,17.42375,93.03333333333333,0.0,68.76263213157654
0.5,15.654833333333332,94.28333333333333,0.016666666666666666,84.00945448875427
0.6,15.101916666666666,94.0,0.0,98.31222081184387
0.7,14.252083333333333,94.58333333333333,0.0,112.07117319107056
0.8,13.34425,95.21666666666667,0.0,125.11687660217285
0.9,12.921833333333334,95.13333333333334,0.0,137.53552985191345
1.0,12.493833333333333,95.36666666666666,0.016666666666666666,149.32592487335205
1.1,11.372833333333332,96.18333333333334,0.0,11.43298602104187
1.2,11.164,95.86666666666666,0.016666666666666666,22.598884105682373
1.3,10.888583333333333,95.78333333333333,0.0,33.490113496780396
1.4,10.537833333333333,96.48333333333333,0.0,44.191734075546265
1.5,10.440416666666666,96.25,0.0,54.59681224822998
1.6,10.0395,96.68333333333334,0.0,64.68694472312927
1.7,9.845833333333333,96.51666666666667,0.0,74.56490993499756
1.8,9.589166666666667,96.71666666666667,0.0,84.26185536384583
1.9,9.452333333333334,96.93333333333334,0.0,93.77779626846313
2.0,9.671666666666667,96.71666666666667,0.0,103.10844111442566
2.1,8.845833333333333,97.16666666666667,0.0,9.138747453689575
2.2,8.861083333333333,96.89999999999999,0.0,18.222364902496338
2.3,8.358166666666667,97.55,0.0,27.203472137451172
2.4,8.50375,97.26666666666667,0.0,36.14566469192505
2.5,8.45775,97.15,0.0,45.022151708602905
2.6,8.501,97.28333333333333,0.0,53.77381086349487
2.7,8.336666666666666,97.13333333333334,0.0,62.31372666358948
2.8,8.067166666666667,97.3,0.0,70.80553412437439
2.9,8.044,97.35000000000001,0.0,79.144766330719
3.0,7.958,97.45,0.0,87.35875749588013
3.1,7.557083333333333,97.45,0.016666666666666666,8.118595600128174
3.2,7.232166666666667,98.16666666666667,0.0,16.148277521133423
3.3,7.472083333333333,97.76666666666667,0.0,24.17482304573059
3.4,7.4215,97.63333333333334,0.0,32.153531074523926
3.5,7.594166666666666,97.63333333333334,0.0,40.010600090026855
3.6,7.321833333333333,97.8,0.0,47.79727220535278
3.7,7.281166666666667,97.78333333333333,0.0,55.51032471656799
3.8,7.157666666666667,97.86666666666667,0.0,63.19062423706055
3.9,7.269666666666667,97.8,0.0,70.80532431602478
4.0,7.089,97.96666666666667,0.0,78.35248851776123
4.1,7.074166666666667,97.8,0.0,7.446383476257324
4.2,6.8540833333333335,98.05,0.0,14.839906930923462
4.3,6.826,97.91666666666666,0.0,22.241668462753296
4.4,6.512833333333333,98.18333333333334,0.0,29.642635107040405
4.5,6.771916666666667,97.85000000000001,0.0,37.01391673088074
4.6,6.588666666666667,98.03333333333333,0.0,44.30349254608154
4.7,6.8145,97.73333333333333,0.0,51.601598262786865
4.8,6.48775,98.13333333333333,0.0,58.82836890220642
4.9,6.27975,98.53333333333333,0.0,66.0220263004303
5.0,6.675583333333333,98.0,0.0,73.19198107719421
5.1,5.9825,98.48333333333333,0.0,7.123222589492798
5.2,5.963583333333333,98.36666666666667,0.0,14.212202548980713
5.3,6.4615,98.08333333333333,0.0,21.35231304168701
5.4,6.23225,98.15,0.0,28.433295011520386
5.5,6.2651666666666666,98.28333333333333,0.0,35.48666262626648
5.6,6.003333333333333,98.3,0.0,42.51444673538208
5.7,6.136416666666666,98.18333333333334,0.0,49.5225043296814
5.8,6.03525,98.35000000000001,0.016666666666666666,56.53768348693848
5.9,5.879166666666666,98.51666666666667,0.0,63.56875395774841
6.0,6.1705,98.1,0.0,70.54905200004578
6.1,5.50675,98.46666666666667,0.0,6.944565773010254
6.2,5.747583333333333,98.45,0.0,13.817153453826904
6.3,5.5168333333333335,98.55000000000001,0.0,20.679049968719482
6.4,5.38875,98.95,0.0,27.555509090423584
6.5,5.777666666666667,98.4,0.0,34.425520181655884
6.6,5.781583333333334,98.31666666666666,0.0,41.23835039138794
6.7,5.918333333333333,98.43333333333332,0.0,48.022010803222656
6.8,5.427416666666667,98.56666666666666,0.0,54.7918860912323
6.9,5.64275,98.25,0.016666666666666666,61.51575469970703
7.0,5.8315,98.3,0.0,68.24718451499939
7.1,5.25225,98.76666666666667,0.0,6.710745096206665
7.2,5.222583333333334,98.71666666666667,0.0,13.366159200668335
7.3,5.453416666666667,98.56666666666666,0.0,20.01848602294922
7.4,5.3036666666666665,98.56666666666666,0.0,26.617182970046997
7.5,5.323583333333334,98.46666666666667,0.0,33.19880414009094
7.6,5.4215,98.61666666666666,0.0,39.78644394874573
7.7,5.123166666666667,98.66666666666667,0.0,46.350382566452026
7.8,5.2795,98.8,0.0,52.933709383010864
7.9,5.147666666666667,98.61666666666666,0.0,59.534900188446045
8.0,5.418666666666667,98.38333333333334,0.0,66.07757091522217
8.1,4.9504166666666665,98.7,0.0,6.497621059417725
8.2,5.1345833333333335,98.63333333333333,0.0,13.014056205749512
8.3,4.896916666666667,98.86666666666667,0.016666666666666666,19.534192323684692
8.4,4.940666666666667,98.98333333333333,0.0,26.051053762435913
8.5,4.95225,98.78333333333333,0.0,32.56514763832092
8.6,5.141666666666667,98.45,0.0,39.040162801742554
8.7,4.861166666666667,98.95,0.0,45.50883984565735
8.8,4.910666666666667,99.1,0.0,51.95545220375061
8.9,5.121583333333334,98.68333333333334,0.0,58.36172437667847
9.0,5.134833333333333,98.7,0.0,64.76539254188538
9.1,4.712833333333333,98.85000000000001,0.0,6.407798528671265
9.2,4.61625,99.05000000000001,0.0,12.808571577072144
9.3,4.585916666666667,99.16666666666667,0.0,19.217042922973633
9.4,5.068083333333333,98.81666666666666,0.0,25.59141731262207
9.5,4.705916666666667,98.95,0.0,32.01640844345093
9.6,4.729416666666666,99.01666666666667,0.0,38.39998722076416
9.7,4.899916666666667,98.63333333333333,0.0,44.75373721122742
9.8,4.651583333333333,99.06666666666666,0.0,51.10101795196533
9.9,4.65525,98.78333333333333,0.016666666666666666,57.446656227111816
10.0,4.6723333333333334,98.8,0.0,63.81378483772278
