Epochs,Loss,Accuracy (%),Silent labels (%),Time (s)
0.1,60.45458333333333,63.849999999999994,15.733333333333333,17.236895322799683
0.2,26.3265,88.53333333333333,0.06666666666666667,35.402397871017456
0.3,19.937916666666666,92.08333333333333,0.0,52.0916645526886
0.4,17.463,92.93333333333334,0.0,67.70196199417114
0.5,15.67975,94.11666666666667,0.0,82.19444751739502
0.6,15.09025,93.88333333333333,0.0,95.7953531742096
0.7,14.172666666666666,94.76666666666667,0.0,108.83140063285828
0.8,13.3435,94.93333333333334,0.0,121.2930064201355
0.9,12.884833333333333,95.1,0.0,133.25267887115479
1.0,12.476083333333333,95.38333333333333,0.016666666666666666,144.78291296958923
1.1,11.401083333333334,95.96666666666667,0.0,11.180294275283813
1.2,11.128916666666667,95.96666666666667,0.0,22.066951751708984
1.3,10.86425,95.89999999999999,0.0,32.76355600357056
1.4,10.556583333333334,96.39999999999999,0.0,43.167662382125854
1.5,10.393416666666667,96.18333333333334,0.0,53.33324337005615
1.6,10.091333333333333,96.53333333333333,0.0,63.28779911994934
1.7,9.848166666666666,96.45,0.0,72.99459743499756
1.8,9.646,96.61666666666666,0.016666666666666666,82.52042198181152
1.9,9.410666666666666,96.89999999999999,0.016666666666666666,91.77857661247253
2.0,9.664166666666667,96.55,0.0,100.96327304840088
2.1,8.898166666666667,96.96666666666667,0.0,8.980530738830566
2.2,8.83825,97.01666666666667,0.0,17.83823823928833
2.3,8.40525,97.41666666666666,0.0,26.5716769695282
2.4,8.501916666666666,97.31666666666666,0.0,35.16424632072449
2.5,8.38075,97.18333333333334,0.0,43.66615843772888
2.6,8.54375,97.25,0.0,52.09562110900879
2.7,8.334416666666666,97.16666666666667,0.0,60.45165705680847
2.8,8.032333333333334,97.36666666666667,0.0,68.70942616462708
2.9,8.083666666666666,97.38333333333333,0.0,76.90881752967834
3.0,7.983583333333334,97.53333333333333,0.0,85.03513026237488
3.1,7.5825,97.38333333333333,0.0,7.9789206981658936
3.2,7.238416666666667,98.01666666666667,0.0,15.869163990020752
3.3,7.511083333333334,97.65,0.0,23.74034833908081
3.4,7.398833333333333,97.73333333333333,0.0,31.592986583709717
3.5,7.601333333333334,97.61666666666666,0.0,39.344926595687866
3.6,7.303916666666667,97.73333333333333,0.0,47.07972311973572
3.7,7.323833333333333,97.73333333333333,0.0,54.71963286399841
3.8,7.1545,97.89999999999999,0.0,62.35228657722473
3.9,7.278333333333333,97.71666666666667,0.0,69.9043378829956
4.0,7.096166666666667,97.86666666666667,0.0,77.4438087940216
4.1,6.82025,97.98333333333333,0.0,7.463121652603149
4.2,6.671,98.2,0.0,14.949559688568115
4.3,6.880416666666667,97.8,0.0,22.414111614227295
4.4,6.440083333333333,98.26666666666667,0.0,29.79604172706604
4.5,6.69925,97.81666666666666,0.0,37.155547857284546
4.6,6.486666666666666,98.15,0.0,44.456976652145386
4.7,6.766333333333334,97.7,0.0,51.75209403038025
4.8,6.4928333333333335,98.08333333333333,0.0,58.98159456253052
4.9,6.244833333333333,98.53333333333333,0.0,66.20951771736145
5.0,6.606,97.96666666666667,0.0,73.38941645622253
5.1,5.95275,98.53333333333333,0.0,7.12433934211731
5.2,5.979333333333333,98.51666666666667,0.0,14.248635530471802
5.3,6.393083333333333,98.11666666666666,0.0,21.38685965538025
5.4,6.19575,98.33333333333333,0.0,28.483461380004883
5.5,6.179833333333334,98.26666666666667,0.0,35.52726721763611
5.6,5.949416666666667,98.41666666666666,0.0,42.58150506019592
5.7,6.0575,98.16666666666667,0.0,49.57220721244812
5.8,5.999083333333333,98.5,0.0,56.53323745727539
5.9,5.866333333333333,98.45,0.0,63.44247317314148
6.0,6.2135,98.2,0.0,70.28437995910645
6.1,5.4366666666666665,98.5,0.0,6.89352822303772
6.2,5.81025,98.46666666666667,0.0,13.730391025543213
6.3,5.492,98.73333333333333,0.0,20.53837561607361
6.4,5.369833333333333,99.03333333333333,0.0,27.354886531829834
6.5,5.777416666666666,98.45,0.0,34.165729999542236
6.6,5.775333333333333,98.38333333333334,0.0,40.94110989570618
6.7,5.925666666666666,98.3,0.0,47.66330552101135
6.8,5.413583333333333,98.63333333333333,0.0,54.416375160217285
6.9,5.637833333333333,98.38333333333334,0.0,61.13178873062134
7.0,5.8133333333333335,98.36666666666667,0.0,67.85709881782532
7.1,5.255333333333334,98.88333333333334,0.0,6.7224280834198
7.2,5.191416666666667,98.81666666666666,0.0,13.445871829986572
7.3,5.485666666666667,98.68333333333334,0.0,20.149775743484497
7.4,5.307916666666666,98.73333333333333,0.0,26.827229022979736
7.5,5.39275,98.6,0.0,33.44645810127258
7.6,5.494,98.61666666666666,0.0,40.01325583457947
7.7,5.201,98.68333333333334,0.0,46.59747385978699
7.8,5.2485,98.85000000000001,0.0,53.080180644989014
7.9,5.1715,98.68333333333334,0.0,59.60990023612976
8.0,5.372333333333334,98.45,0.0,66.1211040019989
8.1,4.974583333333333,98.75,0.0,6.4755566120147705
8.2,5.162166666666667,98.63333333333333,0.0,12.914037704467773
8.3,4.863,98.95,0.0,19.378559827804565
8.4,5.0088333333333335,98.86666666666667,0.0,25.824636459350586
8.5,4.924916666666666,98.98333333333333,0.0,32.22639989852905
8.6,5.120166666666667,98.55000000000001,0.0,38.63508653640747
8.7,4.866083333333333,98.95,0.0,45.00655007362366
8.8,4.932833333333333,99.11666666666666,0.0,51.39949297904968
8.9,5.1535,98.71666666666667,0.0,57.69820737838745
9.0,5.150333333333333,98.81666666666666,0.0,63.97025537490845
9.1,4.769583333333333,98.93333333333332,0.0,6.254367113113403
9.2,4.656416666666667,98.98333333333333,0.0,12.422527551651001
9.3,4.677833333333333,99.08333333333333,0.0,18.62122416496277
9.4,5.103083333333333,98.85000000000001,0.0,24.825233459472656
9.5,4.779,98.98333333333333,0.0,31.05041766166687
9.6,4.757083333333333,99.0,0.0,37.1425359249115
9.7,4.898833333333333,98.6,0.0,43.23133158683777
9.8,4.698666666666667,99.01666666666667,0.0,49.36618256568909
9.9,4.678333333333334,98.9,0.0,55.33692789077759
10.0,4.674833333333333,98.93333333333332,0.0,61.38137936592102
