Epochs,Loss,Accuracy (%),Silent labels (%),Time (s)
0.1,57.96391666666667,65.64999999999999,13.433333333333334,17.490240573883057
0.2,26.0435,88.53333333333333,0.05,36.20226335525513
0.3,19.862416666666668,92.35,0.0,53.50046420097351
0.4,17.31975,93.25,0.0,69.5055160522461
0.5,15.5765,94.41666666666667,0.0,84.5580358505249
0.6,15.11025,94.08333333333333,0.0,98.76360940933228
0.7,14.2475,94.56666666666666,0.0,112.30652356147766
0.8,13.298166666666667,95.01666666666667,0.0,125.12684559822083
0.9,12.924,95.16666666666667,0.0,137.28333187103271
1.0,12.4815,95.23333333333333,0.0,148.906804561615
1.1,11.390666666666666,96.03333333333333,0.0,11.266653537750244
1.2,11.043666666666667,95.98333333333333,0.0,22.252724409103394
1.3,10.842416666666667,95.86666666666666,0.0,33.0103600025177
1.4,10.523666666666667,96.16666666666667,0.0,43.50851607322693
1.5,10.438083333333333,96.13333333333334,0.0,53.75344157218933
1.6,10.13625,96.55,0.0,63.76217699050903
1.7,9.86825,96.53333333333333,0.0,73.47295117378235
1.8,9.594833333333334,96.6,0.0,83.04805564880371
1.9,9.447166666666666,96.93333333333334,0.0,92.43619704246521
2.0,9.660916666666667,96.66666666666667,0.0,101.65707159042358
2.1,8.865166666666667,96.98333333333333,0.0,9.02927565574646
2.2,8.783666666666667,96.88333333333333,0.0,17.942492485046387
2.3,8.447583333333334,97.45,0.0,26.765851259231567
2.4,8.572583333333334,97.28333333333333,0.0,35.459681272506714
2.5,8.45575,97.26666666666667,0.0,43.985259771347046
2.6,8.483916666666667,97.21666666666667,0.0,52.405280113220215
2.7,8.316833333333333,97.11666666666666,0.0,60.60762071609497
2.8,8.025583333333334,97.55,0.016666666666666666,68.73324251174927
2.9,8.0455,97.41666666666666,0.0,76.79066777229309
3.0,7.919583333333334,97.51666666666667,0.0,84.73294138908386
3.1,7.573416666666667,97.53333333333333,0.0,7.859864711761475
3.2,7.241666666666666,98.01666666666667,0.0,15.707415580749512
3.3,7.456083333333333,97.63333333333334,0.0,23.561949729919434
3.4,7.393,97.66666666666667,0.0,31.357250213623047
3.5,7.5441666666666665,97.63333333333334,0.0,39.11624097824097
3.6,7.257333333333333,97.81666666666666,0.0,46.81291460990906
3.7,7.194583333333333,97.8,0.0,54.42216992378235
3.8,7.0775,97.88333333333334,0.0,62.00074124336243
3.9,7.226833333333333,97.66666666666667,0.0,69.54681301116943
4.0,7.0935,97.7,0.0,77.02005338668823
4.1,6.770833333333333,97.93333333333332,0.0,7.4135754108428955
4.2,6.692833333333334,98.08333333333333,0.0,14.812884092330933
4.3,6.822666666666667,97.88333333333334,0.0,22.191770792007446
4.4,6.478833333333333,98.15,0.0,29.49999499320984
4.5,6.661416666666667,97.89999999999999,0.0,36.794644832611084
4.6,6.506166666666667,98.18333333333334,0.0,44.03245544433594
4.7,6.765,97.83333333333334,0.0,51.237929582595825
4.8,6.485416666666667,98.21666666666667,0.0,58.4050178527832
4.9,6.2135,98.41666666666666,0.0,65.52892184257507
5.0,6.601833333333333,98.01666666666667,0.0,72.62295889854431
5.1,5.919666666666667,98.43333333333332,0.0,7.036794185638428
5.2,5.933333333333334,98.43333333333332,0.0,14.058801889419556
5.3,6.439,98.1,0.0,21.053796529769897
5.4,6.173166666666667,98.36666666666667,0.0,28.046172380447388
5.5,6.231916666666667,98.2,0.0,35.022592306137085
5.6,5.961,98.38333333333334,0.0,41.98073887825012
5.7,6.069166666666667,98.21666666666667,0.0,48.893229722976685
5.8,5.99075,98.41666666666666,0.0,55.74362254142761
5.9,5.837666666666666,98.48333333333333,0.016666666666666666,62.58939290046692
6.0,6.1405,98.28333333333333,0.0,69.41907453536987
6.1,5.486,98.55000000000001,0.0,6.819010257720947
6.2,5.718166666666667,98.48333333333333,0.0,13.604966163635254
6.3,5.486166666666667,98.55000000000001,0.0,20.34193444252014
6.4,5.367333333333334,98.95,0.0,27.11106824874878
6.5,5.723833333333333,98.33333333333333,0.0,33.84210205078125
6.6,5.72125,98.3,0.0,40.54604697227478
6.7,5.903416666666667,98.38333333333334,0.0,47.25116729736328
6.8,5.347,98.71666666666667,0.0,53.908265352249146
6.9,5.6505,98.31666666666666,0.0,60.599117040634155
7.0,5.795166666666667,98.4,0.0,67.26755404472351
7.1,5.250083333333333,98.88333333333334,0.0,6.664096355438232
7.2,5.223,98.78333333333333,0.0,13.342471361160278
7.3,5.40625,98.7,0.0,19.96390151977539
7.4,5.23725,98.76666666666667,0.0,26.590717792510986
7.5,5.344916666666666,98.55000000000001,0.0,33.199994802474976
7.6,5.43125,98.71666666666667,0.0,39.77339196205139
7.7,5.141416666666666,98.61666666666666,0.0,46.35899615287781
7.8,5.24075,98.7,0.0,52.91365170478821
7.9,5.1353333333333335,98.71666666666667,0.0,59.44559097290039
8.0,5.357083333333334,98.51666666666667,0.0,65.92874503135681
8.1,4.916916666666666,98.73333333333333,0.0,6.471400260925293
8.2,5.1619166666666665,98.58333333333333,0.0,12.967903852462769
8.3,4.815333333333333,98.98333333333333,0.0,19.439384937286377
8.4,4.985333333333333,98.9,0.016666666666666666,25.886196613311768
8.5,4.934083333333334,98.93333333333332,0.0,32.299657106399536
8.6,5.092666666666666,98.65,0.0,38.68543863296509
8.7,4.835833333333333,98.9,0.0,45.06024408340454
8.8,4.915666666666667,99.2,0.0,51.32884192466736
8.9,5.0808333333333335,98.76666666666667,0.0,57.59616732597351
9.0,5.0535,98.8,0.0,63.7943160533905
9.1,4.719916666666666,98.93333333333332,0.0,6.155253887176514
9.2,4.575833333333334,99.01666666666667,0.0,12.382636547088623
9.3,4.600583333333334,99.13333333333333,0.0,18.583394050598145
9.4,5.012333333333333,98.88333333333334,0.0,24.730626344680786
9.5,4.751166666666666,98.98333333333333,0.0,30.856420755386353
9.6,4.748833333333334,98.95,0.0,36.95029330253601
9.7,4.848416666666667,98.68333333333334,0.0,42.967400550842285
9.8,4.705166666666667,98.93333333333332,0.0,49.00066041946411
9.9,4.647,98.9,0.0,54.896809101104736
10.0,4.646166666666667,98.93333333333332,0.0,61.01953625679016
