Epochs,Loss,Accuracy (%),Silent labels (%),Time (s)
0.1,59.941,64.01666666666667,15.366666666666667,17.35596251487732
0.2,26.033583333333333,88.78333333333333,0.05,35.66671538352966
0.3,19.81475,92.28333333333333,0.0,52.77410364151001
0.4,17.331916666666668,93.08333333333333,0.0,68.71518111228943
0.5,15.546166666666666,94.19999999999999,0.0,83.59910941123962
0.6,15.02775,94.21666666666667,0.016666666666666666,97.69367933273315
0.7,14.153583333333334,94.66666666666667,0.0,110.95239663124084
0.8,13.245083333333334,95.16666666666667,0.0,123.51744961738586
0.9,12.844333333333333,95.19999999999999,0.0,135.56133675575256
1.0,12.402166666666666,95.28333333333333,0.0,147.18818926811218
1.1,11.3255,96.1,0.0,11.190331935882568
1.2,11.021916666666666,96.01666666666667,0.0,22.107595205307007
1.3,10.758833333333333,95.91666666666666,0.0,32.75923275947571
1.4,10.449333333333334,96.41666666666666,0.0,43.13089299201965
1.5,10.384333333333334,96.08333333333333,0.0,53.220773458480835
1.6,10.056166666666666,96.51666666666667,0.0,63.032103300094604
1.7,9.831333333333333,96.48333333333333,0.0,72.60926818847656
1.8,9.52425,96.7,0.0,81.98435688018799
1.9,9.383583333333334,96.89999999999999,0.016666666666666666,91.10071134567261
2.0,9.597,96.83333333333334,0.0,100.073481798172
2.1,8.804916666666667,97.05,0.0,8.774984359741211
2.2,8.782,96.91666666666666,0.0,17.4314706325531
2.3,8.376833333333334,97.6,0.0,26.016435146331787
2.4,8.43175,97.46666666666667,0.0,34.52464509010315
2.5,8.38125,97.31666666666666,0.0,42.96929740905762
2.6,8.489583333333334,97.15,0.0,51.31097435951233
2.7,8.292833333333334,97.15,0.0,59.53024363517761
2.8,7.997583333333333,97.5,0.0,67.66999340057373
2.9,8.006333333333334,97.43333333333334,0.0,75.7218725681305
3.0,7.94275,97.65,0.0,83.69015049934387
3.1,7.561916666666667,97.58333333333333,0.0,7.865288496017456
3.2,7.13625,98.15,0.0,15.676764249801636
3.3,7.423916666666667,97.63333333333334,0.0,23.455606698989868
3.4,7.360916666666666,97.68333333333334,0.0,31.158634185791016
3.5,7.533666666666667,97.73333333333333,0.0,38.787039279937744
3.6,7.219083333333334,97.71666666666667,0.016666666666666666,46.37803816795349
3.7,7.244666666666666,97.8,0.0,53.903682708740234
3.8,7.06675,97.98333333333333,0.0,61.32489824295044
3.9,7.184833333333334,97.66666666666667,0.0,68.73493576049805
4.0,7.069583333333333,97.8,0.0,76.10019516944885
4.1,6.7716666666666665,97.89999999999999,0.016666666666666666,7.309596538543701
4.2,6.606333333333334,98.18333333333334,0.0,14.627285718917847
4.3,6.82325,97.81666666666666,0.0,21.843921899795532
4.4,6.44275,98.25,0.0,29.00447702407837
4.5,6.6939166666666665,97.89999999999999,0.0,36.19370675086975
4.6,6.575,98.13333333333333,0.0,43.29247713088989
4.7,6.76175,97.68333333333334,0.0,50.39321732521057
4.8,6.5065,98.15,0.0,57.45225501060486
4.9,6.30775,98.55000000000001,0.0,64.50898933410645
5.0,6.644083333333334,98.06666666666666,0.0,71.52156615257263
5.1,5.975083333333333,98.66666666666667,0.0,6.962443113327026
5.2,6.0049166666666665,98.45,0.0,13.877287149429321
5.3,6.44875,98.18333333333334,0.0,20.80331587791443
5.4,6.207166666666667,98.2,0.0,27.678407669067383
5.5,6.231416666666667,98.18333333333334,0.0,34.52772641181946
5.6,5.980166666666666,98.4,0.0,41.394068002700806
5.7,6.072916666666667,98.13333333333333,0.0,48.21734142303467
5.8,5.961666666666667,98.51666666666667,0.0,55.02171587944031
5.9,5.852416666666667,98.48333333333333,0.016666666666666666,61.777644872665405
6.0,6.173416666666666,98.1,0.0,68.5243787765503
6.1,5.5023333333333335,98.66666666666667,0.0,6.73037052154541
6.2,5.742083333333333,98.5,0.0,13.452880859375
6.3,5.481333333333334,98.6,0.0,20.134612321853638
6.4,5.349916666666667,98.95,0.0,26.833801746368408
6.5,5.75875,98.48333333333333,0.0,33.472153663635254
6.6,5.68675,98.4,0.0,40.052183866500854
6.7,5.9150833333333335,98.53333333333333,0.0,46.62390089035034
6.8,5.447,98.65,0.0,53.14430046081543
6.9,5.681333333333333,98.23333333333333,0.0,59.67533040046692
7.0,5.884416666666667,98.33333333333333,0.0,66.198739528656
7.1,5.247583333333333,98.81666666666666,0.0,6.531191349029541
7.2,5.250666666666667,98.8,0.0,13.031750202178955
7.3,5.484916666666667,98.58333333333333,0.0,19.522992610931396
7.4,5.253916666666667,98.68333333333334,0.0,25.988385438919067
7.5,5.3415,98.53333333333333,0.0,32.41956901550293
7.6,5.487416666666666,98.63333333333333,0.0,38.84466195106506
7.7,5.15475,98.75,0.0,45.244401693344116
7.8,5.221583333333333,98.76666666666667,0.0,51.657508850097656
7.9,5.188916666666667,98.61666666666666,0.0,58.074604988098145
8.0,5.438416666666667,98.45,0.0,64.47419357299805
8.1,4.980833333333333,98.78333333333333,0.0,6.382868051528931
8.2,5.18875,98.5,0.0,12.768961668014526
8.3,4.8375,99.05000000000001,0.0,19.146827697753906
8.4,4.998666666666667,98.96666666666667,0.0,25.493788719177246
8.5,4.9245,98.96666666666667,0.0,31.85027503967285
8.6,5.079416666666667,98.51666666666667,0.0,38.186771392822266
8.7,4.858333333333333,98.91666666666666,0.0,44.513352394104004
8.8,4.9070833333333335,99.01666666666667,0.0,50.831942558288574
8.9,5.095166666666667,98.7,0.0,57.139155626297
9.0,5.07625,98.61666666666666,0.0,63.40839886665344
9.1,4.679083333333334,98.85000000000001,0.0,6.214004993438721
9.2,4.5755,99.03333333333333,0.0,12.440824508666992
9.3,4.496,99.18333333333334,0.0,18.666657209396362
9.4,5.00625,98.73333333333333,0.0,24.854654550552368
9.5,4.717833333333333,98.95,0.0,31.101882934570312
9.6,4.708083333333334,98.95,0.0,37.31787395477295
9.7,4.8665,98.55000000000001,0.0,43.51738500595093
9.8,4.7155,98.98333333333333,0.016666666666666666,49.69684934616089
9.9,4.599833333333334,98.98333333333333,0.0,55.873300552368164
10.0,4.693833333333333,98.78333333333333,0.0,62.08116102218628
