Epochs,Loss,Accuracy (%),Silent labels (%),Time (s),Average Prediction Confidence
0.09973404255319149,97.76613333333333,32.18666666666667,7.6,39.6411030292511,0.28984296296298806
0.19946808510638298,61.154133333333334,54.61333333333334,0.008888888888888889,66.60937118530273,0.34231111111105733
0.2992021276595745,55.257511111111114,61.45777777777778,0.0,90.13314199447632,0.375450864197507
0.39893617021276595,51.88782222222222,64.48,0.0,112.58020043373108,0.3996548148148048
0.49867021276595747,49.36284444444444,66.32000000000001,0.0,133.59637308120728,0.41897599999998936
0.598404255319149,47.62884444444445,67.97333333333333,0.0,153.9934949874878,0.4348088888888764
0.6981382978723404,45.57017777777778,69.83111111111111,0.0,173.93303894996643,0.44876359788359654
0.7978723404255319,44.31448888888889,70.16,0.0,194.02898478507996,0.46085777777779285
0.8976063829787234,43.241733333333336,70.9688888888889,0.0,214.2416114807129,0.47150485596710445
0.9973404255319149,41.89017777777778,72.68444444444444,0.0,234.56702852249146,0.4813860740741059
1.0970744680851063,40.489333333333335,73.06666666666666,0.0,19.662243366241455,0.583178082191792
1.196808510638298,40.07831111111111,73.2,0.0,38.66185665130615,0.5856336336336216
1.2965425531914894,39.35404444444445,74.27555555555556,0.0,56.64466452598572,0.5886557050323534
1.3962765957446808,38.714888888888886,74.37333333333333,0.008888888888888889,74.32658338546753,0.5921670395226956
1.4960106382978724,37.90764444444444,74.96888888888888,0.0,92.7618477344513,0.595945189156932
1.5957446808510638,37.96986666666667,74.45333333333333,0.0,111.34352612495422,0.5983759920634646
1.6954787234042554,37.66368888888889,74.68444444444444,0.0,128.89344024658203,0.6006025069045989
1.7952127659574468,36.37542222222222,76.09777777777778,0.0,146.02644872665405,0.6037175771088795
1.8949468085106382,36.078355555555554,76.0,0.0,162.86096715927124,0.6066151560178406
1.9946808510638299,35.599555555555554,76.51555555555557,0.0,179.47490310668945,0.6094385026738331
2.0944148936170213,34.94844444444445,76.99555555555555,0.0,17.143084287643433,0.6405571205008005
2.1941489361702127,34.65026666666667,77.21777777777777,0.0,34.88566851615906,0.641789954337885
2.293882978723404,34.7848,77.2,0.0,52.43056559562683,0.641850175967786
2.393617021276596,33.86613333333333,78.20444444444445,0.0,70.00336480140686,0.6441546546546049
2.4933510638297873,33.69937777777778,77.98222222222222,0.0,86.63814854621887,0.6460017969451533
2.5930851063829787,33.516577777777776,77.90222222222222,0.0,103.0970618724823,0.6477737917289309
2.69281914893617,33.12862222222222,78.26666666666667,0.0,119.13505554199219,0.6497607165706953
2.7925531914893615,32.62128888888889,78.71111111111111,0.0,134.6352469921112,0.6518829231916561
2.8922872340425534,32.82937777777778,78.59555555555555,0.0,150.40250539779663,0.6531544957774625
2.992021276595745,32.68635555555556,78.46222222222222,0.0,165.99557852745056,0.6543824843611264
3.091755319148936,31.760844444444444,79.48444444444445,0.0,14.611757516860962,0.6713880837359315
3.1914893617021276,31.741955555555556,79.33333333333333,0.0,30.065784454345703,0.6722592592592342
3.291223404255319,31.731555555555556,79.58222222222221,0.0,45.36369872093201,0.6728604769152309
3.390957446808511,31.40737777777778,79.67111111111112,0.0,60.618380069732666,0.6742464096749274
3.4906914893617023,31.467422222222222,79.44,0.0,75.80106496810913,0.6749677807888774
3.5904255319148937,31.28537777777778,79.67111111111112,0.0,90.90514039993286,0.6754504504504258
3.690159574468085,30.327377777777777,80.72888888888889,0.0,106.1553406715393,0.6772845215157215
3.7898936170212765,30.587066666666665,80.11555555555555,0.0,121.39045572280884,0.6785117845117775
3.889627659574468,30.668311111111112,80.12444444444444,0.0,136.22446155548096,0.6793383158944047
3.9893617021276597,30.58408888888889,79.85777777777778,0.0,151.2700593471527,0.6799683393071638
4.089095744680851,29.83662222222222,80.68444444444445,0.0,14.317017078399658,0.6943880597015156
4.1888297872340425,29.954133333333335,80.96,0.0,29.634169340133667,0.6930046948356641
4.288563829787234,29.559066666666666,81.10222222222222,0.0,44.44958305358887,0.6941402969789642
4.388297872340425,29.617955555555554,80.99555555555555,0.0,59.31597280502319,0.694628614916234
4.488031914893617,29.8152,80.7911111111111,0.0,73.90022778511047,0.6949197699061107
4.587765957446808,29.087733333333333,81.48444444444445,0.0,88.97743082046509,0.696067370537935
4.6875,29.2904,81.27111111111111,0.0,104.98706889152527,0.6967049215559753
4.787234042553192,29.660711111111112,80.65777777777777,0.0,119.70880556106567,0.6965788288288265
4.886968085106383,29.294844444444443,81.11111111111111,0.0,134.37033224105835,0.6970434782609269
4.986702127659575,29.14151111111111,81.56444444444443,0.0,149.74163365364075,0.6975214135970255
5.086436170212766,28.462977777777777,82.04444444444444,0.0,13.137959957122803,0.706229059829084
5.1861702127659575,28.075555555555557,82.42666666666668,0.0,27.955658435821533,0.7089587301587104
5.285904255319149,28.80008888888889,81.14666666666666,0.0,42.57607674598694,0.7077478036175252
5.38563829787234,28.55448888888889,81.44,0.0,57.02418804168701,0.7076030651340377
5.485372340425532,28.422977777777778,82.04444444444444,0.0,71.40147161483765,0.7077187214611439
5.585106382978723,27.984666666666666,82.64888888888889,0.0,85.57468223571777,0.7089151515151219
5.684840425531915,27.876622222222224,82.25777777777778,0.0,99.99191498756409,0.7099728155339603
5.784574468085107,28.052711111111112,82.41777777777777,0.0,114.61841917037964,0.7103465160075227
5.884308510638298,28.304133333333333,81.98222222222222,0.0,128.8567614555359,0.7103806182122613
5.98404255319149,28.54711111111111,81.38666666666666,0.0,142.97003769874573,0.7101975975977455
6.0837765957446805,27.362222222222222,82.98666666666666,0.008888888888888889,12.015870094299316,0.7176014109347689
6.183510638297872,27.095111111111112,82.82666666666667,0.0,26.288575649261475,0.7198904991948247
6.283244680851064,27.313466666666667,82.71111111111111,0.0,41.05871033668518,0.719755868544555
6.382978723404255,27.468666666666667,82.8,0.0,55.98307490348816,0.7192499999999423
6.482712765957447,27.2276,82.72888888888889,0.0,71.24067974090576,0.7201726354453166
6.582446808510638,27.57617777777778,82.4711111111111,0.0,86.06136584281921,0.7198508371384765
6.68218085106383,27.307066666666667,82.49777777777778,0.0,100.19935131072998,0.72023391812864
6.781914893617022,27.67982222222222,82.12444444444445,0.0,114.41259598731995,0.720083144368853
6.881648936170213,27.108044444444445,82.92444444444445,0.0,128.42041730880737,0.7204350594939571
6.9813829787234045,27.22862222222222,82.56888888888889,0.0,142.29843831062317,0.7205745257454168
7.0811170212765955,26.818088888888887,83.12888888888888,0.0,11.48806881904602,0.726703096539186
7.180851063829787,26.38906666666667,83.78666666666666,0.0,25.68323826789856,0.7287156862744893
7.280585106382978,26.734844444444445,83.07555555555555,0.0,41.17778825759888,0.7274375987361266
7.38031914893617,26.446844444444444,83.2,0.0,59.93756294250488,0.7282393162392519
7.480053191489362,26.68888888888889,82.98666666666666,0.0,75.93178939819336,0.7278941212680308
7.579787234042553,26.3912,83.30666666666666,0.0,90.07471227645874,0.7286534148827334
7.679521276595745,26.553555555555555,83.37777777777777,0.0,103.90754652023315,0.7286949336812072
7.779255319148936,26.79568888888889,83.32444444444445,0.0,117.77980446815491,0.7284254835039632
7.878989361702128,26.538222222222224,83.28888888888889,0.0,132.08602213859558,0.7287517229787247
7.9787234042553195,26.849822222222222,82.78222222222223,0.0,146.84758830070496,0.7284885265702085
8.07845744680851,25.781955555555555,84.00888888888889,0.008888888888888889,12.092244863510132,0.7372203389830744
8.178191489361701,25.80613333333333,83.85777777777777,0.0,26.54945945739746,0.737134328358189
8.277925531914894,26.3652,83.35111111111111,0.0,40.63729238510132,0.7345454545454031
8.377659574468085,25.858266666666665,83.63555555555556,0.0,55.335514307022095,0.7349280125194972
8.477393617021276,25.779822222222222,84.38222222222223,0.0,69.26620578765869,0.735416898792902
8.577127659574469,26.326933333333333,83.28888888888889,0.0,82.72279691696167,0.7347260624679752
8.67686170212766,26.199733333333334,83.59111111111112,0.0,96.1522855758667,0.7343951102379244
8.77659574468085,25.908177777777777,83.88444444444444,0.0,109.69539618492126,0.7347610350076036
8.876329787234043,25.702933333333334,83.87555555555556,0.0,123.18955755233765,0.735272972517369
8.976063829787234,25.69551111111111,83.97333333333333,0.0,137.63381266593933,0.7357263094158579
9.075797872340425,25.64177777777778,83.6888888888889,0.0,11.177049160003662,0.7394463937622043
9.175531914893616,25.45271111111111,83.75111111111111,0.0,25.84354281425476,0.7398451178451011
9.275265957446809,25.231333333333332,84.39999999999999,0.0,39.18564796447754,0.7409296833064503
9.375,25.531155555555557,84.08,0.0,52.452338218688965,0.7404948778565197
9.474734042553191,25.22,84.83555555555556,0.0,65.72780013084412,0.7411179582943819
9.574468085106384,25.18911111111111,84.47111111111111,0.0,79.02766752243042,0.7417119341563438
9.674202127659575,25.77871111111111,83.63555555555556,0.0,92.31041169166565,0.7411983344290798
9.773936170212766,25.169822222222223,84.68444444444444,0.0,105.55689549446106,0.7415876288659645
9.873670212765957,25.922933333333333,83.57333333333334,0.0,118.77552032470703,0.7410302722814947
9.97340425531915,25.471155555555555,83.58222222222223,0.0,132.03796553611755,0.7409247115970131
