Epochs,Loss,Accuracy (%),Silent labels (%),Time (s),Average Prediction Confidence
0.09973404255319149,97.84413333333333,32.44444444444444,7.582222222222222,38.6262640953064,0.2897718518518774
0.19946808510638298,61.05266666666667,55.18222222222222,0.017777777777777778,64.56658148765564,0.34250666666661445
0.2992021276595745,54.99346666666667,62.044444444444444,0.0,87.68192100524902,0.37635555555553285
0.39893617021276595,51.58471111111111,65.27111111111111,0.0,109.28817439079285,0.40102222222221146
0.49867021276595747,49.11964444444445,66.61333333333333,0.0,129.93212008476257,0.42053214814813505
0.598404255319149,47.553466666666665,68.16,0.0,149.8205542564392,0.4362903703703551
0.6981382978723404,45.46577777777778,69.79555555555555,0.0,169.2788257598877,0.45029164021163604
0.7978723404255319,44.26546666666667,70.49777777777778,0.0,189.55991339683533,0.46231259259260205
0.8976063829787234,43.272977777777776,70.85333333333334,0.0,208.77139496803284,0.4728105349794451
0.9973404255319149,42.00582222222222,72.97777777777777,0.0,227.57950139045715,0.4824977777778051
1.0970744680851063,40.584044444444444,73.00444444444445,0.0,18.37442421913147,0.5827458143074683
1.196808510638298,40.184444444444445,73.35111111111111,0.0,36.82407546043396,0.5845465465465358
1.2965425531914894,39.47595555555556,74.29333333333334,0.0,54.96236848831177,0.5877528649725657
1.3962765957446808,38.80155555555555,74.21333333333334,0.0,73.38048481941223,0.5912796420581226
1.4960106382978724,38.08528888888889,75.33333333333333,0.0,91.25823187828064,0.5949919571045107
1.5957446808510638,38.141688888888886,74.64888888888889,0.0,109.10808253288269,0.597368055555537
1.6954787234042554,37.779244444444444,74.72,0.0,127.24705791473389,0.599582749097082
1.7952127659574468,36.64697777777778,75.93777777777778,0.0,145.3648178577423,0.602633221850614
1.8949468085106382,36.36262222222222,75.8488888888889,0.0,162.45790123939514,0.6053405976556193
1.9946808510638299,35.806977777777774,76.37333333333333,0.0,179.55435395240784,0.6082655971479969
2.0944148936170213,35.12128888888889,77.08444444444444,0.0,16.38928461074829,0.6378090766823353
2.1941489361702127,34.96306666666667,77.36888888888889,0.0,33.20890522003174,0.639461187214597
2.293882978723404,35.17568888888889,76.4,0.0,49.9773383140564,0.6393162393162073
2.393617021276596,34.15271111111111,78.19555555555556,0.0,66.6895079612732,0.6417462462461999
2.4933510638297873,34.004533333333335,77.92888888888889,0.0,83.22348642349243,0.6435627433362892
2.5930851063829787,33.791155555555555,77.80444444444444,0.0,99.60316252708435,0.6455734927752705
2.69281914893617,33.13057777777778,78.54222222222222,0.0,115.97799348831177,0.6478319471102543
2.7925531914893615,32.931244444444445,78.58666666666667,0.0,132.05396223068237,0.649790454884418
2.8922872340425534,33.09528888888889,78.28444444444445,0.0,148.16550302505493,0.6510336148369019
2.992021276595745,32.90573333333333,78.47111111111111,0.0,164.1096956729889,0.6522389037832245
3.091755319148936,31.944933333333335,79.44,0.0,15.298988819122314,0.6698099838969654
3.1914893617021276,31.9708,79.26222222222222,0.0,31.417071104049683,0.6706141975308453
3.291223404255319,32.04057777777778,79.28,0.0,47.283151626586914,0.6705976661592687
3.390957446808511,31.77551111111111,79.44888888888889,0.008888888888888889,62.81049036979675,0.6713786848072059
3.4906914893617023,31.73977777777778,79.43111111111111,0.0,78.32761979103088,0.6722601626015878
3.5904255319148937,31.4792,79.58222222222221,0.0,93.79011130332947,0.6728348348348153
3.690159574468085,30.59711111111111,80.73777777777778,0.0,109.28537178039551,0.6748447869835039
3.7898936170212765,30.8848,80.01777777777778,0.0,124.60874509811401,0.676113729891499
3.889627659574468,31.069288888888888,79.73333333333333,0.0,139.71205139160156,0.6768530144494557
3.9893617021276597,30.774,80.1511111111111,0.0,154.75881624221802,0.6776875746715543
4.089095744680851,30.174577777777777,80.80000000000001,0.0,13.824527502059937,0.6918606965174345
4.1888297872340425,30.27,80.66666666666666,0.0,28.86615014076233,0.6901627543035836
4.288563829787234,29.746933333333335,81.14666666666666,0.0,43.870341062545776,0.6917951868919183
4.388297872340425,29.976,80.81777777777778,0.0,58.8795382976532,0.691724505327187
4.488031914893617,30.0716,80.93333333333334,0.0,73.79492998123169,0.6921659097789498
4.587765957446808,29.380533333333332,81.28888888888889,0.0,88.49907875061035,0.6933815987933339
4.6875,29.567066666666665,80.99555555555555,0.0,103.27764058113098,0.6940571674188506
4.787234042553192,29.991155555555554,80.58666666666666,0.0,118.10341811180115,0.693945195195186
4.886968085106383,29.588,81.07555555555555,0.0,132.84857773780823,0.6943641512577535
4.986702127659575,29.452,81.21777777777778,0.0,147.55881237983704,0.6948038334832175
5.086436170212766,28.82937777777778,81.91111111111111,0.0,13.159370422363281,0.7019555555555792
5.1861702127659575,28.276755555555557,82.4711111111111,0.0,27.834771633148193,0.7061111111110879
5.285904255319149,29.013733333333334,80.88888888888889,0.0,42.4845609664917,0.7050232558139036
5.38563829787234,28.8476,81.33333333333333,0.0,57.06138253211975,0.7046114942528106
5.485372340425532,28.805688888888888,82.07111111111111,0.0,71.65480399131775,0.7046721461186742
5.585106382978723,28.41911111111111,82.57777777777778,0.0,86.21412086486816,0.705884848484818
5.684840425531915,28.270977777777777,82.41777777777777,0.0,100.62224912643433,0.7066778856526171
5.784574468085107,28.4748,82.21333333333334,0.0,114.93004012107849,0.7070033898304907
5.884308510638298,28.537644444444446,82.09777777777778,0.0,129.53756856918335,0.707085045948259
5.98404255319149,28.96022222222222,81.22666666666667,0.0,144.04049038887024,0.7068588588590013
6.0837765957446805,27.799377777777778,82.73777777777778,0.0,12.274949312210083,0.7131710758377668
6.183510638297872,27.567466666666668,82.84444444444445,0.0,26.215259790420532,0.7157842190015912
6.283244680851064,27.798444444444446,82.59555555555555,0.0,40.090378284454346,0.7154011476264528
6.382978723404255,27.87977777777778,82.41777777777777,0.0,54.094226360321045,0.7154984567900675
6.482712765957447,27.567955555555557,82.75555555555556,0.0,68.06943559646606,0.7164395469849545
6.582446808510638,27.977244444444445,82.38222222222223,0.0,81.8865647315979,0.716209030948721
6.68218085106383,27.824088888888888,82.32000000000001,0.0,95.66598415374756,0.7161931990469758
6.781914893617022,28.106577777777776,82.08,0.0,109.44935297966003,0.7158344671201651
6.881648936170213,27.607511111111112,82.66666666666667,0.0,123.32719540596008,0.7160040221217305
6.9813829787234045,27.66337777777778,82.44444444444444,0.0,137.00847721099854,0.7162535380910859
7.0811170212765955,27.306044444444446,82.8711111111111,0.0,11.376288890838623,0.7220182149362705
7.180851063829787,26.803466666666665,83.64444444444445,0.0,25.04404616355896,0.7241045751633759
7.280585106382978,27.16946666666667,82.65777777777778,0.0,38.84633159637451,0.7228857293311719
7.38031914893617,26.966266666666666,83.30666666666666,0.0,52.469817876815796,0.723566433566369
7.480053191489362,27.241733333333332,82.82666666666667,0.0,66.05515694618225,0.7230347799322326
7.579787234042553,26.967066666666668,83.03111111111112,0.0,79.67337584495544,0.7236941896024043
7.679521276595745,26.875555555555554,83.25333333333333,0.0,93.34664750099182,0.7238617090671565
7.779255319148936,27.159111111111113,83.18222222222222,0.0,107.01168441772461,0.7235206674250776
7.878989361702128,27.01191111111111,83.02222222222223,0.008888888888888889,120.55741810798645,0.7238601445621746
7.9787234042553195,27.302444444444443,82.70222222222222,0.0,134.06134128570557,0.7236068840581287
8.07845744680851,26.215244444444444,83.74222222222222,0.0,10.99888563156128,0.7317212806026595
8.178191489361701,26.200488888888888,83.96444444444444,0.0,24.548999786376953,0.7318905472636617
8.277925531914894,26.921511111111112,83.27111111111111,0.0,37.98398995399475,0.7292525252524763
8.377659574468085,26.479466666666667,83.42222222222222,0.0,51.42915654182434,0.7297589984349903
8.477393617021276,26.32471111111111,83.97333333333333,0.0,64.79457187652588,0.7301467038068223
8.577127659574469,26.741244444444444,83.07555555555555,0.0,78.30133366584778,0.7295647721453825
8.67686170212766,26.6216,83.52000000000001,0.008888888888888889,91.69727635383606,0.7292049770792098
8.77659574468085,26.433333333333334,83.90222222222222,0.0,105.06819438934326,0.7294931506849092
8.876329787234043,26.28151111111111,83.6,0.0,118.40254592895508,0.7299180576631978
8.976063829787234,26.296044444444444,83.88444444444444,0.0,131.8607256412506,0.7303287920074295
9.075797872340425,26.028222222222222,83.60888888888888,0.0,10.320605754852295,0.7340974658869602
9.175531914893616,26.138266666666667,83.66222222222223,0.0,23.658241987228394,0.733888888888871
9.275265957446809,25.83368888888889,84.13333333333334,0.0,36.926283836364746,0.7348470209339278
9.375,25.9504,84.04444444444444,0.0,50.23556613922119,0.7350244286839436
9.474734042553191,25.811644444444443,84.38222222222223,0.0,63.6663019657135,0.7354870837223326
9.574468085106384,25.882844444444444,84.19555555555556,0.0,76.92927145957947,0.7356985596707417
9.674202127659575,26.336533333333332,83.44888888888889,0.0,90.18025326728821,0.7353206223975157
9.773936170212766,25.81351111111111,84.18666666666667,0.0,103.39611983299255,0.7356937762504553
9.873670212765957,26.502666666666666,83.36888888888889,0.0,116.61853957176208,0.7351246406224298
9.97340425531915,25.959466666666668,83.96444444444444,0.0,129.81757616996765,0.735173041894521
