Epochs,Loss,Accuracy (%),Silent labels (%),Time (s),Average Prediction Confidence
0.09973404255319149,97.53457777777778,32.42666666666666,7.457777777777778,40.41807150840759,0.2921185185185447
0.19946808510638298,61.34217777777778,54.42666666666667,0.008888888888888889,68.0173089504242,0.34345777777772424
0.2992021276595745,55.2856,61.315555555555555,0.0,92.86673259735107,0.3764464197530631
0.39893617021276595,51.79368888888889,64.44444444444444,0.0,115.06084823608398,0.40089629629628454
0.49867021276595747,49.333555555555556,66.03555555555556,0.0,136.17276573181152,0.4201351111110969
0.598404255319149,47.49924444444444,67.65333333333334,0.0,155.76366472244263,0.43599308641973705
0.6981382978723404,45.45413333333333,69.81333333333333,0.0,174.86096572875977,0.44997756613756146
0.7978723404255319,44.13346666666666,70.46222222222222,0.0,193.76291179656982,0.4621474074074178
0.8976063829787234,43.090666666666664,70.77333333333333,0.0,211.94777059555054,0.4728566255144263
0.9973404255319149,41.687733333333334,72.78222222222223,0.0,231.08735013008118,0.48280948148151154
1.0970744680851063,40.23084444444444,73.29777777777777,0.0,19.19573950767517,0.5861248097412601
1.196808510638298,39.836933333333334,73.31555555555556,0.0,37.30315709114075,0.5880810810810716
1.2965425531914894,39.05542222222222,74.85333333333334,0.0,54.792059898376465,0.59134230194317
1.3962765957446808,38.41795555555556,74.43555555555555,0.0,71.94958186149597,0.594836689037988
1.4960106382978724,37.81088888888889,75.32444444444445,0.008888888888888889,89.7276782989502,0.5981936252606022
1.5957446808510638,37.763244444444446,74.72888888888889,0.0,107.48782229423523,0.600497023809502
1.6954787234042554,37.42684444444444,74.80888888888889,0.0,126.03811812400818,0.6025961334183059
1.7952127659574468,36.28324444444444,76.27555555555556,0.008888888888888889,143.09387731552124,0.6054544778892617
1.8949468085106382,35.89564444444444,75.92888888888889,0.0,160.0982563495636,0.6081591546970572
1.9946808510638299,35.17097777777778,76.47111111111111,0.0,176.91480112075806,0.6109607843137693
2.0944148936170213,34.51573333333333,76.88888888888889,0.0,16.279290914535522,0.6405571205007989
2.1941489361702127,34.02084444444444,77.57333333333334,0.0,32.1190288066864,0.6425449010654338
2.293882978723404,34.25653333333333,76.78222222222222,0.0,47.4767119884491,0.6422001005529999
2.393617021276596,33.18822222222222,77.91111111111111,0.0,62.56601905822754,0.6442837837837292
2.4933510638297873,33.07648888888889,77.88444444444444,0.0,77.49083757400513,0.6459478885893533
2.5930851063829787,32.8788,77.77777777777779,0.0,92.06824016571045,0.6478226208270834
2.69281914893617,32.30862222222222,78.32000000000001,0.0,106.48409032821655,0.6500234591597299
2.7925531914893615,32.153555555555556,78.64888888888889,0.0,120.87957835197449,0.6522617449664448
2.8922872340425534,33.02395555555555,78.64,0.0,135.1712453365326,0.6538897168405446
2.992021276595745,33.89688888888889,78.75555555555556,0.0,149.87756824493408,0.655578194816887
3.091755319148936,34.04942222222222,79.67999999999999,0.017777777777777778,14.842454433441162,0.6821384863124211
3.1914893617021276,35.263244444444446,79.78666666666666,0.09777777777777777,31.140984535217285,0.6842037037036897
3.291223404255319,36.67608888888889,79.66222222222223,0.12444444444444445,47.67635202407837,0.6864373414510105
3.390957446808511,39.080133333333336,79.78666666666666,0.17777777777777778,64.497567653656,0.6899244142100914
3.4906914893617023,43.74924444444444,79.92888888888889,0.3822222222222222,81.52926826477051,0.6922806383619011
3.5904255319148937,46.75324444444445,80.05333333333333,0.45333333333333337,98.66043853759766,0.6942052052051687
3.690159574468085,51.3048,81.32444444444444,0.4266666666666667,115.93575978279114,0.697369299935741
3.7898936170212765,56.68728888888889,80.66666666666666,0.45333333333333337,133.34485816955566,0.6996677890010866
3.889627659574468,62.068622222222224,80.20444444444445,0.6133333333333334,152.10121321678162,0.701483474505911
3.9893617021276597,64.5112,80.64888888888889,0.48,170.45796489715576,0.7033183990442852
4.089095744680851,67.60648888888889,81.62666666666667,0.5155555555555555,17.534586906433105,0.7273698175787915
4.1888297872340425,72.77066666666667,81.83111111111111,0.5511111111111111,35.92058300971985,0.7274522691705708
4.288563829787234,71.72853333333333,82.02666666666667,0.3466666666666667,53.832011461257935,0.7287393753200014
4.388297872340425,69.40088888888889,81.67999999999999,0.28444444444444444,72.94798517227173,0.7280410958903817
4.488031914893617,65.00462222222222,81.36888888888889,0.18666666666666668,90.93353533744812,0.7270868907053815
4.587765957446808,58.30751111111111,82.52444444444444,0.12444444444444445,108.61567282676697,0.7268345902463141
4.6875,51.9208,81.99111111111111,0.09777777777777777,126.38249349594116,0.7263752417794569
4.787234042553192,48.21328888888889,81.43111111111111,0.08888888888888889,144.0258321762085,0.7252394894894548
4.886968085106383,44.62271111111111,82.2311111111111,0.02666666666666667,161.70947742462158,0.7250181575879213
4.986702127659575,42.43653333333334,82.21333333333334,0.02666666666666667,179.21445608139038,0.7249919137467628
5.086436170212766,42.160222222222224,83.06666666666666,0.06222222222222223,15.033503532409668,0.7303179487179702
5.1861702127659575,43.32791111111111,83.35111111111111,0.1511111111111111,32.44097828865051,0.7331015873015737
5.285904255319149,46.08217777777778,82.11555555555556,0.14222222222222222,49.93816518783569,0.7317002583979062
5.38563829787234,48.49604444444444,82.78222222222223,0.13333333333333333,67.5991518497467,0.7322467432949902
5.485372340425532,52.89337777777778,83.07555555555555,0.1511111111111111,85.6641137599945,0.7325235920852032
5.585106382978723,54.93937777777778,83.33333333333334,0.21333333333333335,102.66245102882385,0.7340606060605758
5.684840425531915,59.14653333333333,83.27111111111111,0.1688888888888889,120.73575043678284,0.7349186623516328
5.784574468085107,60.3344,82.66666666666667,0.2577777777777778,139.12942838668823,0.7349506591336703
5.884308510638298,61.367155555555556,82.67555555555556,0.1688888888888889,156.38671851158142,0.7342629908104124
5.98404255319149,60.4564,82.12444444444445,0.13333333333333333,173.12865328788757,0.7334678678679947
6.0837765957446805,52.60613333333333,83.75111111111111,0.035555555555555556,13.870821952819824,0.7339188712522257
6.183510638297872,45.91497777777778,83.51111111111112,0.02666666666666667,29.788695335388184,0.7358840579710018
6.283244680851064,41.25391111111111,83.52888888888889,0.0,45.737387895584106,0.7356348461136917
6.382978723404255,37.25106666666667,83.34222222222222,0.0,61.776488065719604,0.736240740740697
6.482712765957447,35.21093333333334,83.63555555555556,0.017777777777777778,77.78601598739624,0.7375904499540467
6.582446808510638,33.97346666666667,83.08444444444444,0.0,93.80224704742432,0.7380375443936762
6.68218085106383,32.986533333333334,83.32444444444445,0.017777777777777778,109.90454602241516,0.7393467619666166
6.781914893617022,33.18511111111111,83.25333333333333,0.017777777777777778,126.15838503837585,0.7400839002267324
6.881648936170213,33.47884444444445,83.91999999999999,0.035555555555555556,143.24003267288208,0.7415786827552192
6.9813829787234045,34.111333333333334,83.6,0.10666666666666667,161.00922107696533,0.7429099668775798
7.0811170212765955,34.06648888888889,84.4088888888889,0.09777777777777777,13.794423580169678,0.7623315118397292
7.180851063829787,34.46942222222222,84.89777777777778,0.11555555555555555,30.571013689041138,0.765836601307175
7.280585106382978,36.66742222222222,84.12444444444445,0.20444444444444446,47.71469783782959,0.7639304897314072
7.38031914893617,38.47528888888889,84.46222222222222,0.26666666666666666,64.6818163394928,0.765398601398559
7.480053191489362,40.47022222222222,84.29333333333334,0.36444444444444446,82.25921940803528,0.7647522314557863
7.579787234042553,41.99435555555556,84.3911111111111,0.3466666666666667,100.61601686477661,0.7653995922527586
7.679521276595745,44.64768888888889,84.21333333333332,0.37333333333333335,117.85264706611633,0.7654916286148779
7.779255319148936,47.89053333333333,83.84888888888888,0.47111111111111115,134.85631322860718,0.7653856655289887
7.878989361702128,50.479866666666666,83.93777777777778,0.4888888888888889,151.66291785240173,0.7657401243906945
7.9787234042553195,53.09751111111111,84.08888888888889,0.4088888888888889,168.36850237846375,0.7661147342996113
8.07845744680851,54.456133333333334,85.40444444444445,0.5155555555555555,13.531269311904907,0.7796308851224264
8.178191489361701,58.068133333333336,85.11111111111111,0.4622222222222222,30.079139232635498,0.7790514096185676
8.277925531914894,62.580755555555555,84.19555555555556,0.5955555555555556,46.58969593048096,0.7756512493354382
8.377659574468085,64.14293333333333,85.25333333333333,0.3911111111111111,63.1474826335907,0.7767292644757187
8.477393617021276,68.45968888888889,85.45777777777778,0.5155555555555555,79.68511509895325,0.7770943980191491
8.577127659574469,72.2164,84.1511111111111,0.6044444444444445,95.9658203125,0.7756507936507507
8.67686170212766,72.98186666666666,84.95111111111112,0.47111111111111115,112.44833159446716,0.7745810958305513
8.77659574468085,72.7547111111111,85.00444444444445,0.27555555555555555,129.36618304252625,0.7730479452054541
8.876329787234043,66.1948,85.11999999999999,0.17777777777777778,145.25089836120605,0.7714334850784775
8.976063829787234,55.01928888888889,84.90666666666667,0.07111111111111111,161.75734782218933,0.7697105661521455
9.075797872340425,45.6728,84.55111111111111,0.008888888888888889,12.248391151428223,0.7543859649123024
9.175531914893616,39.815733333333334,84.65777777777778,0.017777777777777778,28.114025115966797,0.7557003367003203
9.275265957446809,34.9956,85.54666666666667,0.017777777777777778,44.79710125923157,0.7586559312935748
9.375,32.46648888888889,85.11111111111111,0.0,61.16013860702515,0.7605295508273721
9.474734042553191,31.150266666666667,85.58222222222223,0.035555555555555556,78.20450806617737,0.7622906940553625
9.574468085106384,30.0964,85.52,0.008888888888888889,94.30727434158325,0.7644969135802173
9.674202127659575,31.03528888888889,84.82666666666667,0.044444444444444446,110.36739087104797,0.7653517422747975
9.773936170212766,31.0356,85.57333333333334,0.035555555555555556,127.47969269752502,0.7671897670866716
9.873670212765957,32.873422222222224,84.44444444444444,0.08,143.94631958007812,0.7678653813631694
9.97340425531915,33.47924444444445,85.23555555555555,0.08888888888888889,160.0288999080658,0.7686533090468877
