Epochs,Loss,Accuracy (%),Silent labels (%),Time (s),Average Prediction Confidence
0.09973404255319149,97.9472,32.65777777777778,7.573333333333333,40.25923299789429,0.2904414814815074
0.19946808510638298,64.90275555555556,53.98222222222222,1.4844444444444445,65.5723066329956,0.3394696296295781
0.2992021276595745,55.534933333333335,60.995555555555555,0.0,89.71981906890869,0.3726261728394829
0.39893617021276595,51.9372,64.36444444444444,0.0,112.72310185432434,0.3971718518518415
0.49867021276595747,49.4428,65.90222222222222,0.0,134.421879529953,0.41663288888887645
0.598404255319149,47.69724444444444,68.06222222222222,0.0,154.2301766872406,0.4326409876543087
0.6981382978723404,45.67942222222222,69.90222222222222,0.008888888888888889,174.31108784675598,0.4467453968253916
0.7978723404255319,44.33533333333333,70.19555555555556,0.0,195.2300248146057,0.4588896296296405
0.8976063829787234,43.29773333333333,71.07555555555555,0.0,214.44974565505981,0.46965860082306643
0.9973404255319149,41.821466666666666,72.71111111111111,0.0,233.99057698249817,0.4797908148148412
1.0970744680851063,40.517466666666664,73.17333333333333,0.0,18.936264514923096,0.5834459665144714
1.196808510638298,40.041377777777775,73.13777777777779,0.0,38.08528208732605,0.5857687687687588
1.2965425531914894,39.2188,74.3911111111111,0.0,56.314419984817505,0.5892894867961841
1.3962765957446808,38.67097777777778,74.60444444444444,0.008888888888888889,74.41183948516846,0.5926800894854153
1.4960106382978724,37.876844444444444,75.38666666666667,0.0,92.55103302001953,0.5964837652665593
1.5957446808510638,38.03062222222222,74.46222222222222,0.0,111.16135597229004,0.5987450396825191
1.6954787234042554,37.65782222222222,74.64,0.0,129.60133385658264,0.6008294030167772
1.7952127659574468,36.36977777777778,76.24,0.0,148.03334403038025,0.6039301374953565
1.8949468085106382,36.05222222222222,75.86666666666667,0.0,165.65931630134583,0.6068383688294674
1.9946808510638299,35.55182222222222,76.19555555555556,0.0,182.88030076026917,0.6096500297088987
2.0944148936170213,34.8928,77.23555555555556,0.008888888888888889,16.784722805023193,0.6404256651017385
2.1941489361702127,34.57351111111111,77.77777777777779,0.0,33.60318374633789,0.6417382039573658
2.293882978723404,34.83893333333334,77.00444444444445,0.0,50.57887816429138,0.6417657114127323
2.393617021276596,33.81733333333333,78.22222222222223,0.0,67.81224083900452,0.6440975975975478
2.4933510638297873,33.718444444444444,77.8488888888889,0.0,85.55470705032349,0.6458903863431757
2.5930851063829787,33.46004444444444,77.99111111111111,0.0,102.9997992515564,0.6477588440458197
2.69281914893617,32.91408888888889,78.54222222222222,0.0,119.78509306907654,0.6499227980379563
2.7925531914893615,32.594,78.82666666666667,0.0,136.54096698760986,0.6520380313199123
2.8922872340425534,32.90208888888889,78.3111111111111,0.0,152.53858828544617,0.65327504553735
2.992021276595745,32.71902222222222,78.48888888888888,0.0,169.02010011672974,0.6544313375038061
3.091755319148936,31.78782222222222,79.56444444444445,0.0,15.56429123878479,0.6713107890499409
3.1914893617021276,31.64182222222222,79.42222222222223,0.0,32.20084762573242,0.6726697530863972
3.291223404255319,31.732,79.52,0.008888888888888889,48.61761426925659,0.6726798579400897
3.390957446808511,31.4504,79.33333333333333,0.008888888888888889,64.58171057701111,0.6739289493574674
3.4906914893617023,31.351688888888887,79.63555555555556,0.0,81.00758695602417,0.675037639265239
3.5904255319148937,31.2792,79.74222222222222,0.0,96.88584041595459,0.6757637637637386
3.690159574468085,30.23511111111111,80.83555555555556,0.0,112.31852102279663,0.6777349603939054
3.7898936170212765,30.549866666666667,80.34666666666666,0.0,128.88300490379333,0.6790033670033561
3.889627659574468,30.60502222222222,80.08888888888889,0.0,144.28940176963806,0.6797894037535628
3.9893617021276597,30.43137777777778,80.24,0.0,159.4298722743988,0.6805818399045348
4.089095744680851,29.785333333333334,80.92444444444445,0.0,14.549240827560425,0.695210613598695
4.1888297872340425,29.972266666666666,80.82666666666667,0.0,30.140280723571777,0.6936995305164144
4.288563829787234,29.436755555555557,81.52000000000001,0.0,45.85711717605591,0.6952749615975016
4.388297872340425,29.5784,80.99555555555555,0.0,62.522419691085815,0.695459665144543
4.488031914893617,29.60031111111111,80.70222222222222,0.0,81.54764366149902,0.6959588253102865
4.587765957446808,29.068844444444444,81.36888888888889,0.0,100.52912545204163,0.6969824032176751
4.6875,29.161466666666666,81.37777777777778,0.0,119.83366918563843,0.6976299161830946
4.787234042553192,29.603244444444446,80.49777777777778,0.0,138.5909068584442,0.6973948948948939
4.886968085106383,29.17106666666667,81.12,0.008888888888888889,157.97906947135925,0.697881059470326
4.986702127659575,29.02457777777778,81.47555555555556,0.0,176.87114882469177,0.6983869421984112
5.086436170212766,28.315644444444445,81.84,0.0,16.9156711101532,0.707808547008573
5.1861702127659575,27.88746666666667,82.38222222222223,0.0,35.87627363204956,0.7106476190475983
5.285904255319149,28.588355555555555,81.29777777777778,0.0,54.54267716407776,0.7094677002583527
5.38563829787234,28.447955555555556,81.59111111111112,0.0,73.06575846672058,0.7088750957853853
5.485372340425532,28.204044444444445,82.07111111111111,0.0,90.89600539207458,0.7091153729071134
5.585106382978723,27.82346666666667,82.45333333333333,0.0,105.70447659492493,0.710465656565632
5.684840425531915,27.666266666666665,82.67555555555556,0.0,120.59035277366638,0.7115434735706415
5.784574468085107,27.909377777777777,82.36444444444444,0.0,135.346577167511,0.7118621468926473
5.884308510638298,28.15,81.92,0.0,151.416086435318,0.7119151211362393
5.98404255319149,28.409644444444446,81.44888888888889,0.0,169.98258781433105,0.7116336336337853
6.0837765957446805,27.279866666666667,82.78222222222223,0.008888888888888889,16.29162287712097,0.7190828924162501
6.183510638297872,26.97102222222222,83.22666666666667,0.0,34.77848696708679,0.7211207729468427
6.283244680851064,27.255422222222222,82.86222222222223,0.0,53.670042276382446,0.7211058946269822
6.382978723404255,27.29671111111111,82.42666666666668,0.0,71.69012475013733,0.7207268518518032
6.482712765957447,26.95431111111111,82.88888888888889,0.0,89.56851696968079,0.7217802265074621
6.582446808510638,27.3668,82.77333333333333,0.0,107.25176882743835,0.7215190258751637
6.68218085106383,27.13591111111111,82.57777777777778,0.0,125.19908261299133,0.7216495559887244
6.781914893617022,27.418177777777778,82.41777777777777,0.0,143.09227633476257,0.7214527588813252
6.881648936170213,26.955155555555557,83.08444444444444,0.0,160.81560373306274,0.7218984414279295
6.9813829787234045,27.081511111111112,82.66666666666667,0.0,178.45081639289856,0.7220445648902558
7.0811170212765955,26.641955555555555,83.17333333333333,0.0,13.883974552154541,0.7283642987249778
7.180851063829787,26.150488888888887,84.0,0.0,32.9154269695282,0.7308921568627228
7.280585106382978,26.448933333333333,83.33333333333334,0.0,49.50570011138916,0.7295523959978418
7.38031914893617,26.21488888888889,83.91999999999999,0.0,65.05666089057922,0.7302393162392534
7.480053191489362,26.634533333333334,82.89777777777778,0.0,80.31209778785706,0.7296398891966228
7.579787234042553,26.088177777777776,83.55555555555556,0.0,95.3616578578949,0.7305830784912963
7.679521276595745,26.395511111111112,83.33333333333334,0.0,110.83969688415527,0.7305379430310667
7.779255319148936,26.534,83.36,0.0,125.66824460029602,0.7302988244216737
7.878989361702128,26.26782222222222,83.22666666666667,0.0,140.5163516998291,0.7304952092789426
7.9787234042553195,26.659333333333333,82.64888888888889,0.0,155.2235028743744,0.7302035024156203
8.07845744680851,25.37968888888889,84.1511111111111,0.0,12.073012828826904,0.7389905838041683
8.178191489361701,25.587733333333333,83.98222222222222,0.0,27.44767451286316,0.7385903814261797
8.277925531914894,26.16142222222222,83.51111111111112,0.0,42.2357382774353,0.7362062732588562
8.377659574468085,25.646977777777778,83.7688888888889,0.0,57.58118772506714,0.7364178403755255
8.477393617021276,25.561777777777777,84.14222222222222,0.008888888888888889,72.2824456691742,0.7370820179510552
8.577127659574469,26.112444444444446,83.31555555555555,0.0,87.1661765575409,0.7364157706092893
8.67686170212766,25.799511111111112,84.02666666666667,0.0,103.60368847846985,0.7363387906570399
8.77659574468085,25.674488888888888,84.08,0.0,121.14267182350159,0.7365928462709145
8.876329787234043,25.47391111111111,83.90222222222222,0.0,136.3632493019104,0.7370500758726192
8.976063829787234,25.444533333333332,84.02666666666667,0.0,151.81102657318115,0.7374834998487925
9.075797872340425,25.298533333333335,83.92888888888889,0.0,11.893476724624634,0.7419493177388133
9.175531914893616,25.214044444444443,84.24000000000001,0.0,26.684029817581177,0.7422424242424063
9.275265957446809,24.906666666666666,84.56888888888889,0.0,40.88347244262695,0.7435598497047271
9.375,25.174844444444446,84.17777777777778,0.0,54.83916449546814,0.743109535066922
9.474734042553191,24.94062222222222,84.7911111111111,0.008888888888888889,68.89398121833801,0.7436028633675275
9.574468085106384,25.0172,84.50666666666666,0.0,82.72170162200928,0.7438724279835099
9.674202127659575,25.486755555555554,83.80444444444444,0.0,96.3793683052063,0.743254876177934
9.773936170212766,24.892266666666668,84.46222222222222,0.0,109.96877884864807,0.7435983199694419
9.873670212765957,25.618222222222222,83.63555555555556,0.008888888888888889,123.74296140670776,0.743111787586761
9.97340425531915,25.199555555555555,83.83111111111111,0.0,137.42089986801147,0.7430595021252542
