0.02,0.03,0.05,0.08,0.1,0.13,0.15,0.18,0.2
0.0,0.0,0.021279999999999997,0.15904666666666667,0.2328933333333333,0.3006066666666667,0.32874000000000003,0.36047333333333337,0.3780133333333335
0.0,0.0,0.041706666666666656,0.17519333333333328,0.22659333333333329,0.26962666666666657,0.28834,0.30992666666666663,0.32232
0.0,0.0,0.056466666666666665,0.17850666666666662,0.2187866666666666,0.25205333333333335,0.26706,0.2851866666666667,0.29560000000000003
0.0,0.0,0.06874,0.17712,0.21004666666666666,0.2380066666666666,0.2510066666666666,0.26727999999999996,0.27706
0.0,0.0,0.07571333333333333,0.17265999999999992,0.20050666666666664,0.22527333333333335,0.2368066666666666,0.2515133333333333,0.2601866666666666
0.0,0.0,0.07973333333333332,0.16779999999999998,0.19340666666666667,0.2168866666666666,0.22827333333333333,0.2432533333333333,0.25204666666666664
0.0,0.0,0.08281999999999996,0.16335999999999998,0.18655999999999995,0.20771333333333328,0.21853999999999993,0.23276666666666668,0.24111333333333332
0.0,0.0,0.08395999999999999,0.15966666666666665,0.18126666666666666,0.20152666666666666,0.21198,0.2257,0.23398
0.0,0.0,0.08515333333333333,0.1567933333333333,0.17725333333333332,0.19694666666666663,0.20713999999999996,0.22039999999999996,0.22828666666666667
0.0,0.0,0.08536666666666663,0.15403999999999998,0.1730866666666666,0.19194666666666663,0.20190666666666665,0.21477999999999997,0.22265333333333331
0.0,6e-05,0.08522666666666665,0.14985333333333334,0.16869999999999993,0.18736,0.19743999999999995,0.21064666666666665,0.21859333333333328
0.0,0.00016666666666666666,0.08651999999999999,0.14788666666666664,0.16575999999999996,0.18363333333333326,0.19322666666666663,0.20601333333333333,0.21356666666666665
0.0,0.00078,0.08821333333333331,0.14953333333333332,0.16784666666666662,0.18647999999999992,0.19649333333333335,0.2100733333333333,0.21821333333333334
0.0,0.002566666666666667,0.09147999999999996,0.1501933333333333,0.16810666666666665,0.18728666666666663,0.19820666666666673,0.21244666666666664,0.22079333333333334
0.0,0.006113333333333335,0.09793333333333333,0.1578133333333333,0.17674,0.19750666666666664,0.20901333333333333,0.2244933333333333,0.23349999999999999
0.0,0.009793333333333336,0.10361333333333331,0.16308666666666663,0.18221999999999997,0.20383333333333334,0.21609333333333325,0.2322333333333333,0.24192666666666668
0.0,0.015366666666666664,0.11126,0.1654666666666666,0.18116666666666667,0.19879333333333335,0.20850666666666665,0.22136666666666663,0.22913333333333333
0.0,0.01822666666666667,0.11366666666666665,0.15957999999999997,0.17380666666666666,0.18936666666666663,0.19802,0.20966,0.2165333333333333
0.0,0.02098,0.11448666666666663,0.15754666666666664,0.17108666666666664,0.18588000000000002,0.19418000000000002,0.2050333333333333,0.21142000000000002
0.0,0.023606666666666668,0.11479999999999999,0.1553,0.16876666666666665,0.18327999999999997,0.1912333333333333,0.20197333333333325,0.20817333333333335
