Epochs,Loss,Accuracy (%),Silent labels (%),Time (s)
0.1,58.46358333333333,61.9,8.35,19.290685176849365
0.2,41.92033333333333,77.83333333333333,0.11666666666666668,40.109126567840576
0.3,42.9375,75.91666666666667,0.05,60.723525285720825
0.4,45.193083333333334,71.5,0.05,80.95098996162415
0.5,47.113,68.30000000000001,0.03333333333333333,101.53185653686523
0.6,50.161833333333334,64.31666666666666,0.05,120.84929990768433
0.7,51.13591666666667,61.916666666666664,0.05,139.67400312423706
0.8,53.478833333333334,57.86666666666667,0.03333333333333333,158.24295496940613
0.9,54.321416666666664,56.13333333333333,0.03333333333333333,176.53611063957214
1.0,56.28225,52.949999999999996,0.016666666666666666,194.42951703071594
1.1,57.10041666666667,51.78333333333334,0.0,18.212908267974854
1.2,57.61666666666667,50.416666666666664,0.05,35.997220039367676
1.3,58.1185,48.75,0.016666666666666666,53.72943377494812
1.4,59.38916666666667,46.86666666666667,0.016666666666666666,70.909494638443
1.5,60.644,43.75,0.016666666666666666,87.85804057121277
1.6,60.571416666666664,44.61666666666667,0.0,104.62928175926208
1.7,61.47108333333333,42.9,0.03333333333333333,121.35778307914734
1.8,62.04775,42.55,0.0,137.8434329032898
1.9,63.13133333333333,40.8,0.016666666666666666,154.17589569091797
2.0,63.293,40.33333333333333,0.0,169.96351194381714
2.1,63.39791666666667,40.53333333333333,0.0,15.880711555480957
2.2,63.99041666666667,39.21666666666667,0.0,31.57397747039795
2.3,63.77066666666666,38.916666666666664,0.0,47.253549098968506
2.4,65.14375,36.583333333333336,0.03333333333333333,62.581050872802734
2.5,64.97741666666667,36.666666666666664,0.03333333333333333,77.59633541107178
2.6,64.56783333333334,38.016666666666666,0.03333333333333333,92.6217827796936
2.7,65.52183333333333,34.416666666666664,0.0,107.41914415359497
2.8,65.31925,35.4,0.016666666666666666,121.89279174804688
2.9,65.8155,33.766666666666666,0.05,136.3381278514862
3.0,66.36725,32.733333333333334,0.0,150.5638747215271
3.1,65.802,33.6,0.0,14.344826698303223
3.2,66.51308333333333,32.166666666666664,0.0,28.48123335838318
3.3,66.63333333333334,31.816666666666666,0.0,42.430522203445435
3.4,67.27266666666667,30.55,0.0,56.28742074966431
3.5,67.08666666666667,31.05,0.0,69.98746871948242
3.6,68.16491666666667,29.4,0.0,83.44705152511597
3.7,68.06283333333333,29.7,0.03333333333333333,96.76967000961304
3.8,68.29991666666666,28.81666666666667,0.016666666666666666,109.8269853591919
3.9,67.77433333333333,30.283333333333335,0.03333333333333333,122.90400838851929
4.0,68.7265,28.199999999999996,0.06666666666666667,135.9546344280243
4.1,68.6285,27.900000000000002,0.03333333333333333,13.463064193725586
4.2,69.19575,27.700000000000003,0.016666666666666666,26.368550777435303
4.3,69.04566666666666,27.53333333333333,0.05,39.22725296020508
4.4,69.866,26.55,0.016666666666666666,51.958157539367676
4.5,69.2485,28.066666666666666,0.03333333333333333,64.5497989654541
4.6,69.91658333333334,26.38333333333333,0.03333333333333333,76.94468665122986
4.7,70.14725,25.7,0.0,89.34030675888062
4.8,70.11025,25.716666666666665,0.016666666666666666,101.76653051376343
4.9,70.38733333333333,25.533333333333335,0.05,113.97671818733215
5.0,70.66933333333333,24.75,0.0,126.07889604568481
5.1,70.79275,25.016666666666666,0.03333333333333333,12.317153930664062
5.2,71.3615,24.15,0.016666666666666666,24.244940280914307
5.3,71.10325,24.3,0.016666666666666666,36.05790591239929
5.4,71.1565,24.7,0.016666666666666666,47.89203953742981
5.5,71.103,24.55,0.0,59.47048616409302
5.6,71.97766666666666,23.983333333333334,0.05,71.09515619277954
5.7,72.06825,23.799999999999997,0.05,82.69223117828369
5.8,71.69083333333333,24.316666666666666,0.05,94.23887920379639
5.9,72.35833333333333,22.78333333333333,0.016666666666666666,105.699143409729
6.0,72.40316666666666,23.516666666666666,0.016666666666666666,116.96624040603638
6.1,72.35791666666667,22.900000000000002,0.03333333333333333,11.45792841911316
6.2,72.418,23.666666666666668,0.0,22.70469331741333
6.3,72.73966666666666,22.650000000000002,0.03333333333333333,33.94594740867615
6.4,73.14375,23.1,0.05,45.00297284126282
6.5,73.24766666666666,22.26666666666667,0.03333333333333333,56.03638935089111
6.6,73.02183333333333,22.716666666666665,0.0,67.04121327400208
6.7,73.29883333333333,22.416666666666664,0.03333333333333333,77.93419051170349
6.8,74.065,21.283333333333335,0.06666666666666667,88.81656980514526
6.9,74.599,20.833333333333336,0.016666666666666666,99.54816365242004
7.0,73.33025,22.650000000000002,0.0,110.29304504394531
7.1,74.16866666666667,21.133333333333333,0.0,10.9942626953125
7.2,74.53691666666667,21.266666666666666,0.08333333333333334,21.74403738975525
7.3,74.29591666666667,21.066666666666666,0.05,32.35597586631775
7.4,74.67633333333333,21.033333333333335,0.0,42.789549827575684
7.5,74.08066666666667,21.983333333333334,0.0,53.023301124572754
7.6,73.89333333333333,22.566666666666666,0.016666666666666666,63.28664684295654
7.7,75.14708333333333,20.483333333333334,0.03333333333333333,73.52395486831665
7.8,75.04808333333334,21.15,0.03333333333333333,83.54449915885925
7.9,74.99058333333333,21.15,0.016666666666666666,93.6095039844513
8.0,74.82533333333333,21.616666666666667,0.03333333333333333,103.6297299861908
8.1,75.31725,20.883333333333333,0.016666666666666666,10.30858850479126
8.2,75.73691666666667,20.45,0.03333333333333333,20.37687063217163
8.3,75.48533333333333,20.45,0.05,30.405505418777466
8.4,75.61075,20.349999999999998,0.0,40.30875086784363
8.5,75.51825,21.0,0.016666666666666666,50.20767331123352
8.6,75.8335,20.566666666666666,0.016666666666666666,60.06327676773071
8.7,75.64566666666667,20.116666666666667,0.016666666666666666,69.97341918945312
8.8,76.01775,20.716666666666665,0.06666666666666667,79.50845050811768
8.9,76.03916666666667,20.466666666666665,0.0,88.91509914398193
9.0,76.09175,19.916666666666664,0.05,98.26077032089233
9.1,76.18241666666667,20.216666666666665,0.016666666666666666,9.756251096725464
9.2,76.31216666666667,20.033333333333335,0.05,19.125669717788696
9.3,76.45033333333333,20.200000000000003,0.03333333333333333,28.492303609848022
9.4,75.73616666666666,20.833333333333336,0.0,37.794185161590576
9.5,76.436,19.75,0.0,47.17603898048401
9.6,76.95941666666667,19.116666666666667,0.016666666666666666,56.47872829437256
9.7,76.63516666666666,19.6,0.06666666666666667,65.86149740219116
9.8,76.62633333333333,20.316666666666666,0.03333333333333333,75.25972986221313
9.9,77.11425,19.05,0.0,84.58021783828735
10.0,77.14,19.15,0.03333333333333333,93.86155533790588
10.1,77.082,19.516666666666666,0.03333333333333333,9.702300548553467
10.2,77.26758333333333,18.983333333333334,0.016666666666666666,18.965503692626953
10.3,76.98616666666666,20.05,0.0,28.21665048599243
10.4,77.00191666666667,19.28333333333333,0.016666666666666666,37.37572956085205
10.5,77.56008333333334,18.816666666666666,0.03333333333333333,46.53583478927612
10.6,78.10958333333333,18.833333333333332,0.05,55.699461936950684
10.7,77.22233333333334,19.483333333333334,0.016666666666666666,64.77859091758728
10.8,77.987,19.3,0.05,73.83994555473328
10.9,77.18425,19.466666666666665,0.0,83.00516843795776
11.0,78.71391666666666,17.8,0.03333333333333333,92.00577116012573
11.1,77.41658333333334,19.433333333333334,0.06666666666666667,9.412033557891846
11.2,77.54891666666667,19.03333333333333,0.05,18.4171781539917
11.3,77.40216666666667,19.35,0.03333333333333333,27.459154844284058
11.4,78.29333333333334,18.566666666666666,0.03333333333333333,36.4188027381897
11.5,78.06841666666666,18.78333333333333,0.03333333333333333,45.24579048156738
11.6,78.46491666666667,18.183333333333334,0.03333333333333333,54.168858766555786
11.7,78.35458333333334,18.416666666666668,0.016666666666666666,63.02941823005676
11.8,78.14116666666666,18.9,0.0,71.8650152683258
11.9,77.979,19.21666666666667,0.016666666666666666,80.5378029346466
12.0,77.82641666666666,19.083333333333332,0.0,89.12410688400269
12.1,78.28875,18.183333333333334,0.05,8.928634881973267
12.2,78.58833333333334,17.616666666666667,0.0,17.50819993019104
12.3,78.04258333333334,18.73333333333333,0.05,26.175118684768677
12.4,77.77358333333333,18.583333333333332,0.03333333333333333,34.86806392669678
12.5,77.99591666666667,18.983333333333334,0.0,43.51620626449585
12.6,78.5655,18.21666666666667,0.03333333333333333,52.156784772872925
12.7,78.21841666666667,18.78333333333333,0.08333333333333334,60.799989223480225
12.8,78.4325,18.5,0.0,69.43098378181458
12.9,78.35125,18.366666666666667,0.0,78.03709864616394
13.0,78.15483333333333,18.6,0.016666666666666666,86.65453386306763
13.1,77.76558333333334,19.433333333333334,0.03333333333333333,8.925283908843994
13.2,77.96525,18.65,0.016666666666666666,17.33261227607727
13.3,78.15766666666667,18.78333333333333,0.03333333333333333,25.760390043258667
13.4,77.61133333333333,19.85,0.05,34.301246881484985
13.5,78.76633333333334,18.53333333333333,0.016666666666666666,42.78832769393921
13.6,78.17225,19.116666666666667,0.05,51.20204710960388
13.7,77.97175,19.866666666666667,0.0,59.72271537780762
13.8,77.87041666666667,18.866666666666667,0.0,68.18138146400452
13.9,77.83091666666667,19.45,0.06666666666666667,76.51539587974548
14.0,78.05966666666667,18.883333333333333,0.0,84.78698205947876
14.1,77.62525,19.366666666666667,0.05,8.637662887573242
14.2,77.85033333333334,19.183333333333334,0.03333333333333333,16.79689884185791
14.3,77.17025,20.65,0.016666666666666666,24.965320110321045
14.4,77.52908333333333,19.783333333333335,0.016666666666666666,33.154701948165894
14.5,76.43375,21.4,0.03333333333333333,41.28832459449768
14.6,76.2695,21.766666666666666,0.016666666666666666,49.50313639640808
14.7,76.48183333333333,21.9,0.0,57.68775749206543
14.8,76.747,22.0,0.03333333333333333,65.88520050048828
14.9,76.5895,21.8,0.05,74.07025933265686
15.0,75.65725,23.116666666666667,0.03333333333333333,82.15891790390015
15.1,75.94591666666666,22.483333333333334,0.03333333333333333,8.428084373474121
15.2,76.4045,21.8,0.03333333333333333,16.55319833755493
15.3,76.62408333333333,21.099999999999998,0.03333333333333333,24.583131313323975
15.4,76.458,21.266666666666666,0.016666666666666666,32.65226364135742
15.5,76.32858333333333,21.666666666666668,0.05,40.66640043258667
15.6,75.29625,22.866666666666667,0.03333333333333333,48.68602657318115
15.7,76.05433333333333,22.26666666666667,0.016666666666666666,56.68930792808533
15.8,75.62583333333333,22.35,0.016666666666666666,64.693443775177
15.9,75.44525,22.666666666666664,0.0,72.68269944190979
16.0,75.62408333333333,22.900000000000002,0.03333333333333333,80.63839411735535
16.1,75.45566666666667,22.7,0.03333333333333333,8.488755226135254
16.2,75.112,22.716666666666665,0.016666666666666666,16.482131481170654
16.3,75.31308333333334,22.716666666666665,0.0,24.438194513320923
16.4,74.32008333333333,23.25,0.016666666666666666,32.45932960510254
16.5,74.57625,24.133333333333333,0.05,40.48876237869263
16.6,73.9035,24.566666666666666,0.0,48.540345191955566
16.7,75.27816666666666,23.35,0.0,56.47808027267456
16.8,74.85516666666666,23.216666666666665,0.03333333333333333,64.3623218536377
16.9,74.6225,23.45,0.016666666666666666,72.15849685668945
17.0,75.44275,22.866666666666667,0.05,80.08964943885803
17.1,75.17058333333334,22.583333333333332,0.05,8.30935287475586
17.2,75.98391666666667,21.816666666666666,0.0,16.070250749588013
17.3,76.03841666666666,21.933333333333334,0.016666666666666666,23.925925970077515
17.4,76.83016666666667,21.083333333333336,0.0,31.783159971237183
17.5,77.02558333333333,20.083333333333332,0.0,39.66668629646301
17.6,76.94741666666667,20.8,0.016666666666666666,47.558027505874634
17.7,76.68833333333333,20.549999999999997,0.05,55.317471742630005
17.8,77.53125,19.383333333333333,0.03333333333333333,63.04938554763794
17.9,77.19266666666667,20.066666666666666,0.016666666666666666,70.81630301475525
18.0,77.00533333333334,20.383333333333333,0.0,78.56384348869324
18.1,77.3875,19.716666666666665,0.016666666666666666,8.079828023910522
18.2,77.33433333333333,19.516666666666666,0.05,15.80110502243042
18.3,77.31091666666667,19.333333333333332,0.016666666666666666,23.531123638153076
18.4,77.10741666666667,18.6,0.0,31.247695446014404
18.5,77.18725,19.116666666666667,0.016666666666666666,38.86060976982117
18.6,77.12583333333333,19.75,0.016666666666666666,46.44851016998291
18.7,77.35583333333334,18.35,0.0,54.11136531829834
18.8,77.141,19.5,0.016666666666666666,61.75797963142395
18.9,77.12416666666667,18.983333333333334,0.0,69.36303949356079
19.0,77.59275,18.15,0.0,77.11156153678894
19.1,77.41091666666667,18.25,0.03333333333333333,8.137173175811768
19.2,78.02941666666666,17.583333333333336,0.0,15.73277759552002
19.3,77.66966666666667,18.0,0.05,23.29407048225403
19.4,77.38258333333333,18.9,0.016666666666666666,30.80162477493286
19.5,77.866,17.466666666666665,0.0,38.37511420249939
19.6,78.25791666666667,16.8,0.03333333333333333,45.9897894859314
19.7,77.80191666666667,17.783333333333335,0.0,53.57598924636841
19.8,78.633,15.85,0.016666666666666666,61.089234828948975
19.9,77.95341666666667,17.083333333333332,0.0,68.68087077140808
20.0,77.85691666666666,17.150000000000002,0.016666666666666666,76.34434342384338
