0.02,0.03,0.05,0.08,0.1,0.13,0.15,0.18,0.2
0.0,0.0,0.013333333333333332,0.12266666666666665,0.22333333333333327,0.3986666666666667,0.5326666666666666,0.7299999999999999,0.8486666666666666
0.0,0.0,0.017333333333333333,0.13599999999999998,0.24399999999999994,0.4273333333333334,0.5546666666666666,0.752,0.8793333333333334
0.0,0.0,0.02,0.14399999999999996,0.24799999999999997,0.4353333333333334,0.5666666666666667,0.772,0.9006666666666666
0.0,0.0,0.021333333333333336,0.148,0.2566666666666666,0.4473333333333334,0.5820000000000001,0.786,0.9113333333333334
0.0,0.0,0.02866666666666667,0.15533333333333332,0.2653333333333333,0.4566666666666667,0.5926666666666667,0.7953333333333334,0.9253333333333335
0.0,0.0,0.03133333333333334,0.16199999999999995,0.28333333333333327,0.47200000000000003,0.6073333333333333,0.8086666666666668,0.9359999999999999
0.0,0.0,0.037333333333333336,0.1786666666666666,0.294,0.48666666666666664,0.6186666666666666,0.8093333333333333,0.9306666666666668
0.0,0.0006666666666666666,0.06266666666666666,0.20733333333333331,0.32599999999999996,0.5166666666666666,0.6399999999999999,0.8253333333333334,0.9433333333333332
0.0,0.004666666666666667,0.07733333333333334,0.2286666666666666,0.34666666666666673,0.528,0.6559999999999999,0.8313333333333333,0.9413333333333332
0.0,0.011333333333333332,0.088,0.24866666666666665,0.36266666666666664,0.5486666666666666,0.6673333333333332,0.8466666666666667,0.9526666666666667
