Epochs,Loss,Accuracy (%),Silent labels (%),Time (s)
0.1,62.88316666666667,62.016666666666666,18.15,16.466286182403564
0.2,32.59525,83.78333333333333,4.7,33.21420502662659
0.3,20.832833333333333,91.48333333333333,0.016666666666666666,48.83389711380005
0.4,17.684083333333334,93.41666666666667,0.0,63.389551639556885
0.5,16.46325,92.98333333333333,0.016666666666666666,76.91292142868042
0.6,14.879583333333333,94.48333333333333,0.0,89.64261722564697
0.7,14.21975,94.46666666666667,0.0,101.77267813682556
0.8,13.158916666666666,95.33333333333334,0.0,113.4337944984436
0.9,12.836916666666667,95.46666666666667,0.0,124.64366269111633
1.0,12.450833333333334,95.31666666666668,0.016666666666666666,135.39443945884705
1.1,11.367833333333333,95.83333333333334,0.0,10.373807191848755
1.2,11.288583333333333,96.01666666666667,0.0,20.60962152481079
1.3,10.628666666666666,96.43333333333334,0.0,30.53562617301941
1.4,10.625166666666667,96.36666666666667,0.0,40.13084626197815
1.5,10.25025,96.51666666666667,0.0,49.55945372581482
1.6,10.153416666666667,96.5,0.0,58.79144310951233
1.7,9.864666666666666,96.36666666666667,0.0,67.90521001815796
1.8,9.691416666666667,96.6,0.0,76.79113817214966
1.9,9.6555,96.56666666666666,0.0,85.54808640480042
2.0,9.156083333333333,97.15,0.0,94.15864324569702
2.1,8.781666666666666,97.3,0.0,8.504493951797485
2.2,8.828916666666666,97.15,0.0,16.948021411895752
2.3,8.762083333333333,97.23333333333333,0.0,25.27426266670227
2.4,8.719083333333334,96.93333333333334,0.0,33.466851234436035
2.5,8.4495,97.35000000000001,0.0,41.58215665817261
2.6,7.981916666666667,97.6,0.016666666666666666,49.58392119407654
2.7,8.168166666666666,97.28333333333333,0.016666666666666666,57.48334527015686
2.8,8.0255,97.36666666666667,0.0,65.30791234970093
2.9,8.300083333333333,97.06666666666666,0.0,73.03378367424011
3.0,7.795583333333333,97.58333333333333,0.0,80.7134473323822
3.1,7.52175,97.71666666666667,0.0,7.628087043762207
3.2,7.514166666666667,97.58333333333333,0.0,15.190630674362183
3.3,7.36425,97.88333333333334,0.0,22.703136205673218
3.4,7.663333333333333,97.68333333333334,0.0,30.197641372680664
3.5,7.2675833333333335,97.76666666666667,0.0,37.64917302131653
3.6,6.989833333333333,98.16666666666667,0.0,44.994486808776855
3.7,7.263,97.85000000000001,0.0,52.270735025405884
3.8,7.273416666666667,97.7,0.0,59.47500252723694
3.9,6.987833333333334,98.15,0.0,66.6485104560852
4.0,7.1605,97.76666666666667,0.0,73.76502227783203
4.1,6.696916666666667,98.03333333333333,0.0,7.113238334655762
4.2,6.551666666666667,98.18333333333334,0.0,14.2055184841156
4.3,6.479666666666667,98.18333333333334,0.0,21.299429178237915
4.4,6.720416666666667,98.16666666666667,0.0,28.32426953315735
4.5,6.577,98.18333333333334,0.0,35.341044187545776
4.6,6.55675,98.21666666666667,0.0,42.32024550437927
4.7,6.799916666666666,97.66666666666667,0.0,49.262627363204956
4.8,6.285916666666667,98.13333333333333,0.0,56.16261124610901
4.9,6.6040833333333335,98.01666666666667,0.0,63.08220601081848
5.0,6.5505,98.08333333333333,0.0,69.93039131164551
5.1,6.118666666666667,98.26666666666667,0.0,6.867384910583496
5.2,6.1779166666666665,98.36666666666667,0.0,13.715298891067505
5.3,5.9845,98.26666666666667,0.0,20.478249549865723
5.4,5.951,98.51666666666667,0.0,27.246647596359253
5.5,6.1605,98.03333333333333,0.0,33.968159675598145
5.6,5.971,98.33333333333333,0.0,40.638519287109375
5.7,5.863833333333333,98.31666666666666,0.0,47.28232169151306
5.8,5.9656666666666665,98.18333333333334,0.016666666666666666,53.8972327709198
5.9,5.9759166666666665,98.33333333333333,0.0,60.48670268058777
6.0,5.7775,98.43333333333332,0.0,67.05734872817993
6.1,5.349833333333334,98.63333333333333,0.0,6.594081401824951
6.2,5.445416666666667,98.61666666666666,0.0,13.175806283950806
6.3,5.422083333333333,98.71666666666667,0.0,19.66405415534973
6.4,5.725,98.53333333333333,0.016666666666666666,26.160704374313354
6.5,5.507333333333333,98.46666666666667,0.0,32.648749589920044
6.6,5.68925,98.33333333333333,0.0,39.11184787750244
6.7,5.61475,98.53333333333333,0.0,45.53376770019531
6.8,5.533083333333333,98.36666666666667,0.0,51.89432692527771
6.9,5.412333333333334,98.43333333333332,0.0,58.22875189781189
7.0,5.55825,98.31666666666666,0.0,64.55218386650085
7.1,4.980083333333333,98.88333333333334,0.0,6.344772577285767
7.2,5.173,98.55000000000001,0.0,12.637447357177734
7.3,5.265,98.63333333333333,0.0,18.936338901519775
7.4,5.130416666666667,98.65,0.0,25.20201086997986
7.5,5.168916666666667,98.61666666666666,0.0,31.46218729019165
7.6,5.156083333333333,98.65,0.0,37.681809186935425
7.7,5.18075,98.6,0.0,43.84752798080444
7.8,5.06575,98.85000000000001,0.0,50.01921105384827
7.9,5.28775,98.65,0.0,56.158936500549316
8.0,5.493833333333333,98.45,0.0,62.26969647407532
8.1,4.964833333333333,98.96666666666667,0.0,6.13495135307312
8.2,5.152416666666666,99.03333333333333,0.0,12.349808692932129
8.3,5.434916666666667,98.7,0.0,18.548190116882324
8.4,5.443666666666667,98.65,0.0,24.73392343521118
8.5,5.6805,98.56666666666666,0.0,30.955875158309937
8.6,6.05275,98.66666666666667,0.016666666666666666,37.174116134643555
8.7,6.204,98.95,0.0,43.38765811920166
8.8,6.255916666666667,98.78333333333333,0.016666666666666666,49.583075284957886
8.9,6.715,98.85000000000001,0.0,55.812493324279785
9.0,6.8645,98.85000000000001,0.016666666666666666,62.037668228149414
9.1,6.7745,98.98333333333333,0.016666666666666666,6.237738609313965
9.2,6.875916666666667,99.11666666666666,0.016666666666666666,12.46440577507019
9.3,7.06775,98.8,0.0,18.682071208953857
9.4,7.233583333333334,98.96666666666667,0.0,24.894479751586914
9.5,7.548166666666667,98.76666666666667,0.0,31.124441385269165
9.6,7.31275,98.85000000000001,0.0,37.39607238769531
9.7,7.38775,99.0,0.0,43.710275173187256
9.8,7.235083333333334,98.88333333333334,0.0,49.9556884765625
9.9,7.116916666666667,98.88333333333334,0.0,56.18511343002319
10.0,7.078166666666666,98.91666666666666,0.0,62.404616832733154
