Epochs,Loss,Accuracy (%),Silent labels (%),Time (s),Average Prediction Confidence
0.09973404255319149,94.49928888888888,31.2,6.097777777777778,35.0654182434082,0.28653629629632443
0.19946808510638298,61.23426666666667,55.02222222222222,0.0,59.92022466659546,0.3389037037036508
0.2992021276595745,55.39906666666667,61.591111111111104,0.0,83.55166745185852,0.37214024691355296
0.39893617021276595,51.992488888888886,63.955555555555556,0.0,105.67241907119751,0.396491851851835
0.49867021276595747,49.5072,66.88,0.0,126.73340654373169,0.41588503703701873
0.598404255319149,47.79035555555556,68.03555555555556,0.0,147.37376880645752,0.4317244444444263
0.6981382978723404,46.14315555555556,68.63111111111111,0.0,168.534765958786,0.44532148148147055
0.7978723404255319,44.761466666666664,70.11555555555556,0.0,189.16739749908447,0.4572029629629732
0.8976063829787234,43.5272,71.15555555555557,0.0,208.90464544296265,0.4678209053498187
0.9973404255319149,42.3784,71.95555555555555,0.0,228.67261028289795,0.4775674074074425
1.0970744680851063,41.04991111111111,73.32444444444445,0.0,19.68039035797119,0.5773698630137152
1.196808510638298,40.566177777777774,73.02222222222223,0.0,38.06697201728821,0.5802732732732667
1.2965425531914894,39.84368888888889,74.0,0.0,56.61955499649048,0.5831250622819847
1.3962765957446808,39.495777777777775,74.10666666666667,0.0,74.84791016578674,0.5857270693511861
1.4960106382978724,39.01764444444444,74.58666666666667,0.0,93.77234196662903,0.5882680965146924
1.5957446808510638,38.58337777777778,74.81777777777778,0.0,112.3585376739502,0.5907003968253668
1.6954787234042554,37.9256,75.10222222222222,0.0,131.27911639213562,0.593318886764382
1.7952127659574468,37.623777777777775,75.18222222222222,0.0,150.03007125854492,0.5957108881456699
1.8949468085106382,37.32266666666667,75.93777777777778,0.0,168.43611335754395,0.5977863628859243
1.9946808510638299,36.818711111111114,75.91111111111111,0.0,186.80730938911438,0.600033273915654
2.0944148936170213,36.14848888888889,77.07555555555555,0.0,17.73340654373169,0.6252895148670005
2.1941489361702127,35.77848888888889,76.96888888888888,0.0,34.97220587730408,0.6275799086757873
2.293882978723404,35.553422222222224,77.08444444444444,0.0,51.806978940963745,0.6293232780291242
2.393617021276596,35.0564,77.77777777777779,0.008888888888888889,68.55379223823547,0.6312207207206723
2.4933510638297873,35.33493333333333,77.37777777777778,0.0,84.87086582183838,0.6320227613057376
2.5930851063829787,34.72902222222222,77.61777777777777,0.0,101.85022115707397,0.6335286497259359
2.69281914893617,34.5536,77.83111111111111,0.0,118.78699254989624,0.6348944337811834
2.7925531914893615,34.73173333333333,77.33333333333333,0.008888888888888889,136.25812244415283,0.6355965697240901
2.8922872340425534,34.70155555555556,77.70666666666666,0.0,152.73639678955078,0.6364424573605001
2.992021276595745,34.330755555555555,77.92,0.0,168.88418412208557,0.6373100983021336
3.091755319148936,33.590133333333334,78.84444444444443,0.0,15.458726406097412,0.6498937198067825
3.1914893617021276,33.498133333333335,78.59555555555555,0.0,31.72837781906128,0.6517746913580115
3.291223404255319,33.15502222222222,78.88,0.0,47.680317401885986,0.6529802130897622
3.390957446808511,32.86008888888889,79.55555555555556,0.0,63.58990406990051,0.6546213151926921
3.4906914893617023,32.678577777777775,79.44,0.0,79.7823395729065,0.6560409515205763
3.5904255319148937,33.010666666666665,79.50222222222222,0.0,95.6488471031189,0.656495495495466
3.690159574468085,33.0848,78.88888888888889,0.0,111.73397064208984,0.6566722329265523
3.7898936170212765,33.28115555555556,78.86222222222223,0.0,126.84040904045105,0.6566442199775518
3.889627659574468,32.18328888888889,79.66222222222223,0.0,141.90313005447388,0.6577917289486919
3.9893617021276597,32.84391111111111,78.82666666666667,0.0,156.92676615715027,0.6581905615293585
4.089095744680851,31.852266666666665,80.14222222222223,0.0,13.662306547164917,0.6690945273632035
4.1888297872340425,31.782133333333334,79.92,0.0,28.596096992492676,0.6698278560250231
4.288563829787234,31.73817777777778,80.07111111111112,0.0,43.37885355949402,0.6702939068099918
4.388297872340425,31.91031111111111,79.96444444444445,0.0,58.37476634979248,0.6700091324200372
4.488031914893617,31.816755555555556,80.12444444444444,0.0,73.44745874404907,0.6698346957311074
4.587765957446808,31.71671111111111,80.24,0.0,88.17684412002563,0.6701820010054989
4.6875,31.71151111111111,79.82222222222222,0.0,102.68086051940918,0.6703013109821386
4.787234042553192,32.15893333333333,79.73333333333333,0.0,117.26329374313354,0.6698783783783654
4.886968085106383,31.250444444444444,80.80000000000001,0.0,132.55125260353088,0.670686656671677
4.986702127659575,31.474622222222223,80.4,0.0,148.3316707611084,0.6712213237497214
5.086436170212766,31.141155555555557,80.80888888888889,0.0,12.906108379364014,0.6749606837607028
5.1861702127659575,30.475377777777776,81.54666666666667,0.0,27.80246615409851,0.6795873015872824
5.285904255319149,30.379955555555554,81.44888888888889,0.0,42.4130494594574,0.6816516795865225
5.38563829787234,30.442666666666668,81.44,0.008888888888888889,56.956591844558716,0.6824076628351932
5.485372340425532,30.936622222222223,80.72,0.0,71.38644409179688,0.6820237442921888
5.585106382978723,30.733422222222224,80.92444444444445,0.0,86.70123648643494,0.6819191919191576
5.684840425531915,30.67471111111111,81.20888888888888,0.0,101.9816267490387,0.6821600862998655
5.784574468085107,30.620044444444446,81.27111111111111,0.0,116.76813650131226,0.6821491525423501
5.884308510638298,30.83088888888889,80.82666666666667,0.0,132.36931729316711,0.6820838763575785
5.98404255319149,31.342533333333332,80.42666666666666,0.0,147.88830471038818,0.6814978978979948
6.0837765957446805,29.939822222222222,81.70666666666668,0.0,13.18563437461853,0.6896296296296495
6.183510638297872,29.499866666666666,82.33777777777777,0.0,28.302358388900757,0.691365539452477
6.283244680851064,30.02168888888889,81.92,0.0,43.290913343429565,0.6902576943139958
6.382978723404255,30.0336,81.30666666666667,0.008888888888888889,58.647483110427856,0.6903225308641484
6.482712765957447,30.056933333333333,81.36,0.0,73.85192513465881,0.6899026629935301
6.582446808510638,30.036844444444444,81.84,0.0,88.51338863372803,0.6900558092338586
6.68218085106383,30.009822222222223,81.68888888888888,0.0,102.7358546257019,0.6900697422568437
6.781914893617022,29.826844444444443,81.63555555555556,0.0,116.95093512535095,0.6902312925169801
6.881648936170213,30.363555555555557,81.10222222222222,0.0,130.82581043243408,0.6899829059829181
6.9813829787234045,29.837644444444443,81.82222222222222,0.0,144.9581413269043,0.6900505871726434
7.0811170212765955,29.13248888888889,82.39111111111112,0.0,12.946945190429688,0.6978214936247881
7.180851063829787,29.279244444444444,82.49777777777778,0.0,27.923956871032715,0.697065359477108
7.280585106382978,29.3244,82.35555555555555,0.0,43.24312090873718,0.6968151658767404
7.38031914893617,29.499111111111112,81.68888888888888,0.0,59.238648414611816,0.6963185703185214
7.480053191489362,29.392311111111113,82.0,0.0,73.25541996955872,0.6962807017543414
7.579787234042553,29.33888888888889,82.04444444444444,0.008888888888888889,87.13055753707886,0.6963863404688673
7.679521276595745,29.426933333333334,82.32888888888888,0.0,101.75057578086853,0.6963313763861306
7.779255319148936,29.396622222222224,82.26666666666667,0.008888888888888889,116.74577069282532,0.6962813803564304
7.878989361702128,29.56702222222222,82.25777777777778,0.0,130.49356746673584,0.6961069087241583
7.9787234042553195,29.76408888888889,81.63555555555556,0.0,144.944420337677,0.6958997584541922
8.07845744680851,28.74511111111111,82.91555555555556,0.0,12.352895736694336,0.7008813559322221
8.178191489361701,29.289866666666665,82.35555555555555,0.0,26.921223878860474,0.6985704809286764
8.277925531914894,28.726133333333333,82.63111111111111,0.008888888888888889,41.620184898376465,0.6995513024986336
8.377659574468085,29.289555555555555,82.24000000000001,0.008888888888888889,56.704181432724,0.6984945226916579
8.477393617021276,28.69502222222222,82.88,0.0,71.71101903915405,0.6992609099349687
8.577127659574469,29.0648,82.13333333333334,0.0,85.9648163318634,0.6994214029697629
8.67686170212766,28.909244444444443,82.58666666666666,0.0,99.95349788665771,0.6997607509277202
8.77659574468085,28.905644444444444,82.52444444444444,0.0,113.94633960723877,0.7001651445966338
8.876329787234043,29.200666666666667,82.46222222222222,0.0,127.8095645904541,0.6999197437194707
8.976063829787234,29.165377777777778,82.20444444444445,0.0,142.0836169719696,0.6997971541024451
9.075797872340425,28.486933333333333,82.60444444444445,0.0,10.756450176239014,0.7070253411306203
9.175531914893616,28.192844444444443,83.7688888888889,0.0,24.56232213973999,0.7064444444444306
9.275265957446809,28.816933333333335,82.41777777777777,0.0,38.644400119781494,0.7045539452495597
9.375,28.87008888888889,83.13777777777777,0.008888888888888889,52.51351475715637,0.703959022852596
9.474734042553191,28.945422222222223,82.39999999999999,0.0,66.23075413703918,0.703356364768091
9.574468085106384,28.79146666666667,82.62222222222222,0.0,80.4386739730835,0.7033127572016171
9.674202127659575,28.407244444444444,83.18222222222222,0.0,94.76657795906067,0.7035099715099455
9.773936170212766,28.959511111111112,82.41777777777777,0.008888888888888889,108.7102882862091,0.7030698739976833
9.873670212765957,29.028844444444445,82.1511111111111,0.008888888888888889,122.32204961776733,0.7028141383392731
9.97340425531915,28.723066666666668,82.81777777777778,0.0,136.10212111473083,0.7028591378264544
