Epochs,Loss,Accuracy (%),Silent labels (%),Time (s),Average Prediction Confidence
0.09973404255319149,93.84115555555556,31.964444444444446,5.884444444444444,33.96931266784668,0.28880592592595444
0.19946808510638298,61.02204444444445,55.23555555555556,0.0,57.190181732177734,0.340900740740687
0.2992021276595745,55.15782222222222,61.99111111111111,0.0,79.51405072212219,0.3742459259259003
0.39893617021276595,51.84702222222222,63.93777777777778,0.0,101.46000409126282,0.39826370370369035
0.49867021276595747,49.2592,66.76444444444445,0.0,121.58393836021423,0.41783466666665386
0.598404255319149,47.44208888888889,68.08,0.0,140.60133004188538,0.4336414814814666
0.6981382978723404,45.78671111111111,68.79111111111112,0.0,159.12067246437073,0.44741841269840554
0.7978723404255319,44.142088888888885,70.46222222222222,0.0,177.15794968605042,0.45948518518519826
0.8976063829787234,42.92311111111111,71.08444444444444,0.0,194.64264607429504,0.47010502057616194
0.9973404255319149,42.01137777777778,71.50222222222223,0.0,211.66530513763428,0.4797042962963379
1.0970744680851063,41.07231111111111,73.19111111111111,0.0,17.127546787261963,0.5800060882800735
1.196808510638298,40.60306666666666,73.25333333333333,0.008888888888888889,34.5761284828186,0.5845975975975916
1.2965425531914894,39.78488888888889,73.56444444444445,0.008888888888888889,52.68004560470581,0.5883447932236963
1.3962765957446808,39.016755555555555,74.01777777777778,0.0,70.19068336486816,0.5915719612229285
1.4960106382978724,38.41395555555555,74.56,0.0,87.56996750831604,0.5947381590705568
1.5957446808510638,37.78648888888889,74.92444444444445,0.0,105.23766684532166,0.597756944444428
1.6954787234042554,37.059511111111114,75.22666666666666,0.0,122.17887544631958,0.6008132568515003
1.7952127659574468,36.5904,75.37777777777778,0.0,138.58594512939453,0.6035830546265475
1.8949468085106382,36.16848888888889,76.12444444444444,0.008888888888888889,155.0028965473175,0.6065616641902141
1.9946808510638299,35.760844444444444,76.50666666666666,0.0,171.11992144584656,0.6095508021390835
2.0944148936170213,34.98115555555555,77.82222222222222,0.0,15.677761554718018,0.6437683881064371
2.1941489361702127,34.71697777777778,77.52,0.0,31.858572006225586,0.64478538812784
2.293882978723404,34.35617777777778,77.72444444444444,0.0,48.050957441329956,0.6460874811462668
2.393617021276596,33.86613333333333,78.10666666666667,0.0,64.2556734085083,0.6478333333332842
2.4933510638297873,33.6576,77.68888888888888,0.008888888888888889,80.28260493278503,0.6490673854446969
2.5930851063829787,33.184,78.38222222222223,0.008888888888888889,96.29574012756348,0.6509496761335037
2.69281914893617,33.06328888888889,78.39111111111112,0.0,112.27581834793091,0.6527822563446259
2.7925531914893615,33.26773333333333,77.94666666666666,0.0,128.30013823509216,0.6538404175988063
2.8922872340425534,33.239466666666665,78.54222222222222,0.0,144.2381386756897,0.6547295909918932
2.992021276595745,32.9252,78.55111111111111,0.0,160.20823621749878,0.6559195710456648
3.091755319148936,32.10973333333333,79.56444444444445,0.0,16.268566846847534,0.6718776167472026
3.1914893617021276,32.16426666666667,79.34222222222222,0.0,32.80365562438965,0.6735709876543043
3.291223404255319,31.822133333333333,79.88444444444444,0.0,49.39611577987671,0.6752409944190365
3.390957446808511,31.268177777777776,80.4888888888889,0.0,65.87974715232849,0.6771670445955624
3.4906914893617023,30.95408888888889,80.09777777777778,0.0,82.33361411094666,0.6789798253537688
3.5904255319148937,31.256444444444444,80.34666666666666,0.0,98.63997220993042,0.6798918918918669
3.690159574468085,31.708666666666666,79.65333333333334,0.008888888888888889,114.90319418907166,0.6802937272532482
3.7898936170212765,32.03302222222222,79.39555555555555,0.008888888888888889,131.3473606109619,0.6803890759446247
3.889627659574468,30.656933333333335,80.40888888888888,0.008888888888888889,147.85466527938843,0.6818820793888398
3.9893617021276597,31.265644444444444,79.7688888888889,0.008888888888888889,164.11439490318298,0.6823643966548322
4.089095744680851,31.125244444444444,80.69333333333333,0.008888888888888889,14.911839246749878,0.6919402985074825
4.1888297872340425,31.183422222222223,81.06666666666666,0.017777777777777778,31.245803594589233,0.6938435054772878
4.288563829787234,31.761022222222223,80.73777777777778,0.035555555555555556,47.58860158920288,0.6950599078340602
4.388297872340425,32.035333333333334,80.60444444444444,0.07111111111111111,64.03400015830994,0.6954627092845735
4.488031914893617,31.60502222222222,81.00444444444445,0.06222222222222223,80.61827278137207,0.6956911898273914
4.587765957446808,30.78688888888889,81.60888888888888,0.044444444444444446,97.28361964225769,0.6971181498239992
4.6875,30.618755555555556,80.72,0.044444444444444446,113.84421825408936,0.6975181603266508
4.787234042553192,30.585733333333334,80.31111111111112,0.07111111111111111,130.3064365386963,0.697707207207197
4.886968085106383,30.46377777777778,81.57333333333334,0.035555555555555556,146.73350930213928,0.6985154089622306
4.986702127659575,31.768,81.22666666666667,0.02666666666666667,163.06993126869202,0.6990254567237066
5.086436170212766,32.470622222222225,81.53777777777778,0.05333333333333334,14.551288604736328,0.7043692307692504
5.1861702127659575,31.244977777777777,82.70222222222222,0.044444444444444446,31.095291137695312,0.7094158730158523
5.285904255319149,29.97862222222222,82.34666666666666,0.035555555555555556,47.755369424819946,0.7121157622738565
5.38563829787234,29.26097777777778,82.32888888888888,0.05333333333333334,64.35533452033997,0.7135111111110517
5.485372340425532,30.237733333333335,81.61777777777777,0.017777777777777778,80.97500872612,0.7128487062404407
5.585106382978723,29.679644444444445,82.1511111111111,0.0,97.74401235580444,0.7128232323231973
5.684840425531915,30.116488888888888,81.71555555555555,0.008888888888888889,114.3755190372467,0.7127533980582357
5.784574468085107,29.711066666666667,82.0,0.008888888888888889,130.9916262626648,0.7129642184557324
5.884308510638298,29.630266666666667,81.44888888888889,0.035555555555555556,147.41855311393738,0.7130827067669798
5.98404255319149,30.869466666666668,81.16444444444444,0.017777777777777778,163.7871196269989,0.7126870870872342
6.0837765957446805,30.20568888888889,82.61333333333334,0.035555555555555556,14.113753318786621,0.7212345679012562
6.183510638297872,30.144088888888888,83.06666666666666,0.017777777777777778,30.553970336914062,0.7224702093397544
6.283244680851064,29.535555555555554,82.94222222222221,0.0,47.080711364746094,0.7223411580594215
6.382978723404255,28.94391111111111,82.20444444444445,0.008888888888888889,63.7626850605011,0.7226003086419192
6.482712765957447,28.564622222222223,82.4711111111111,0.0,80.39152789115906,0.7221377410467862
6.582446808510638,27.820133333333334,82.58666666666666,0.0,97.0391571521759,0.7226372399796782
6.68218085106383,28.23168888888889,82.63111111111111,0.008888888888888889,113.68561482429504,0.7225211176088181
6.781914893617022,28.22551111111111,82.58666666666666,0.0,130.35861468315125,0.7228480725623484
6.881648936170213,28.581644444444443,82.22222222222221,0.008888888888888889,147.11731243133545,0.7226666666667338
6.9813829787234045,27.599422222222223,83.04,0.0,163.9610939025879,0.7230177657333676
7.0811170212765955,26.677777777777777,83.91999999999999,0.008888888888888889,13.896523714065552,0.7370637522768884
7.180851063829787,27.219155555555556,83.48444444444443,0.017777777777777778,30.695156574249268,0.7337777777777543
7.280585106382978,27.628711111111112,83.54666666666667,0.06222222222222223,47.3908965587616,0.7330679304896823
7.38031914893617,28.768133333333335,82.72,0.044444444444444446,64.09157347679138,0.7325392385391796
7.480053191489362,29.385244444444446,83.02222222222223,0.035555555555555556,80.81933164596558,0.7316922129885656
7.579787234042553,29.179866666666666,83.06666666666666,0.008888888888888889,97.55697250366211,0.7314923547400267
7.679521276595745,28.866533333333333,83.41333333333333,0.008888888888888889,114.32524871826172,0.7314807566862096
7.779255319148936,28.520977777777777,83.08444444444444,0.008888888888888889,131.10566306114197,0.7316010618126464
7.878989361702128,27.97111111111111,83.26222222222222,0.0,147.9531009197235,0.7317492015465429
7.9787234042553195,27.77897777777778,82.85333333333334,0.0,164.87429308891296,0.7314057971015993
8.07845744680851,26.467333333333332,83.70666666666666,0.0,13.676533937454224,0.737838041431285
8.178191489361701,26.73968888888889,83.36888888888889,0.0,30.543867349624634,0.7353598673299928
8.277925531914894,25.894177777777777,83.79555555555555,0.008888888888888889,47.42742872238159,0.7374970760233428
8.377659574468085,26.957066666666666,83.49333333333333,0.017777777777777778,64.24593424797058,0.7370532081376535
8.477393617021276,26.397022222222223,84.23111111111112,0.0,81.24697351455688,0.7379015784586386
8.577127659574469,26.692622222222223,83.59111111111112,0.0,98.18940544128418,0.7377675371223511
8.67686170212766,26.8148,83.91999999999999,0.017777777777777778,115.07704496383667,0.7378746998471769
8.77659574468085,26.979377777777778,83.80444444444444,0.035555555555555556,131.90446758270264,0.7382785388127738
8.876329787234043,27.678533333333334,83.71555555555555,0.02666666666666667,148.76499104499817,0.7381689428427753
8.976063829787234,27.31768888888889,83.88444444444444,0.017777777777777778,165.6767177581787,0.7384220405693537
9.075797872340425,26.5448,83.78666666666666,0.008888888888888889,13.211230278015137,0.7470097465887153
9.175531914893616,26.601244444444443,85.32444444444445,0.008888888888888889,30.16464877128601,0.7476767676767467
9.275265957446809,27.6968,84.05333333333334,0.0,47.15878653526306,0.7457971014492282
9.375,26.947777777777777,84.30222222222223,0.008888888888888889,64.24902558326721,0.7451442080377677
9.474734042553191,26.81288888888889,83.76,0.008888888888888889,81.31635761260986,0.7444967320260976
9.574468085106384,27.076044444444445,84.02666666666667,0.017777777777777778,98.3755407333374,0.7445751028806298
9.674202127659575,27.16168888888889,84.33777777777777,0.0,115.42116332054138,0.7449879465263911
9.773936170212766,27.5096,84.04444444444444,0.008888888888888889,132.44940185546875,0.744604047346308
9.873670212765957,27.51022222222222,83.82222222222222,0.008888888888888889,149.61048984527588,0.7443605614748157
9.97340425531915,26.999066666666668,83.82222222222222,0.0,166.7597141265869,0.7444074074075907
