Epochs,Loss,Accuracy (%),Silent labels (%),Time (s),Average Prediction Confidence
0.09973404255319149,93.06493333333333,31.99111111111111,5.475555555555555,34.231279373168945,0.2900977777778058
0.19946808510638298,61.035155555555555,55.30666666666667,0.0,57.39032435417175,0.3412059259258722
0.2992021276595745,55.27106666666667,61.60888888888889,0.0,78.66210412979126,0.37375802469133096
0.39893617021276595,51.97968888888889,63.537777777777784,0.0,98.87475728988647,0.39748148148146567
0.49867021276595747,49.35733333333334,66.8,0.0,118.34961795806885,0.4168343703703557
0.598404255319149,47.6688,67.7511111111111,0.008888888888888889,137.2209072113037,0.43252444444442956
0.6981382978723404,46.010577777777776,68.50666666666667,0.008888888888888889,155.69826817512512,0.4462586243386161
0.7978723404255319,44.50213333333333,70.46222222222222,0.0,173.76571702957153,0.4584348148148279
0.8976063829787234,43.236444444444444,71.22666666666667,0.0,191.5963270664215,0.4692931687243088
0.9973404255319149,42.19257777777778,71.81333333333333,0.008888888888888889,209.23952531814575,0.4790702222222609
1.0970744680851063,40.7192,73.34222222222222,0.0,17.240966081619263,0.5811324200913395
1.196808510638298,40.083866666666665,73.44888888888889,0.0,34.45994424819946,0.5845705705705626
1.2965425531914894,39.336844444444445,73.94666666666667,0.0,52.229191303253174,0.5880478325859246
1.3962765957446808,38.922133333333335,74.07111111111111,0.0,69.33775806427002,0.5908859060402264
1.4960106382978724,38.37533333333333,74.77333333333334,0.0,86.11500954627991,0.5938790586833006
1.5957446808510638,37.78328888888889,74.77333333333334,0.0,103.54830265045166,0.5968908730158499
1.6954787234042554,37.053644444444444,75.48444444444445,0.0,120.31680178642273,0.6000025493945133
1.7952127659574468,36.748977777777775,75.82222222222222,0.0,136.6372730731964,0.6028316610925363
1.8949468085106382,36.31293333333333,76.08888888888889,0.0,152.9735767841339,0.6055783391117839
1.9946808510638299,35.62577777777778,76.59555555555555,0.0,169.08334350585938,0.6084741532977166
2.0944148936170213,34.92017777777778,77.37777777777778,0.0,15.885714769363403,0.6403380281690344
2.1941489361702127,34.5992,77.52,0.0,32.381696462631226,0.6421308980212954
2.293882978723404,34.39066666666667,77.45777777777778,0.0,48.49650430679321,0.6431111111110723
2.393617021276596,33.986488888888886,78.01777777777778,0.0,64.89215111732483,0.644965465465415
2.4933510638297873,33.91835555555556,77.70666666666666,0.008888888888888889,81.08138489723206,0.6463695717280179
2.5930851063829787,33.391777777777776,78.60444444444444,0.0,97.02460432052612,0.6481923268559772
2.69281914893617,33.01453333333333,78.40888888888888,0.0,112.51657247543335,0.6500746427809655
2.7925531914893615,33.138666666666666,78.18666666666667,0.0,128.31444597244263,0.6513542132736747
2.8922872340425534,33.23422222222222,78.24,0.0,143.7023766040802,0.6523152839874252
2.992021276595745,32.7036,78.73777777777778,0.0,159.63371062278748,0.6535055108728988
3.091755319148936,31.950311111111112,79.60888888888888,0.0,16.265958786010742,0.6703059581320653
3.1914893617021276,31.739822222222223,79.5288888888889,0.0,32.353920459747314,0.6720987654320808
3.291223404255319,31.445555555555554,79.95555555555556,0.0,47.889535427093506,0.6732460679857541
3.390957446808511,31.104977777777776,80.16,0.0,62.872217893600464,0.6750944822372882
3.4906914893617023,30.8596,79.97333333333333,0.0,77.77611899375916,0.6766793134597585
3.5904255319148937,31.021066666666666,80.18666666666667,0.008888888888888889,92.57953977584839,0.6776356356356086
3.690159574468085,31.101777777777777,79.63555555555556,0.0,107.16030144691467,0.6780304003425237
3.7898936170212765,31.328311111111113,79.46666666666667,0.0,122.34785151481628,0.6781653572764621
3.889627659574468,30.046444444444443,80.37333333333333,0.0,137.50466775894165,0.6797801029729614
3.9893617021276597,30.7316,79.71555555555555,0.0,152.37409591674805,0.6803082437277119
4.089095744680851,30.05631111111111,79.95555555555556,0.0,14.679759502410889,0.6912371475953789
4.1888297872340425,29.529066666666665,80.96888888888888,0.0,29.683574199676514,0.6935618153364456
4.288563829787234,29.478177777777777,80.7911111111111,0.0,44.32106852531433,0.6947485919098407
4.388297872340425,29.70391111111111,80.67555555555556,0.008888888888888889,58.79587459564209,0.6947564687975082
4.488031914893617,29.594933333333334,80.89777777777778,0.0,73.24083924293518,0.6948652739933012
4.587765957446808,29.1812,81.46666666666667,0.0,87.79823899269104,0.695951734539947
4.6875,29.400044444444443,80.90666666666667,0.0,102.17251443862915,0.6962888459058552
4.787234042553192,29.564133333333334,80.97777777777779,0.0,116.6288697719574,0.6965127627627574
4.886968085106383,28.87311111111111,81.61777777777777,0.0,130.9411861896515,0.6973906380143775
4.986702127659575,29.008933333333335,81.44888888888889,0.0,145.24610471725464,0.6979173405212509
5.086436170212766,28.67222222222222,81.52888888888889,0.0,12.680439949035645,0.7040547008547235
5.1861702127659575,28.057377777777777,82.56,0.0,26.926787614822388,0.707787301587282
5.285904255319149,27.78191111111111,82.4711111111111,0.0,41.11562395095825,0.7105571059431119
5.38563829787234,27.736355555555555,82.29333333333332,0.008888888888888889,55.43189239501953,0.7117808429118259
5.485372340425532,28.391155555555557,81.85777777777777,0.0,69.55084037780762,0.7110891933028552
5.585106382978723,28.089155555555557,81.89333333333333,0.0,83.62379813194275,0.7111818181817949
5.684840425531915,28.20017777777778,82.02666666666667,0.0,97.80588340759277,0.7111792880258804
5.784574468085107,28.070755555555557,82.2488888888889,0.0,111.73657655715942,0.7113702448210895
5.884308510638298,28.16497777777778,81.45777777777778,0.0,125.65908741950989,0.7115522138680734
5.98404255319149,28.5192,81.43111111111111,0.0,139.56334328651428,0.711174774774931
6.0837765957446805,27.331333333333333,82.31111111111112,0.0,11.888320207595825,0.719477954144643
6.183510638297872,26.85546666666667,83.30666666666666,0.0,25.754474401474,0.7212560386473196
6.283244680851064,27.216933333333333,83.08444444444444,0.0,39.51250910758972,0.7211559728742334
6.382978723404255,27.30808888888889,82.44444444444444,0.008888888888888889,53.269951820373535,0.7212253086419131
6.482712765957447,27.368266666666667,82.39999999999999,0.0,66.9632260799408,0.7209035812671716
6.582446808510638,27.117333333333335,82.78222222222223,0.0,80.64183926582336,0.7213465246067718
6.68218085106383,27.391733333333335,82.97777777777777,0.0,94.31966662406921,0.7210578297595622
6.781914893617022,27.051733333333335,82.53333333333333,0.0,107.91936874389648,0.7212970521541782
6.881648936170213,27.57271111111111,81.79555555555555,0.0,121.61930203437805,0.7209418468242643
6.9813829787234045,26.832977777777778,82.80888888888889,0.0,135.11507201194763,0.7212797350197274
7.0811170212765955,26.04862222222222,83.91111111111111,0.0,11.364729404449463,0.734630236794193
7.180851063829787,26.373733333333334,83.44,0.0,24.861382722854614,0.7312843137254684
7.280585106382978,26.147866666666665,83.94666666666667,0.0,38.40776324272156,0.7318209583991093
7.38031914893617,26.417555555555555,83.17333333333333,0.0,51.8854238986969,0.7311903651903068
7.480053191489362,26.62911111111111,82.88888888888889,0.0,65.4273419380188,0.7304586026469249
7.579787234042553,26.416,83.43111111111111,0.008888888888888889,78.88026762008667,0.7306299694189283
7.679521276595745,26.3468,83.53777777777778,0.0,92.34996223449707,0.7306092628832135
7.779255319148936,26.373733333333334,83.43111111111111,0.0,105.91209650039673,0.7305271141448503
7.878989361702128,26.65511111111111,83.14666666666668,0.0,119.30439162254333,0.7303331652379285
7.9787234042553195,26.773066666666665,82.91555555555556,0.0,132.72000813484192,0.7300144927537815
8.07845744680851,25.663644444444444,83.91999999999999,0.0,10.788159132003784,0.7368738229755418
8.178191489361701,26.183688888888888,83.36888888888889,0.0,24.456026554107666,0.7339038142620012
8.277925531914894,25.497733333333333,83.81333333333333,0.008888888888888889,37.813761949539185,0.7351982987771994
8.377659574468085,25.92728888888889,83.53777777777778,0.0,51.18638372421265,0.7351830985914869
8.477393617021276,25.468,84.19555555555556,0.0,64.50200605392456,0.7360420922314654
8.577127659574469,25.704844444444443,83.89333333333333,0.0,77.7637391090393,0.7363553507424174
8.67686170212766,25.709244444444444,83.80444444444444,0.0,91.067866563797,0.7364007858545991
8.77659574468085,25.418622222222222,84.00888888888889,0.0,104.32373428344727,0.7370517503805095
8.876329787234043,25.8224,83.90222222222222,0.0,117.53988337516785,0.7369583544091275
8.976063829787234,25.710177777777776,83.85777777777777,0.0,130.77834725379944,0.7372092037543405
9.075797872340425,24.986444444444444,84.10666666666667,0.0,10.358644485473633,0.7460584795321841
9.175531914893616,24.625511111111113,85.21777777777778,0.0,23.623432397842407,0.7471784511784325
9.275265957446809,25.303466666666665,84.1511111111111,0.0,36.87939763069153,0.74517015566286
9.375,25.03857777777778,84.51555555555555,0.0,50.08463430404663,0.7446540583135729
9.474734042553191,25.469244444444445,84.08,0.0,63.29663157463074,0.7437970743852599
9.574468085106384,25.3292,84.10666666666667,0.0,76.45963859558105,0.7435864197530583
9.674202127659575,24.97408888888889,84.34666666666666,0.0,89.68812656402588,0.7438378259916526
9.773936170212766,25.444222222222223,83.69777777777779,0.008888888888888889,102.81101536750793,0.743406643757148
9.873670212765957,25.391866666666665,83.70666666666666,0.0,116.09249973297119,0.7431740233385016
9.97340425531915,25.259733333333333,84.07111111111111,0.0,129.59836530685425,0.7432222222224008
