Epochs,Loss,Accuracy (%),Silent labels (%),Time (s),Average Prediction Confidence
0.09973404255319149,95.33462222222222,31.680000000000003,6.364444444444445,36.34154224395752,0.2865659259259539
0.19946808510638298,61.53048888888889,55.04,0.06222222222222223,60.51047873497009,0.3391437037036515
0.2992021276595745,55.28008888888889,61.40444444444444,0.0,82.62899088859558,0.37257481481479077
0.39893617021276595,51.97302222222222,63.90222222222223,0.0,105.31375455856323,0.39684888888887704
0.49867021276595747,49.459155555555554,66.94222222222223,0.0,127.39091539382935,0.41622992592591274
0.598404255319149,47.595644444444446,68.47111111111111,0.0,147.6012134552002,0.4322962962962831
0.6981382978723404,46.03657777777778,68.43555555555557,0.0,168.076406955719,0.44600042328041856
0.7978723404255319,44.52951111111111,70.2488888888889,0.0,187.97130227088928,0.4582266666666822
0.8976063829787234,43.282444444444444,71.2,0.0,207.41011714935303,0.46909629629632843
0.9973404255319149,42.12435555555555,72.06222222222223,0.0,226.59290218353271,0.47888651851855957
1.0970744680851063,40.687022222222225,73.73333333333333,0.0,19.097073554992676,0.5811141552511571
1.196808510638298,40.11035555555556,73.42222222222222,0.0,38.437527894973755,0.5847687687687613
1.2965425531914894,39.39031111111111,73.87555555555556,0.0,56.31947064399719,0.5882192326855747
1.3962765957446808,38.992755555555554,74.19555555555556,0.0,74.26331925392151,0.5910768083519371
1.4960106382978724,38.49911111111111,74.78222222222223,0.0,91.90760445594788,0.5939624664878906
1.5957446808510638,37.908,75.1111111111111,0.0,109.33693528175354,0.596889880952362
1.6954787234042554,37.26017777777778,75.56444444444445,0.0,126.80267548561096,0.5997934990439714
1.7952127659574468,36.81457777777778,75.8488888888889,0.0,144.30115723609924,0.6026547751765199
1.8949468085106382,36.4544,76.22222222222223,0.017777777777777778,161.84719514846802,0.6052937097573181
1.9946808510638299,35.796933333333335,76.81777777777778,0.0,179.06254482269287,0.6081538918598127
2.0944148936170213,35.04568888888889,77.57333333333334,0.0,16.621474981307983,0.6394553990610548
2.1941489361702127,34.77395555555555,77.63555555555556,0.0,33.367045402526855,0.6408645357686312
2.293882978723404,34.50791111111111,77.68888888888888,0.0,50.19956398010254,0.6424715937656689
2.393617021276596,34.10977777777778,77.90222222222222,0.0,67.74163365364075,0.6442792792792306
2.4933510638297873,34.14608888888889,77.86666666666666,0.0,84.96017742156982,0.6453920335429334
2.5930851063829787,33.70386666666667,78.26666666666667,0.008888888888888889,101.8154878616333,0.647020428500218
2.69281914893617,33.27231111111111,78.41777777777777,0.0,118.8804726600647,0.6487916400085175
2.7925531914893615,33.406533333333336,78.12444444444444,0.0,135.22697734832764,0.649926920208798
2.8922872340425534,33.43977777777778,78.19555555555556,0.0,152.12920379638672,0.650761384335161
2.992021276595745,32.96288888888889,78.63111111111111,0.0,168.2733964920044,0.651973786118652
3.091755319148936,32.17102222222222,79.29777777777778,0.0,15.30911111831665,0.6680064412238532
3.1914893617021276,32.019244444444446,79.32444444444444,0.0,31.23485016822815,0.6703086419752896
3.291223404255319,31.614133333333335,79.82222222222222,0.0,47.294800758361816,0.671675291730042
3.390957446808511,31.333155555555557,80.05333333333333,0.0,63.14800310134888,0.6732910052909504
3.4906914893617023,31.194133333333333,79.89333333333335,0.0,78.97464895248413,0.6747979524239196
3.5904255319148937,31.33991111111111,80.16888888888889,0.0,95.30039691925049,0.6756006006005701
3.690159574468085,31.42551111111111,79.50222222222222,0.0,111.36645698547363,0.6757987582958502
3.7898936170212765,31.649155555555556,79.40444444444445,0.008888888888888889,126.87532091140747,0.6759124579124508
3.889627659574468,30.3584,80.42666666666666,0.0,142.14321541786194,0.6774110612855326
3.9893617021276597,30.977955555555557,79.84,0.0,157.61325430870056,0.6780782556751431
4.089095744680851,30.2348,80.56888888888889,0.0,14.061136722564697,0.6881990049751492
4.1888297872340425,29.86137777777778,81.00444444444445,0.0,29.12205982208252,0.6904006259780733
4.288563829787234,29.80057777777778,80.99555555555555,0.0,44.54970669746399,0.6919651817715822
4.388297872340425,29.974977777777777,80.69333333333333,0.008888888888888889,59.973350286483765,0.692488584474822
4.488031914893617,29.969866666666668,80.80888888888889,0.0,75.55234956741333,0.692438389342974
4.587765957446808,29.594666666666665,81.6,0.0,91.28352093696594,0.6935113122171604
4.6875,29.814977777777777,80.75555555555556,0.008888888888888889,106.82463097572327,0.693668600902627
4.787234042553192,29.925066666666666,80.34666666666666,0.0,121.83558130264282,0.6937567567567484
4.886968085106383,29.239822222222223,81.56444444444443,0.0,137.36029601097107,0.6946739963352131
4.986702127659575,29.229688888888887,81.36,0.0,153.3790318965912,0.6952255166218845
5.086436170212766,29.007244444444446,81.53777777777778,0.0,13.070011615753174,0.7003965811966038
5.1861702127659575,28.509155555555555,82.26666666666667,0.0,27.525206327438354,0.7045206349206166
5.285904255319149,28.13591111111111,82.08,0.0,41.74847888946533,0.707135917312619
5.38563829787234,28.10408888888889,82.34666666666666,0.008888888888888889,56.06617283821106,0.7085839080459229
5.485372340425532,28.832177777777776,81.57333333333334,0.0,70.14366006851196,0.7078831050227935
5.585106382978723,28.473955555555555,81.85777777777777,0.0,84.29125380516052,0.7080040404040189
5.684840425531915,28.643066666666666,81.86666666666666,0.0,98.34349131584167,0.7078714131607247
5.784574468085107,28.422266666666665,81.92,0.0,112.45179414749146,0.7081250470809776
5.884308510638298,28.381066666666666,81.92,0.0,126.40659594535828,0.7084678362573784
5.98404255319149,28.923866666666665,81.25333333333333,0.0,140.32486629486084,0.707996396396548
6.0837765957446805,27.726622222222222,82.50666666666666,0.0,12.438005924224854,0.7160352733686277
6.183510638297872,27.294888888888888,83.06666666666666,0.0,26.338284492492676,0.717349436392894
6.283244680851064,27.66608888888889,82.84444444444445,0.0,40.11446404457092,0.7172018779342287
6.382978723404255,27.74208888888889,82.2488888888889,0.008888888888888889,53.99734354019165,0.7173688271604337
6.482712765957447,27.906044444444444,82.20444444444445,0.0,67.70393800735474,0.716898683807728
6.582446808510638,27.648044444444444,82.41777777777777,0.0,81.45356512069702,0.7170502283104785
6.68218085106383,27.798355555555556,82.79111111111112,0.0,95.13476085662842,0.7167623998267088
6.781914893617022,27.62168888888889,82.37333333333333,0.0,108.8112313747406,0.7169040060468514
6.881648936170213,27.9268,81.91111111111111,0.0,122.51504254341125,0.7166777275013226
6.9813829787234045,27.218444444444444,82.8,0.0,136.46014523506165,0.7170430593196419
7.0811170212765955,26.566133333333333,83.36,0.0,12.34012746810913,0.7287504553734271
7.180851063829787,26.837377777777778,83.2,0.0,27.849029064178467,0.7261078431372304
7.280585106382978,26.696133333333332,83.60888888888888,0.0,42.66917014122009,0.7265487098472343
7.38031914893617,26.94951111111111,82.70222222222222,0.0,57.91005516052246,0.7260916860916207
7.480053191489362,27.250622222222223,82.45333333333333,0.0,72.2347342967987,0.7252188365650473
7.579787234042553,27.098222222222223,82.83555555555554,0.008888888888888889,87.15222215652466,0.7250876656472607
7.679521276595745,26.954933333333333,83.11111111111111,0.0,102.1756546497345,0.7248819308545069
7.779255319148936,26.979466666666667,83.05777777777777,0.0,116.76567268371582,0.7249981039059324
7.878989361702128,26.981866666666665,83.18222222222222,0.008888888888888889,131.12179684638977,0.7250576567490953
7.9787234042553195,27.343733333333333,82.74666666666667,0.0,145.07374167442322,0.7245972222223741
8.07845744680851,26.209866666666667,83.66222222222223,0.0,11.719956159591675,0.7307721280602862
8.178191489361701,26.731555555555556,83.46666666666667,0.0,25.54231882095337,0.7286036484245226
8.277925531914894,26.104266666666668,83.6,0.008888888888888889,39.550128698349,0.7301180223285042
8.377659574468085,26.444222222222223,83.45777777777778,0.0,53.34617233276367,0.7297198748043215
8.477393617021276,26.08368888888889,83.88444444444444,0.0,67.00812721252441,0.7307780872794368
8.577127659574469,26.339955555555555,83.53777777777778,0.0,80.65718865394592,0.7307547363030893
8.67686170212766,26.34102222222222,83.65333333333334,0.0,94.39155411720276,0.7309469548133359
8.77659574468085,26.178355555555555,83.72444444444444,0.0,108.97654914855957,0.7313546423135283
8.876329787234043,26.466044444444446,83.41333333333333,0.0,123.10873603820801,0.7312824144327137
8.976063829787234,26.327288888888887,83.52888888888889,0.0,137.00875568389893,0.7314066000607127
9.075797872340425,25.654888888888888,83.98222222222222,0.0,10.939470529556274,0.7395711500974862
9.175531914893616,25.30511111111111,84.91555555555556,0.0,25.652297496795654,0.7405286195286015
9.275265957446809,25.927733333333332,84.05333333333334,0.0,40.10935926437378,0.7384991948469799
9.375,25.762533333333334,84.12444444444445,0.0,53.54272818565369,0.7380961386918276
9.474734042553191,26.121288888888888,83.62666666666667,0.0,66.958242893219,0.7372337379395759
9.574468085106384,25.90528888888889,83.82222222222222,0.0,80.35842442512512,0.7371882716049106
9.674202127659575,25.599244444444444,84.28444444444445,0.0,93.77100920677185,0.7372412886258848
9.773936170212766,26.0684,83.57333333333334,0.008888888888888889,107.02852463722229,0.736900343642604
9.873670212765957,26.124755555555556,83.52888888888889,0.0,120.27984046936035,0.7365594452901296
9.97340425531915,25.79568888888889,83.6711111111111,0.0,133.53702187538147,0.7367474195508732
