Epochs,Loss,Accuracy (%),Silent labels (%),Time (s)
0.1,51.89541666666667,68.31666666666666,6.616666666666666,17.109238386154175
0.2,25.729166666666668,89.11666666666666,0.016666666666666666,35.02853965759277
0.3,20.43375,91.63333333333334,0.0,51.60090899467468
0.4,17.61075,93.11666666666667,0.0,66.94485569000244
0.5,16.059833333333334,93.85,0.016666666666666666,81.3175687789917
0.6,14.898666666666667,94.31666666666668,0.0,94.80211782455444
0.7,14.257416666666666,94.36666666666666,0.0,107.63038802146912
0.8,13.634416666666667,94.66666666666667,0.0,119.78070378303528
0.9,13.069416666666667,95.3,0.0,131.5406515598297
1.0,12.17025,95.7,0.0,142.83887696266174
