Epochs,Loss,Accuracy (%),Silent labels (%),Time (s)
0.1,52.64525,67.85,6.75,17.328711986541748
0.2,27.047416666666667,88.58333333333334,0.016666666666666666,35.8990421295166
0.3,23.493916666666667,90.56666666666666,0.0,53.44751501083374
0.4,23.167416666666668,91.23333333333333,0.0,70.13798022270203
0.5,24.791333333333334,90.08333333333334,0.016666666666666666,86.07077050209045
0.6,25.383916666666668,89.48333333333333,0.016666666666666666,101.49477338790894
0.7,26.11841666666667,88.83333333333333,0.016666666666666666,116.4704954624176
0.8,27.713833333333334,87.5,0.0,130.92766761779785
0.9,29.4495,85.8,0.0,144.95457434654236
1.0,29.7635,85.6,0.0,158.6365783214569
