Epochs,Loss,Accuracy (%),Silent labels (%),Time (s)
0.1,51.787083333333335,68.26666666666667,6.4,17.104297161102295
0.2,25.880666666666666,89.01666666666667,0.0,34.978442430496216
0.3,20.50375,91.60000000000001,0.0,51.66373944282532
0.4,17.63525,92.96666666666667,0.0,67.29584765434265
0.5,16.1265,93.78333333333333,0.016666666666666666,81.75987219810486
0.6,14.95525,94.26666666666667,0.0,95.18877840042114
0.7,14.2155,94.41666666666667,0.0,107.98593854904175
0.8,13.605333333333334,94.61666666666667,0.0,120.15683269500732
0.9,13.014916666666666,95.39999999999999,0.0,131.8939003944397
1.0,12.128833333333333,95.81666666666668,0.0,143.3038055896759
