Epochs,Loss,Accuracy (%),Silent labels (%),Time (s)
0.1,51.361583333333336,68.96666666666667,6.233333333333333,17.07558274269104
0.2,25.783,89.23333333333333,0.03333333333333333,34.901097774505615
0.3,20.451666666666668,91.66666666666666,0.0,51.50227332115173
0.4,17.556416666666667,93.01666666666667,0.0,66.83561325073242
0.5,16.160583333333335,93.7,0.016666666666666666,81.18168020248413
0.6,15.04175,94.35,0.0,94.57619571685791
0.7,14.21975,94.43333333333334,0.016666666666666666,107.20697736740112
0.8,13.645,94.65,0.0,119.12943148612976
0.9,13.037666666666667,95.28333333333333,0.0,130.59127521514893
1.0,12.114583333333334,95.83333333333334,0.0,141.54142999649048
