Epochs,Loss,Accuracy (%),Silent labels (%),Time (s)
0.1,51.62775,68.26666666666667,6.416666666666666,16.922229051589966
0.2,25.752,89.23333333333333,0.03333333333333333,34.53717803955078
0.3,20.393916666666666,91.88333333333333,0.0,50.866971492767334
0.4,17.509416666666667,93.01666666666667,0.0,66.39551496505737
0.5,15.99675,94.01666666666667,0.016666666666666666,80.7107241153717
0.6,14.904083333333332,94.53333333333333,0.0,93.83820939064026
0.7,14.160166666666667,94.45,0.0,106.46556782722473
0.8,13.6515,94.6,0.0,118.54440307617188
0.9,12.963666666666667,95.3,0.0,130.1030309200287
1.0,12.098166666666666,95.75,0.0,141.31079030036926
