Epochs,Loss,Accuracy (%),Silent labels (%),Time (s)
0.1,51.2835,69.08333333333333,6.066666666666666,17.28313183784485
0.2,25.64891666666667,89.2,0.0,35.1060574054718
0.3,20.3615,91.71666666666667,0.0,51.785826206207275
0.4,17.590333333333334,93.33333333333333,0.0,67.27899527549744
0.5,16.111833333333333,94.08333333333333,0.0,81.75409936904907
0.6,14.927333333333333,94.3,0.0,95.37930750846863
0.7,14.239833333333333,94.51666666666667,0.0,108.28489375114441
0.8,13.686166666666667,94.71666666666667,0.0,120.631680727005
0.9,13.048916666666667,95.13333333333334,0.0,132.60726046562195
1.0,12.158416666666668,95.68333333333334,0.0,144.23974704742432
