Epochs,Loss,Accuracy (%),Silent labels (%),Time (s)
0.1,52.000166666666665,68.30000000000001,6.533333333333332,16.950998306274414
0.2,25.96075,88.91666666666667,0.016666666666666666,34.548829317092896
0.3,20.46475,91.53333333333333,0.0,50.86784219741821
0.4,17.521333333333335,93.13333333333334,0.0,66.07655668258667
0.5,16.098916666666668,93.93333333333334,0.016666666666666666,80.40091967582703
0.6,14.98875,94.35,0.0,93.85315728187561
0.7,14.2055,94.46666666666667,0.0,106.54911780357361
0.8,13.618,94.56666666666666,0.0,118.62941455841064
0.9,13.061583333333333,95.36666666666666,0.0,130.26448893547058
1.0,12.06875,95.63333333333334,0.0,141.41799545288086
