Epochs,Loss,Accuracy (%),Silent labels (%),Time (s)
0.1,51.465583333333335,68.7,6.15,16.97479510307312
0.2,25.829416666666667,89.31666666666666,0.03333333333333333,34.64079737663269
0.3,20.469083333333334,91.81666666666666,0.0,51.057944536209106
0.4,17.5235,93.13333333333334,0.0,66.19376754760742
0.5,16.092833333333335,93.75,0.016666666666666666,80.31766152381897
0.6,15.015666666666666,94.41666666666667,0.016666666666666666,93.71156859397888
0.7,14.227583333333333,94.63333333333334,0.016666666666666666,106.43910241127014
0.8,13.693083333333334,94.61666666666667,0.0,118.57713532447815
0.9,13.03125,95.56666666666666,0.016666666666666666,130.23678755760193
1.0,12.102833333333333,95.91666666666666,0.0,141.45830464363098
