Epochs,Loss,Accuracy (%),Silent labels (%),Time (s)
0.1,52.073,68.33333333333333,6.65,17.172709703445435
0.2,25.82775,88.93333333333334,0.05,35.18573594093323
0.3,20.46175,91.73333333333333,0.0,51.93248963356018
0.4,17.58716666666667,93.01666666666667,0.0,67.60438990592957
0.5,16.03575,94.05,0.0,82.25083112716675
0.6,14.982166666666666,94.25,0.016666666666666666,96.13904118537903
0.7,14.20025,94.46666666666667,0.016666666666666666,109.40776109695435
0.8,13.582583333333334,94.5,0.0,121.99346375465393
0.9,12.954083333333333,95.41666666666667,0.0,134.13755416870117
1.0,12.059666666666667,95.91666666666666,0.0,145.85543775558472
