Epochs,Loss,Accuracy (%),Silent labels (%),Time (s)
0.1,70.00008333333334,57.35,22.316666666666666,16.42447543144226
0.2,36.41408333333333,82.3,6.866666666666667,33.57671332359314
0.3,21.173333333333332,91.51666666666667,0.016666666666666666,49.222925662994385
0.4,17.719833333333334,93.01666666666667,0.0,63.51440143585205
0.5,16.106333333333332,93.65,0.0,76.98467779159546
0.6,14.679,94.69999999999999,0.016666666666666666,89.85726690292358
0.7,13.734083333333333,94.89999999999999,0.0,102.21004319190979
0.8,12.764833333333334,95.39999999999999,0.0,114.0288953781128
0.9,12.747833333333332,95.36666666666666,0.0,125.41981792449951
1.0,12.12975,95.53333333333333,0.0,136.36691427230835
1.1,11.269166666666667,96.25,0.0,10.575505495071411
1.2,10.60475,96.66666666666667,0.0,21.078950881958008
1.3,10.643083333333333,96.2,0.0,31.357873916625977
1.4,10.3165,96.36666666666667,0.0,41.357433557510376
1.5,10.57725,95.95,0.0,51.13401985168457
1.6,10.253833333333333,96.18333333333334,0.0,60.75533938407898
1.7,9.760833333333334,96.81666666666666,0.0,70.24509191513062
1.8,9.722083333333334,96.6,0.0,79.54641389846802
1.9,9.39175,96.66666666666667,0.016666666666666666,88.66666507720947
2.0,9.26675,96.89999999999999,0.0,97.5641222000122
2.1,8.95725,97.08333333333333,0.0,8.697918176651001
2.2,8.63,97.1,0.0,17.29811453819275
2.3,8.695,97.21666666666667,0.0,25.878787755966187
2.4,8.16225,97.61666666666666,0.0,34.38916206359863
2.5,8.425083333333333,97.35000000000001,0.0,42.74285650253296
2.6,8.16975,97.3,0.0,50.97457695007324
2.7,8.278333333333334,97.31666666666666,0.0,59.144768714904785
2.8,8.345916666666668,97.18333333333334,0.0,67.21295595169067
2.9,7.847666666666667,97.68333333333334,0.0,75.19612550735474
3.0,7.833833333333334,97.46666666666667,0.0,83.11317682266235
3.1,7.473,97.71666666666667,0.0,7.872675895690918
3.2,7.636916666666667,97.39999999999999,0.0,15.702589750289917
3.3,7.550916666666667,97.73333333333333,0.0,23.414912700653076
3.4,7.325916666666667,97.58333333333333,0.0,31.08452868461609
3.5,7.474333333333333,97.61666666666666,0.0,38.683448791503906
3.6,7.25275,98.05,0.0,46.22826147079468
3.7,7.076,97.91666666666666,0.0,53.74646544456482
3.8,7.1706666666666665,97.78333333333333,0.0,61.18394660949707
3.9,6.81275,98.06666666666666,0.0,68.55745267868042
4.0,6.798,98.0,0.0,75.94819712638855
4.1,6.789666666666666,98.01666666666667,0.0,7.427782773971558
4.2,6.714833333333333,98.05,0.0,14.804845094680786
4.3,6.769,98.08333333333333,0.0,22.13216495513916
4.4,6.410833333333334,98.21666666666667,0.0,29.393709421157837
4.5,6.4815,98.5,0.0,36.63555335998535
4.6,6.4424166666666665,98.26666666666667,0.0,43.82724070549011
4.7,6.493333333333333,98.18333333333334,0.0,50.95888566970825
4.8,6.371833333333333,98.03333333333333,0.0,58.07868480682373
4.9,6.67325,97.76666666666667,0.0,65.18860006332397
5.0,6.5095,98.03333333333333,0.0,72.25160598754883
5.1,5.979583333333333,98.53333333333333,0.0,7.069929122924805
5.2,5.958916666666667,98.41666666666666,0.0,14.126615762710571
5.3,5.9904166666666665,98.21666666666667,0.0,21.106460571289062
5.4,5.999666666666666,98.31666666666666,0.0,28.056621313095093
5.5,5.928333333333334,98.4,0.0,35.004645586013794
5.6,5.9025,98.66666666666667,0.0,41.93404173851013
5.7,6.019916666666667,98.26666666666667,0.0,48.86443018913269
5.8,6.23825,98.1,0.0,55.74466276168823
5.9,6.086666666666667,98.2,0.0,62.58105993270874
6.0,6.1165,98.2,0.0,69.4228367805481
6.1,5.55525,98.55000000000001,0.0,6.789513111114502
6.2,5.627166666666667,98.48333333333333,0.0,13.600602149963379
6.3,5.6379166666666665,98.53333333333333,0.0,20.427077770233154
6.4,5.584,98.68333333333334,0.0,27.179263830184937
6.5,5.6405,98.75,0.0,33.90653586387634
6.6,5.488916666666666,98.53333333333333,0.0,40.607879400253296
6.7,5.692583333333333,98.35000000000001,0.0,47.32324552536011
6.8,5.40375,98.68333333333334,0.0,54.02044868469238
6.9,5.756,98.41666666666666,0.0,60.66477608680725
7.0,5.56975,98.86666666666667,0.0,67.3228747844696
7.1,5.229833333333334,98.6,0.0,6.610162019729614
7.2,5.275666666666667,98.6,0.0,13.217721462249756
7.3,5.327333333333334,98.76666666666667,0.0,19.832441091537476
7.4,5.235916666666666,98.8,0.0,26.491738319396973
7.5,5.327583333333333,98.71666666666667,0.0,33.104262351989746
7.6,5.0095,98.9,0.0,39.64726161956787
7.7,5.2019166666666665,98.61666666666666,0.0,46.19809055328369
7.8,5.322166666666667,98.53333333333333,0.0,52.69139266014099
7.9,5.31575,98.51666666666667,0.0,59.17447781562805
8.0,5.093666666666667,98.78333333333333,0.0,65.62257075309753
8.1,5.104166666666667,98.63333333333333,0.0,6.42208456993103
8.2,4.906083333333333,98.8,0.0,12.83773136138916
8.3,4.883666666666667,98.95,0.0,19.240538597106934
8.4,4.864333333333334,99.05000000000001,0.0,25.622368574142456
8.5,5.0793333333333335,98.75,0.0,32.01104021072388
8.6,4.970583333333333,98.85000000000001,0.0,38.3508243560791
8.7,4.942083333333334,98.9,0.0,44.67748188972473
8.8,4.885,98.85000000000001,0.0,50.924851417541504
8.9,5.011583333333333,98.91666666666666,0.0,57.16565704345703
9.0,4.97675,98.93333333333332,0.0,63.42606258392334
9.1,4.7845,98.71666666666667,0.0,6.26520299911499
9.2,4.7775,98.85000000000001,0.0,12.536198377609253
9.3,4.575666666666667,98.98333333333333,0.0,18.781297206878662
9.4,4.626166666666666,99.06666666666666,0.0,24.971463203430176
9.5,4.733416666666667,98.91666666666666,0.0,31.127009630203247
9.6,4.6585833333333335,98.93333333333332,0.0,37.27296471595764
9.7,4.65275,98.93333333333332,0.0,43.41580867767334
9.8,4.767416666666667,98.91666666666666,0.0,49.50751972198486
9.9,4.7203333333333335,98.88333333333334,0.0,55.66252851486206
10.0,4.671916666666666,99.1,0.0,61.75567102432251
