Epochs,Loss,Accuracy (%),Silent labels (%),Time (s)
0.1,71.05725,56.85,23.166666666666664,16.412543535232544
0.2,36.42641666666667,82.15,6.950000000000001,33.73686408996582
0.3,21.174,91.41666666666667,0.0,49.626121282577515
0.4,17.71075,93.05,0.0,64.39329719543457
0.5,16.151916666666665,93.56666666666666,0.0,78.0176293849945
0.6,14.732,94.71666666666667,0.0,90.94235968589783
0.7,13.83525,94.81666666666668,0.0,103.22228193283081
0.8,12.84975,95.53333333333333,0.0,114.91679906845093
0.9,12.797583333333334,95.06666666666666,0.0,126.06581616401672
1.0,12.160083333333333,95.63333333333334,0.0,136.87902879714966
1.1,11.26725,96.2,0.0,10.460269212722778
1.2,10.5875,96.55,0.0,20.73332190513611
1.3,10.697,96.08333333333333,0.0,30.72579026222229
1.4,10.314583333333333,96.41666666666666,0.0,40.519274950027466
1.5,10.628333333333334,95.93333333333334,0.0,50.027501344680786
1.6,10.245666666666667,96.08333333333333,0.0,59.29739952087402
1.7,9.748416666666667,97.0,0.0,68.43391561508179
1.8,9.753,96.63333333333334,0.0,77.33472633361816
1.9,9.35425,96.76666666666667,0.0,86.09223675727844
2.0,9.317,97.0,0.0,94.72604894638062
2.1,8.95375,97.01666666666667,0.0,8.499792337417603
2.2,8.618666666666666,97.05,0.0,16.899932146072388
2.3,8.65325,97.3,0.0,25.236546277999878
2.4,8.110166666666666,97.75,0.0,33.45630192756653
2.5,8.35775,97.2,0.0,41.59499001502991
2.6,8.189583333333333,97.35000000000001,0.0,49.65066123008728
2.7,8.256,97.25,0.0,57.57088017463684
2.8,8.31025,96.98333333333333,0.0,65.42421960830688
2.9,7.73275,97.58333333333333,0.0,73.18426823616028
3.0,7.733583333333334,97.5,0.0,80.7982747554779
3.1,7.368916666666666,97.68333333333334,0.0,7.55236029624939
3.2,7.58975,97.61666666666666,0.0,15.074439287185669
3.3,7.360083333333334,97.63333333333334,0.0,22.558090209960938
3.4,7.2455,97.6,0.0,29.985134601593018
3.5,7.293666666666667,97.75,0.0,37.376057624816895
3.6,7.126083333333334,97.91666666666666,0.0,44.701504945755005
3.7,6.954833333333333,97.85000000000001,0.0,51.95302438735962
3.8,7.086,97.85000000000001,0.0,59.14379668235779
3.9,6.862416666666666,98.01666666666667,0.0,66.27703428268433
4.0,6.856833333333333,97.95,0.0,73.39227986335754
4.1,6.821166666666667,98.08333333333333,0.0,7.088238477706909
4.2,6.81125,98.15,0.0,14.157598972320557
4.3,6.934916666666667,97.96666666666667,0.0,21.204943895339966
4.4,6.5635,98.25,0.0,28.187899827957153
4.5,6.644666666666667,98.33333333333333,0.0,35.12700319290161
4.6,6.680583333333334,98.3,0.0,42.03773617744446
4.7,6.727166666666666,98.08333333333333,0.0,48.90748476982117
4.8,6.581166666666666,98.06666666666666,0.0,55.770312547683716
4.9,6.831,97.75,0.0,62.65267038345337
5.0,6.637083333333333,98.1,0.0,69.47866582870483
5.1,6.147666666666667,98.45,0.0,6.8384222984313965
5.2,6.087083333333333,98.4,0.0,13.711490392684937
5.3,6.130083333333333,98.26666666666667,0.0,20.516730070114136
5.4,6.122583333333333,98.33333333333333,0.0,27.32213830947876
5.5,5.997333333333334,98.43333333333332,0.0,34.08714175224304
5.6,6.030666666666667,98.48333333333333,0.0,40.83036684989929
5.7,6.097333333333333,98.31666666666666,0.0,47.60551714897156
5.8,6.3035,98.1,0.0,54.36358880996704
5.9,6.134416666666667,98.18333333333334,0.0,61.04121232032776
6.0,6.14375,98.2,0.0,67.72169232368469
6.1,5.59225,98.45,0.0,6.619771957397461
6.2,5.610333333333333,98.46666666666667,0.0,13.24022650718689
6.3,5.651583333333333,98.41666666666666,0.0,19.878704071044922
6.4,5.582083333333333,98.78333333333333,0.0,26.47382426261902
6.5,5.617166666666667,98.66666666666667,0.0,33.06936836242676
6.6,5.49775,98.63333333333333,0.0,39.619725704193115
6.7,5.6945,98.41666666666666,0.0,46.16214942932129
6.8,5.4595,98.66666666666667,0.0,52.70000457763672
6.9,5.681916666666667,98.53333333333333,0.0,59.20910310745239
7.0,5.572583333333333,98.75,0.0,65.70927882194519
7.1,5.2004166666666665,98.61666666666666,0.0,6.441796541213989
7.2,5.224166666666667,98.63333333333333,0.0,12.885785818099976
7.3,5.241916666666667,98.75,0.0,19.323610067367554
7.4,5.158833333333333,98.83333333333333,0.0,25.721107959747314
7.5,5.257,98.61666666666666,0.0,32.11211347579956
7.6,4.913666666666667,98.8,0.0,38.47189712524414
7.7,5.050416666666667,98.65,0.0,44.81882905960083
7.8,5.21125,98.55000000000001,0.0,51.100860357284546
7.9,5.196916666666667,98.53333333333333,0.0,57.428017377853394
8.0,5.13675,98.73333333333333,0.0,63.733158826828
8.1,5.115083333333334,98.85000000000001,0.0,6.301990985870361
8.2,5.14275,98.73333333333333,0.0,12.629907846450806
8.3,5.431666666666667,98.9,0.0,18.974349975585938
8.4,5.491916666666667,99.03333333333333,0.0,25.36382007598877
8.5,5.984083333333333,98.73333333333333,0.0,31.69284725189209
8.6,5.96125,98.9,0.0,38.0232629776001
8.7,5.968833333333333,98.83333333333333,0.016666666666666666,44.37397241592407
8.8,6.029,98.68333333333334,0.0,50.70541453361511
8.9,6.02425,98.81666666666666,0.016666666666666666,57.024817943573
9.0,6.078166666666666,98.85000000000001,0.0,63.36072778701782
9.1,6.0335,98.65,0.0,6.326156377792358
9.2,5.81,98.91666666666666,0.0,12.654886245727539
9.3,5.675083333333333,99.05000000000001,0.0,18.944738626480103
9.4,5.667833333333333,99.11666666666666,0.0,25.198131561279297
9.5,5.79075,98.88333333333334,0.0,31.47217845916748
9.6,5.730666666666667,99.0,0.016666666666666666,37.69351267814636
9.7,5.8115,98.81666666666666,0.0,43.915597915649414
9.8,5.953833333333334,98.76666666666667,0.0,50.147403717041016
9.9,5.886916666666667,98.91666666666666,0.0,56.41766166687012
10.0,5.858666666666666,99.03333333333333,0.0,62.59360218048096
