Epochs,Loss,Accuracy (%),Silent labels (%),Time (s)
0.1,71.711,56.55,23.35,16.224558115005493
0.2,34.766083333333334,83.38333333333333,5.2,33.45083951950073
0.3,21.238166666666668,91.46666666666667,0.0,49.354979515075684
0.4,17.76975,92.96666666666667,0.016666666666666666,63.90593099594116
0.5,16.1935,93.63333333333334,0.0,77.77709913253784
0.6,14.782083333333333,94.56666666666666,0.016666666666666666,90.90526247024536
0.7,13.819583333333334,94.91666666666667,0.0,103.38823771476746
0.8,12.874416666666667,95.28333333333333,0.0,115.4466700553894
0.9,12.795916666666667,95.28333333333333,0.0,127.19625782966614
1.0,12.240666666666666,95.43333333333334,0.0,138.56272721290588
1.1,11.22775,96.11666666666666,0.0,10.862817525863647
1.2,10.604583333333334,96.55,0.0,21.500604152679443
1.3,10.716666666666667,96.2,0.0,31.86469578742981
1.4,10.3435,96.43333333333334,0.0,42.087164640426636
1.5,10.720833333333333,95.8,0.0,52.027695417404175
1.6,10.35575,96.06666666666666,0.0,61.76289439201355
1.7,9.834166666666667,96.93333333333334,0.0,71.29268193244934
1.8,9.7605,96.5,0.0,80.56897830963135
1.9,9.425583333333334,96.8,0.0,89.62752747535706
2.0,9.354416666666667,96.95,0.0,98.61951160430908
2.1,8.989916666666666,97.13333333333334,0.0,8.791460037231445
2.2,8.691666666666666,97.13333333333334,0.0,17.542932510375977
2.3,8.73925,97.15,0.0,26.290361881256104
2.4,8.21475,97.73333333333333,0.0,34.928555965423584
2.5,8.469916666666666,97.15,0.0,43.410364389419556
2.6,8.216333333333333,97.33333333333334,0.0,51.773329973220825
2.7,8.31375,97.35000000000001,0.0,60.0480740070343
2.8,8.39675,97.01666666666667,0.0,68.25615453720093
2.9,7.859666666666667,97.71666666666667,0.0,76.34975481033325
3.0,7.860083333333334,97.43333333333334,0.0,84.39216923713684
3.1,7.52375,97.78333333333333,0.0,7.97692608833313
3.2,7.65425,97.65,0.0,15.901459217071533
3.3,7.54975,97.61666666666666,0.0,23.763835906982422
3.4,7.37975,97.55,0.0,31.56473398208618
3.5,7.449416666666667,97.65,0.0,39.33825421333313
3.6,7.29725,97.96666666666667,0.0,47.03831100463867
3.7,7.0968333333333335,97.88333333333334,0.0,54.706852197647095
3.8,7.259833333333333,97.78333333333333,0.0,62.27380967140198
3.9,6.823833333333333,98.2,0.0,69.7802140712738
4.0,6.855166666666666,97.76666666666667,0.0,77.25031590461731
4.1,6.817083333333334,98.03333333333333,0.0,7.48608136177063
4.2,6.74175,98.08333333333333,0.0,14.921152114868164
4.3,6.74725,98.05,0.0,22.308017015457153
4.4,6.422,98.31666666666666,0.0,29.660219192504883
4.5,6.495,98.35000000000001,0.0,36.993170976638794
4.6,6.492666666666667,98.35000000000001,0.0,44.300325870513916
4.7,6.562083333333334,97.93333333333332,0.0,51.57013559341431
4.8,6.418,98.03333333333333,0.0,58.80503749847412
4.9,6.691333333333334,97.89999999999999,0.0,66.05308055877686
5.0,6.525416666666667,98.1,0.0,73.25903058052063
5.1,6.034833333333333,98.5,0.0,7.204914093017578
5.2,5.993333333333333,98.55000000000001,0.0,14.380956649780273
5.3,6.009083333333334,98.28333333333333,0.0,21.51622438430786
5.4,6.049833333333333,98.36666666666667,0.0,28.615803718566895
5.5,5.96775,98.48333333333333,0.0,35.74080777168274
5.6,5.98275,98.33333333333333,0.0,42.79807376861572
5.7,5.999083333333333,98.35000000000001,0.0,49.81277012825012
5.8,6.263416666666667,98.01666666666667,0.0,56.804604053497314
5.9,6.1515,98.23333333333333,0.0,63.755401849746704
6.0,6.139916666666666,98.2,0.0,70.69433760643005
6.1,5.628166666666667,98.43333333333332,0.0,6.91657018661499
6.2,5.664916666666667,98.45,0.0,13.833762168884277
6.3,5.674083333333333,98.55000000000001,0.0,20.73797845840454
6.4,5.682083333333333,98.65,0.0,27.616787910461426
6.5,5.6555,98.65,0.0,34.50390267372131
6.6,5.622333333333334,98.5,0.0,41.37623381614685
6.7,5.764,98.45,0.0,48.21619176864624
6.8,5.5281666666666665,98.63333333333333,0.0,55.00942039489746
6.9,5.74375,98.46666666666667,0.0,61.783771991729736
7.0,5.5985,98.81666666666666,0.0,68.53090143203735
7.1,5.34575,98.63333333333333,0.0,6.713475227355957
7.2,5.31925,98.66666666666667,0.0,13.43514895439148
7.3,5.4054166666666665,98.73333333333333,0.0,20.182958841323853
7.4,5.30575,98.75,0.0,26.89724850654602
7.5,5.398416666666667,98.63333333333333,0.0,33.60882067680359
7.6,5.059583333333333,98.9,0.0,40.33680868148804
7.7,5.2935,98.58333333333333,0.0,47.00488543510437
7.8,5.430416666666667,98.56666666666666,0.0,53.632879972457886
7.9,5.396583333333333,98.53333333333333,0.0,60.245821714401245
8.0,5.210666666666667,98.66666666666667,0.0,66.84878659248352
8.1,5.14475,98.81666666666666,0.0,6.602690935134888
8.2,4.920833333333333,98.66666666666667,0.0,13.18833875656128
8.3,4.951583333333334,98.93333333333332,0.0,19.78771734237671
8.4,4.934583333333333,99.03333333333333,0.0,26.34660768508911
8.5,5.156666666666666,98.76666666666667,0.0,32.88607168197632
8.6,4.981,98.83333333333333,0.0,39.4238920211792
8.7,5.031416666666667,98.78333333333333,0.0,45.952518701553345
8.8,5.013083333333333,98.73333333333333,0.0,52.41999578475952
8.9,5.0335833333333335,98.91666666666666,0.0,58.88684606552124
9.0,5.0555,98.93333333333332,0.0,65.37621808052063
9.1,4.87925,98.71666666666667,0.0,6.43796968460083
9.2,4.811583333333333,98.95,0.0,12.928901195526123
9.3,4.667833333333333,99.08333333333333,0.0,19.374311447143555
9.4,4.73275,98.98333333333333,0.0,25.82340669631958
9.5,4.774333333333334,98.88333333333334,0.0,32.29291868209839
9.6,4.709333333333333,99.01666666666667,0.0,38.73491930961609
9.7,4.727166666666666,99.0,0.0,45.14804267883301
9.8,4.882083333333333,98.83333333333333,0.0,51.5836660861969
9.9,4.809166666666667,98.98333333333333,0.0,57.992846727371216
10.0,4.771833333333333,98.96666666666667,0.0,64.37531185150146
