Epochs,Loss,Accuracy (%),Silent labels (%),Time (s)
0.1,71.92058333333334,56.36666666666667,24.016666666666666,16.682180881500244
0.2,34.21625,84.2,4.866666666666666,34.46282744407654
0.3,21.291416666666667,91.68333333333332,0.016666666666666666,50.99166536331177
0.4,17.9,93.08333333333333,0.016666666666666666,66.42165398597717
0.5,16.134333333333334,93.58333333333333,0.0,80.74263548851013
0.6,14.722333333333333,94.71666666666667,0.016666666666666666,94.3220705986023
0.7,13.860083333333334,95.03333333333333,0.0,107.38996744155884
0.8,12.849666666666666,95.3,0.0,119.99653148651123
0.9,12.797833333333333,95.39999999999999,0.0,132.06415557861328
1.0,12.217083333333333,95.35,0.0,143.67637491226196
1.1,11.28325,96.1,0.0,11.127832651138306
1.2,10.603166666666667,96.66666666666667,0.0,21.991894245147705
1.3,10.6905,96.1,0.0,32.58127760887146
1.4,10.25575,96.35000000000001,0.0,42.929816484451294
1.5,10.61,96.13333333333334,0.0,52.96023416519165
1.6,10.319333333333333,96.33333333333334,0.0,62.776320695877075
1.7,9.787583333333334,96.91666666666666,0.0,72.36439085006714
1.8,9.774083333333333,96.58333333333333,0.0,81.66371893882751
1.9,9.402083333333334,96.7,0.0,90.78811502456665
2.0,9.279416666666666,96.76666666666667,0.0,99.79522657394409
2.1,8.933,97.11666666666666,0.0,8.83778691291809
2.2,8.639,97.11666666666666,0.0,17.612529039382935
2.3,8.682416666666667,97.43333333333334,0.0,26.342485189437866
2.4,8.164833333333334,97.66666666666667,0.0,34.953466176986694
2.5,8.4335,97.26666666666667,0.0,43.48519039154053
2.6,8.30275,97.3,0.0,51.85069441795349
2.7,8.4025,97.36666666666667,0.0,60.106603145599365
2.8,8.42125,97.08333333333333,0.0,68.31698203086853
2.9,7.887,97.73333333333333,0.0,76.49586915969849
3.0,7.877083333333333,97.39999999999999,0.0,84.63185739517212
3.1,7.587416666666667,97.81666666666666,0.0,7.996873378753662
3.2,7.68925,97.58333333333333,0.0,15.912720203399658
3.3,7.600333333333333,97.6,0.0,23.757891416549683
3.4,7.44725,97.58333333333333,0.0,31.516955614089966
3.5,7.492916666666667,97.68333333333334,0.0,39.233585834503174
3.6,7.33975,97.93333333333332,0.0,46.874791383743286
3.7,7.104666666666667,98.01666666666667,0.0,54.46233654022217
3.8,7.219083333333334,97.81666666666666,0.0,62.02630639076233
3.9,6.957666666666666,98.05,0.016666666666666666,69.5645215511322
4.0,6.910416666666666,97.96666666666667,0.0,77.0708498954773
4.1,6.862166666666667,98.03333333333333,0.0,7.474194526672363
4.2,6.741,98.15,0.0,14.906571388244629
4.3,6.7705,98.06666666666666,0.0,22.269310235977173
4.4,6.360416666666667,98.36666666666667,0.0,29.61379051208496
4.5,6.479166666666667,98.41666666666666,0.0,36.97238254547119
4.6,6.51025,98.3,0.0,44.28935503959656
4.7,6.53175,98.06666666666666,0.0,51.52264928817749
4.8,6.3415,98.06666666666666,0.0,58.71774125099182
4.9,6.652333333333333,97.75,0.0,65.91336345672607
5.0,6.499333333333333,98.1,0.0,73.04946565628052
5.1,5.9365,98.56666666666666,0.0,7.080769777297974
5.2,5.9679166666666665,98.41666666666666,0.0,14.158320188522339
5.3,5.97725,98.46666666666667,0.0,21.204266786575317
5.4,5.998,98.38333333333334,0.0,28.233453273773193
5.5,5.9085,98.45,0.0,35.26474857330322
5.6,5.8965,98.61666666666666,0.016666666666666666,42.19361972808838
5.7,5.945,98.38333333333334,0.0,49.13076567649841
5.8,6.24075,98.05,0.0,56.04086208343506
5.9,6.05075,98.3,0.0,62.90826916694641
6.0,6.06975,98.18333333333334,0.0,69.76024103164673
6.1,5.55625,98.58333333333333,0.0,6.788409233093262
6.2,5.564916666666667,98.41666666666666,0.0,13.610747814178467
6.3,5.595916666666667,98.51666666666667,0.0,20.407115697860718
6.4,5.607083333333334,98.63333333333333,0.0,27.14029884338379
6.5,5.582333333333334,98.8,0.0,33.84893226623535
6.6,5.457916666666667,98.63333333333333,0.0,40.541494607925415
6.7,5.622333333333334,98.51666666666667,0.0,47.24138379096985
6.8,5.33925,98.65,0.0,53.91948843002319
6.9,5.6105833333333335,98.53333333333333,0.0,60.55945372581482
7.0,5.469416666666667,98.73333333333333,0.0,67.18539929389954
7.1,5.14725,98.73333333333333,0.0,6.64618706703186
7.2,5.211083333333334,98.58333333333333,0.0,13.226325511932373
7.3,5.246083333333333,98.81666666666666,0.0,19.78888750076294
7.4,5.163666666666667,98.76666666666667,0.0,26.373462677001953
7.5,5.333916666666667,98.66666666666667,0.0,32.94079375267029
7.6,4.9545,98.83333333333333,0.016666666666666666,39.49260210990906
7.7,5.135416666666667,98.56666666666666,0.0,46.02153420448303
7.8,5.25975,98.6,0.0,52.55750370025635
7.9,5.2324166666666665,98.65,0.0,59.08238863945007
8.0,5.0674166666666665,98.58333333333333,0.0,65.5692310333252
8.1,5.008916666666667,98.85000000000001,0.0,6.490606069564819
8.2,4.78775,98.83333333333333,0.0,12.974933385848999
8.3,4.841166666666667,98.95,0.0,19.406238317489624
8.4,4.895583333333334,98.95,0.0,25.80851650238037
8.5,5.033,98.73333333333333,0.0,32.223644971847534
8.6,4.942666666666667,98.8,0.0,38.630472898483276
8.7,4.924,98.96666666666667,0.0,44.971375942230225
8.8,4.91575,98.76666666666667,0.0,51.29869532585144
8.9,4.952583333333333,98.95,0.0,57.62565231323242
9.0,4.9995,98.86666666666667,0.0,63.94705367088318
9.1,4.743083333333334,98.76666666666667,0.0,6.309381484985352
9.2,4.73175,98.83333333333333,0.0,12.631192684173584
9.3,4.561333333333334,99.08333333333333,0.0,18.93577766418457
9.4,4.601833333333333,99.08333333333333,0.0,25.231141090393066
9.5,4.717583333333334,98.88333333333334,0.0,31.554956912994385
9.6,4.5695,99.03333333333333,0.0,37.85798954963684
9.7,4.618416666666667,98.98333333333333,0.0,44.152592420578
9.8,4.779583333333333,98.78333333333333,0.016666666666666666,50.38159680366516
9.9,4.702416666666666,98.91666666666666,0.0,56.67126202583313
10.0,4.6245,99.06666666666666,0.0,62.94911193847656
