Epochs,Loss,Accuracy (%),Silent labels (%),Time (s)
0.1,72.8635,56.25,24.9,16.489482164382935
0.2,34.386583333333334,83.51666666666667,5.016666666666667,33.59461426734924
0.3,21.04925,91.51666666666667,0.0,49.486191511154175
0.4,17.82375,92.9,0.0,64.19697952270508
0.5,16.1215,93.5,0.0,77.88064885139465
0.6,14.78425,94.71666666666667,0.016666666666666666,90.86595320701599
0.7,13.83025,94.76666666666667,0.0,103.17928504943848
0.8,12.822583333333334,95.25,0.0,115.1000919342041
0.9,12.80225,95.21666666666667,0.0,126.63998222351074
1.0,12.198416666666667,95.46666666666667,0.0,137.7671811580658
1.1,11.231833333333332,96.2,0.0,10.811130046844482
1.2,10.609416666666666,96.58333333333333,0.0,21.491398334503174
1.3,10.702,96.13333333333334,0.0,31.915910005569458
1.4,10.28525,96.33333333333334,0.0,42.12283730506897
1.5,10.604333333333333,95.98333333333333,0.0,52.050671100616455
1.6,10.275416666666667,96.13333333333334,0.0,61.77228355407715
1.7,9.695583333333333,97.03333333333333,0.0,71.25279712677002
1.8,9.70825,96.71666666666667,0.0,80.50881838798523
1.9,9.375583333333333,96.66666666666667,0.0,89.59699654579163
2.0,9.31275,96.65,0.0,98.56296515464783
2.1,8.892916666666666,96.98333333333333,0.0,8.743415355682373
2.2,8.597083333333334,97.11666666666666,0.0,17.443870067596436
2.3,8.647833333333333,97.26666666666667,0.0,26.059776544570923
2.4,8.138666666666667,97.71666666666667,0.0,34.57989835739136
2.5,8.352,97.21666666666667,0.0,42.99608588218689
2.6,8.1535,97.38333333333333,0.0,51.33463740348816
2.7,8.307416666666667,97.26666666666667,0.0,59.53333139419556
2.8,8.333916666666667,97.03333333333333,0.0,67.71750688552856
2.9,7.845416666666667,97.63333333333334,0.0,75.77996826171875
3.0,7.834333333333333,97.55,0.0,83.8143253326416
3.1,7.507583333333334,97.73333333333333,0.016666666666666666,7.938637018203735
3.2,7.62625,97.58333333333333,0.0,15.859819650650024
3.3,7.537583333333333,97.63333333333334,0.0,23.674556970596313
3.4,7.3269166666666665,97.58333333333333,0.0,31.419138193130493
3.5,7.368333333333333,97.71666666666667,0.0,39.115888833999634
3.6,7.211416666666667,98.03333333333333,0.0,46.81776833534241
3.7,7.050583333333333,97.93333333333332,0.0,54.440298557281494
3.8,7.228,97.83333333333334,0.0,62.028512477874756
3.9,6.852083333333334,98.13333333333333,0.0,69.56426453590393
4.0,6.841833333333334,97.89999999999999,0.0,77.05013012886047
4.1,6.728916666666667,98.05,0.0,7.411940813064575
4.2,6.636083333333334,98.11666666666666,0.0,14.791599750518799
4.3,6.702583333333333,98.2,0.0,22.135842323303223
4.4,6.354583333333333,98.3,0.0,29.435760974884033
4.5,6.456833333333333,98.35000000000001,0.0,36.70032286643982
4.6,6.486916666666667,98.06666666666666,0.0,43.916879415512085
4.7,6.49875,97.98333333333333,0.0,51.09942293167114
4.8,6.345,98.08333333333333,0.0,58.22695994377136
4.9,6.634833333333333,97.75,0.0,65.33399319648743
5.0,6.4718333333333335,98.13333333333333,0.0,72.3955717086792
5.1,5.949416666666667,98.43333333333332,0.0,7.0409791469573975
5.2,5.951666666666667,98.31666666666666,0.0,14.086502075195312
5.3,5.955,98.38333333333334,0.0,21.09086799621582
5.4,5.986416666666667,98.36666666666667,0.0,28.062784910202026
5.5,5.916833333333333,98.48333333333333,0.0,35.02995300292969
5.6,5.895333333333333,98.56666666666666,0.0,41.99635553359985
5.7,5.981083333333333,98.28333333333333,0.0,48.91328716278076
5.8,6.252916666666667,98.11666666666666,0.0,55.824506521224976
5.9,6.07025,98.26666666666667,0.0,62.72850322723389
6.0,6.060083333333333,98.3,0.0,69.69164633750916
6.1,5.581916666666666,98.5,0.016666666666666666,6.829219341278076
6.2,5.568416666666667,98.45,0.0,13.659584522247314
6.3,5.623916666666666,98.43333333333332,0.0,20.467150449752808
6.4,5.587916666666667,98.7,0.0,27.261224031448364
6.5,5.62425,98.68333333333334,0.0,34.02760028839111
6.6,5.496416666666667,98.71666666666667,0.0,40.72481918334961
6.7,5.708166666666667,98.43333333333332,0.0,47.43265223503113
6.8,5.425833333333333,98.66666666666667,0.0,54.137412786483765
6.9,5.737166666666667,98.35000000000001,0.0,60.79111957550049
7.0,5.596,98.83333333333333,0.0,67.44040298461914
7.1,5.2283333333333335,98.78333333333333,0.0,6.658470869064331
7.2,5.276666666666666,98.58333333333333,0.0,13.304683446884155
7.3,5.317916666666667,98.76666666666667,0.0,19.898756504058838
7.4,5.257916666666667,98.78333333333333,0.0,26.46205163002014
7.5,5.38875,98.65,0.0,33.03699779510498
7.6,5.09775,98.8,0.0,39.59511065483093
7.7,5.188,98.63333333333333,0.0,46.11968278884888
7.8,5.399,98.55000000000001,0.0,52.64581871032715
7.9,5.2804166666666665,98.53333333333333,0.0,59.124407052993774
8.0,5.119916666666667,98.66666666666667,0.0,65.65580701828003
8.1,5.002166666666667,98.85000000000001,0.0,6.4674177169799805
8.2,4.846666666666667,98.78333333333333,0.0,12.94935917854309
8.3,4.937166666666666,98.81666666666666,0.0,19.41245985031128
8.4,4.898833333333333,98.98333333333333,0.0,25.8327898979187
8.5,5.117583333333333,98.7,0.0,32.23375654220581
8.6,4.917583333333333,98.88333333333334,0.0,38.59824538230896
8.7,4.946,98.83333333333333,0.0,44.95360088348389
8.8,4.954166666666667,98.7,0.0,51.32553696632385
8.9,4.975416666666667,98.91666666666666,0.0,57.64678621292114
9.0,5.037583333333333,98.85000000000001,0.0,63.96877932548523
9.1,4.77975,98.71666666666667,0.0,6.266595125198364
9.2,4.708166666666667,98.81666666666666,0.0,12.611056327819824
9.3,4.553333333333334,99.15,0.0,18.909528255462646
9.4,4.62475,99.06666666666666,0.0,25.196776151657104
9.5,4.7164166666666665,99.0,0.0,31.471596240997314
9.6,4.609916666666667,98.95,0.0,37.72593283653259
9.7,4.704083333333333,98.9,0.0,43.95804834365845
9.8,4.799666666666667,98.76666666666667,0.0,50.18911027908325
9.9,4.669083333333333,99.03333333333333,0.0,56.41659116744995
10.0,4.657166666666667,99.03333333333333,0.0,62.57856583595276
