Epochs,Loss,Accuracy (%),Silent labels (%),Time (s)
0.1,71.35633333333334,56.45,23.200000000000003,16.209701538085938
0.2,36.39933333333333,82.23333333333333,6.083333333333334,33.75593876838684
0.3,23.22833333333333,90.68333333333334,0.0,50.57850217819214
0.4,22.044083333333333,91.71666666666667,0.016666666666666666,66.34611940383911
0.5,23.851166666666668,90.66666666666666,0.0,81.4019136428833
0.6,25.10175,89.60000000000001,0.0,95.85700225830078
0.7,25.931333333333335,88.44999999999999,0.0,109.94845390319824
0.8,27.02375,87.45,0.0,123.42836356163025
0.9,28.000833333333333,87.1,0.0,136.68996238708496
1.0,29.4155,85.63333333333333,0.0,149.74907112121582
1.1,30.254666666666665,84.43333333333334,0.0,12.71909761428833
1.2,31.016083333333334,83.56666666666666,0.0,25.145586490631104
1.3,32.401583333333335,80.76666666666667,0.0,37.47483539581299
1.4,32.969,80.48333333333333,0.0,49.84452033042908
1.5,34.22575,78.95,0.0,61.779040575027466
1.6,34.664,78.68333333333334,0.016666666666666666,73.45952200889587
1.7,35.40475,77.4,0.0,84.9655213356018
1.8,35.98433333333333,75.73333333333333,0.016666666666666666,96.37212109565735
1.9,37.230916666666666,73.88333333333334,0.0,107.61390495300293
2.0,37.226083333333335,73.46666666666667,0.0,118.70248675346375
2.1,37.18216666666667,73.28333333333333,0.0,10.960606813430786
2.2,38.99316666666667,71.63333333333334,0.016666666666666666,21.838637590408325
2.3,39.58083333333333,70.25,0.0,32.69935870170593
2.4,38.9995,71.98333333333333,0.0,43.43639540672302
2.5,39.971916666666665,70.13333333333334,0.0,54.02043628692627
2.6,39.431,70.7,0.0,64.57702398300171
2.7,40.489333333333335,69.0,0.0,75.04178524017334
2.8,40.178333333333335,69.8,0.0,85.34790563583374
2.9,40.84858333333333,68.51666666666667,0.016666666666666666,95.55238819122314
3.0,40.56675,69.39999999999999,0.0,105.64410448074341
3.1,41.759,68.08333333333333,0.0,10.0421621799469
3.2,42.54475,66.9,0.0,20.325777292251587
3.3,43.10633333333333,65.86666666666666,0.0,30.445579051971436
3.4,43.556583333333336,65.56666666666666,0.0,40.46941518783569
3.5,43.20633333333333,65.63333333333333,0.0,50.53999066352844
3.6,44.09283333333333,64.06666666666668,0.0,60.500754594802856
3.7,44.27775,63.68333333333334,0.0,70.37545132637024
3.8,44.812083333333334,62.050000000000004,0.0,80.26414346694946
3.9,45.36841666666667,62.1,0.0,90.06384944915771
4.0,44.72816666666667,62.03333333333333,0.0,99.87676334381104
4.1,44.84858333333333,61.78333333333333,0.0,9.651705980300903
4.2,45.67391666666666,60.78333333333333,0.0,19.262632846832275
4.3,45.653416666666665,60.983333333333334,0.0,28.862242460250854
4.4,45.97933333333334,59.583333333333336,0.0,38.476829528808594
4.5,46.21525,59.38333333333333,0.0,48.073909282684326
4.6,45.98141666666667,60.06666666666667,0.0,57.530261754989624
4.7,46.55741666666667,58.58333333333333,0.0,66.89560961723328
4.8,47.0585,58.08333333333333,0.016666666666666666,76.2108678817749
4.9,46.886916666666664,58.51666666666666,0.0,85.53253126144409
5.0,47.759083333333336,56.733333333333334,0.0,94.7984266281128
5.1,47.728,57.550000000000004,0.0,9.171438217163086
5.2,47.37425,56.56666666666666,0.016666666666666666,18.370769500732422
5.3,47.78541666666667,56.51666666666667,0.0,27.52598547935486
5.4,48.48908333333333,54.75,0.0,36.661397218704224
5.5,47.78158333333333,56.38333333333333,0.0,45.71472668647766
5.6,49.321583333333336,54.61666666666667,0.0,54.74373149871826
5.7,48.127,55.46666666666666,0.0,63.701537132263184
5.8,48.425666666666665,54.833333333333336,0.0,72.63763570785522
5.9,48.39833333333333,55.50000000000001,0.0,81.5868501663208
6.0,47.91425,55.166666666666664,0.0,90.53210520744324
6.1,49.195083333333336,54.15,0.0,8.87330675125122
6.2,48.794,54.36666666666666,0.0,17.69349455833435
6.3,49.24766666666667,53.516666666666666,0.0,26.501343965530396
6.4,48.750416666666666,53.75,0.0,35.2502076625824
6.5,48.738083333333336,53.800000000000004,0.0,44.00372791290283
6.6,49.9975,52.86666666666666,0.0,52.792203187942505
6.7,49.11075,54.016666666666666,0.0,61.60840916633606
6.8,49.60691666666666,53.31666666666667,0.0,70.36176371574402
6.9,49.85841666666666,52.31666666666667,0.0,79.05487895011902
7.0,49.23316666666667,53.13333333333333,0.0,87.76602602005005
7.1,49.842166666666664,52.05,0.0,8.672523736953735
7.2,49.63483333333333,53.333333333333336,0.0,17.345446586608887
7.3,50.656083333333335,51.46666666666667,0.016666666666666666,26.05024790763855
7.4,49.755833333333335,52.03333333333333,0.0,34.717077016830444
7.5,50.01683333333333,51.71666666666667,0.0,43.34930086135864
7.6,50.17133333333334,51.81666666666666,0.0,51.9189989566803
7.7,51.235083333333336,50.583333333333336,0.0,60.4425904750824
7.8,51.105333333333334,50.93333333333333,0.0,68.85885977745056
7.9,51.08083333333333,50.583333333333336,0.016666666666666666,77.27398991584778
8.0,51.245583333333336,50.2,0.0,85.69032955169678
8.1,50.054916666666664,51.300000000000004,0.0,8.368178606033325
8.2,51.12866666666667,50.416666666666664,0.0,16.78978180885315
8.3,51.06458333333333,50.516666666666666,0.0,25.188635110855103
8.4,51.12275,49.81666666666666,0.0,33.564608573913574
8.5,50.49875,50.4,0.0,41.90156030654907
8.6,51.52641666666667,50.93333333333333,0.0,50.17154860496521
8.7,50.026,51.61666666666667,0.0,58.40194606781006
8.8,51.12475,50.33333333333333,0.0,66.58108687400818
8.9,50.82808333333333,50.56666666666667,0.0,74.72469520568848
9.0,50.211166666666664,51.18333333333334,0.0,82.91280484199524
9.1,50.179916666666664,51.38333333333334,0.0,8.100936651229858
9.2,49.40233333333333,52.21666666666667,0.0,16.245198011398315
9.3,49.86983333333333,51.61666666666667,0.016666666666666666,24.404529571533203
9.4,49.54441666666666,51.88333333333334,0.0,32.56678652763367
9.5,49.159166666666664,53.81666666666667,0.0,40.71793460845947
9.6,49.23408333333333,53.13333333333333,0.0,48.852691650390625
9.7,49.12716666666667,53.43333333333333,0.0,56.968238830566406
9.8,48.171166666666664,54.516666666666666,0.0,65.05625939369202
9.9,47.67041666666667,55.18333333333333,0.0,73.15435671806335
10.0,47.361,55.48333333333333,0.0,81.25870251655579
