Epochs,Loss,Accuracy (%),Silent labels (%),Time (s)
0.1,70.913,56.88333333333333,22.85,16.477041006088257
0.2,36.529666666666664,82.11666666666667,6.916666666666667,33.59809136390686
0.3,21.281666666666666,91.53333333333333,0.0,49.34153652191162
0.4,17.820666666666668,93.08333333333333,0.0,63.79421639442444
0.5,16.220833333333335,93.66666666666667,0.0,77.40592455863953
0.6,14.849833333333333,94.88333333333333,0.016666666666666666,90.36015677452087
0.7,13.954083333333333,94.88333333333333,0.0,102.61088418960571
0.8,12.933,95.26666666666667,0.0,114.38398265838623
0.9,12.876666666666667,95.19999999999999,0.0,125.76814651489258
1.0,12.259083333333333,95.51666666666667,0.0,136.76085257530212
1.1,11.33175,96.15,0.016666666666666666,10.664438247680664
1.2,10.670833333333333,96.7,0.0,21.089564561843872
1.3,10.733833333333333,96.2,0.0,31.223779678344727
1.4,10.34875,96.43333333333334,0.0,41.118886947631836
1.5,10.651833333333334,96.03333333333333,0.0,50.747456073760986
1.6,10.319166666666666,96.05,0.0,60.22023558616638
1.7,9.79975,96.98333333333333,0.0,69.51933908462524
1.8,9.822583333333334,96.45,0.0,78.62162756919861
1.9,9.422666666666666,96.88333333333333,0.0,87.51195287704468
2.0,9.288083333333333,96.96666666666667,0.0,96.28694128990173
2.1,8.933666666666667,97.06666666666666,0.0,8.614866018295288
2.2,8.621,97.11666666666666,0.0,17.139792680740356
2.3,8.686833333333333,97.18333333333334,0.0,25.59097695350647
2.4,8.152166666666666,97.7,0.0,33.943861961364746
2.5,8.38625,97.26666666666667,0.0,42.22310471534729
2.6,8.24425,97.21666666666667,0.0,50.432154417037964
2.7,8.335083333333333,97.25,0.0,58.49046277999878
2.8,8.37475,97.13333333333334,0.0,66.49219846725464
2.9,7.831916666666666,97.61666666666666,0.0,74.36744236946106
3.0,7.947416666666666,97.43333333333334,0.0,82.15157103538513
3.1,7.583916666666667,97.78333333333333,0.0,7.694635391235352
3.2,7.730083333333333,97.43333333333334,0.0,15.342325925827026
3.3,7.654,97.6,0.0,22.892338752746582
3.4,7.4679166666666665,97.53333333333333,0.0,30.42973828315735
3.5,7.507083333333333,97.68333333333334,0.0,37.97289824485779
3.6,7.334083333333333,97.89999999999999,0.0,45.45975208282471
3.7,7.1146666666666665,97.89999999999999,0.0,52.88408374786377
3.8,7.239083333333333,97.86666666666667,0.0,60.2393434047699
3.9,6.900833333333333,98.1,0.0,67.57275247573853
4.0,6.862583333333333,97.93333333333332,0.0,74.86712908744812
4.1,6.83325,97.96666666666667,0.0,7.253008127212524
4.2,6.709,98.11666666666666,0.0,14.454256057739258
4.3,6.755,98.03333333333333,0.0,21.6563982963562
4.4,6.356916666666667,98.31666666666666,0.0,28.796008110046387
4.5,6.516416666666666,98.31666666666666,0.0,35.938761711120605
4.6,6.522583333333333,98.26666666666667,0.0,43.01509118080139
4.7,6.501166666666666,98.05,0.0,50.05264902114868
4.8,6.42425,98.06666666666666,0.0,57.009634017944336
4.9,6.6645,97.78333333333333,0.0,63.97915315628052
5.0,6.49025,98.08333333333333,0.0,70.92764043807983
5.1,5.95275,98.46666666666667,0.0,6.907045841217041
5.2,5.885416666666667,98.35000000000001,0.0,13.82724905014038
5.3,5.973916666666667,98.35000000000001,0.0,20.70469641685486
5.4,5.996,98.38333333333334,0.0,27.560105323791504
5.5,5.837833333333333,98.46666666666667,0.0,34.379117012023926
5.6,5.92475,98.66666666666667,0.0,41.16835117340088
5.7,6.07075,98.31666666666666,0.0,47.95629405975342
5.8,6.3468333333333335,98.13333333333333,0.0,54.769651651382446
5.9,6.143666666666666,98.26666666666667,0.0,61.54313850402832
6.0,6.237,98.2,0.0,68.30029058456421
6.1,5.586416666666667,98.53333333333333,0.0,6.712134838104248
6.2,5.656166666666667,98.45,0.0,13.424322843551636
6.3,5.672916666666667,98.41666666666666,0.0,20.168837308883667
6.4,5.61725,98.71666666666667,0.0,26.8970308303833
6.5,5.596583333333333,98.78333333333333,0.0,33.613717794418335
6.6,5.4955,98.66666666666667,0.0,40.292932987213135
6.7,5.683166666666667,98.38333333333334,0.0,46.941608905792236
6.8,5.408333333333333,98.58333333333333,0.0,53.5786190032959
6.9,5.652333333333333,98.43333333333332,0.0,60.22180151939392
7.0,5.504333333333333,98.75,0.0,66.82771492004395
7.1,5.1875,98.75,0.0,6.594480514526367
7.2,5.197,98.65,0.0,13.173872232437134
7.3,5.266166666666667,98.8,0.0,19.75000524520874
7.4,5.167666666666666,98.8,0.0,26.294659852981567
7.5,5.295166666666667,98.63333333333333,0.0,32.84754538536072
7.6,4.934083333333334,98.83333333333333,0.0,39.33968687057495
7.7,5.115,98.61666666666666,0.0,45.81889820098877
7.8,5.25125,98.76666666666667,0.0,52.28314971923828
7.9,5.172833333333333,98.58333333333333,0.0,58.742427110672
8.0,5.016,98.7,0.0,65.19092082977295
8.1,4.961166666666666,98.8,0.0,6.39975905418396
8.2,4.761,98.73333333333333,0.0,12.82261323928833
8.3,4.795583333333333,98.95,0.0,19.193203926086426
8.4,4.75925,99.01666666666667,0.0,25.575275182724
8.5,5.0485,98.73333333333333,0.0,31.956556797027588
8.6,4.912,98.85000000000001,0.0,38.31209588050842
8.7,4.993166666666666,98.95,0.0,44.66560745239258
8.8,5.05875,98.76666666666667,0.0,51.02206778526306
8.9,5.028416666666667,98.78333333333333,0.0,57.35006785392761
9.0,5.111583333333333,98.75,0.0,63.6733295917511
9.1,4.984666666666667,98.78333333333333,0.0,6.3140270709991455
9.2,4.9054166666666665,98.91666666666666,0.0,12.691421270370483
9.3,4.690833333333333,99.15,0.0,19.013633966445923
9.4,4.664583333333334,99.13333333333333,0.0,25.343751192092896
9.5,4.773666666666666,98.85000000000001,0.0,31.692676305770874
9.6,4.647916666666666,99.01666666666667,0.0,38.02819848060608
9.7,4.690666666666667,98.98333333333333,0.0,44.341405153274536
9.8,4.748333333333333,98.86666666666667,0.0,50.63307762145996
9.9,4.675916666666667,99.08333333333333,0.0,56.935741901397705
10.0,4.585166666666667,99.0,0.0,63.18246150016785
