Epochs,Loss,Accuracy (%),Silent labels (%),Time (s)
0.1,71.47233333333334,56.28333333333333,23.583333333333336,16.34502077102661
0.2,34.69175,83.26666666666667,5.533333333333333,33.47877240180969
0.3,20.85275,91.58333333333334,0.0,49.271677017211914
0.4,17.570333333333334,93.23333333333333,0.0,63.700276613235474
0.5,16.006,93.7,0.0,77.17514061927795
0.6,14.63375,94.73333333333333,0.0,89.87060809135437
0.7,13.7935,94.91666666666667,0.0,101.9690945148468
0.8,12.703083333333334,95.41666666666667,0.0,113.47239947319031
0.9,12.65425,95.31666666666668,0.0,124.60269713401794
1.0,12.104833333333334,95.6,0.0,135.40032744407654
1.1,11.174166666666666,96.15,0.0,10.38933539390564
1.2,10.5605,96.63333333333334,0.0,20.556572437286377
1.3,10.624583333333334,96.2,0.0,30.49334168434143
1.4,10.2265,96.39999999999999,0.0,40.236713886260986
1.5,10.603833333333334,95.89999999999999,0.0,49.76430320739746
1.6,10.250416666666666,96.21666666666667,0.0,59.10102319717407
1.7,9.713916666666666,96.89999999999999,0.0,68.238525390625
1.8,9.710666666666667,96.7,0.0,77.24432349205017
1.9,9.351,96.85000000000001,0.0,86.06051898002625
2.0,9.292333333333334,96.76666666666667,0.0,94.77761030197144
2.1,8.95075,97.01666666666667,0.0,8.549217462539673
2.2,8.556666666666667,97.08333333333333,0.0,17.001248598098755
2.3,8.663166666666667,97.28333333333333,0.0,25.364054679870605
2.4,8.059166666666666,97.71666666666667,0.0,33.63660502433777
2.5,8.363583333333333,97.21666666666667,0.0,41.74676513671875
2.6,8.160083333333333,97.3,0.0,49.73517346382141
2.7,8.246833333333333,97.28333333333333,0.0,57.625741958618164
2.8,8.3015,97.13333333333334,0.016666666666666666,65.48699951171875
2.9,7.789666666666666,97.71666666666667,0.0,73.27687072753906
3.0,7.767833333333333,97.5,0.0,80.98132872581482
3.1,7.414666666666666,97.76666666666667,0.0,7.588539123535156
3.2,7.519916666666667,97.51666666666667,0.0,15.140597820281982
3.3,7.423166666666667,97.71666666666667,0.0,22.64024519920349
3.4,7.2425,97.78333333333333,0.0,30.080201864242554
3.5,7.357833333333334,97.63333333333334,0.0,37.4414701461792
3.6,7.072916666666667,97.98333333333333,0.0,44.73520803451538
3.7,6.94625,97.89999999999999,0.0,51.982704401016235
3.8,6.992166666666667,97.85000000000001,0.0,59.14712738990784
3.9,6.7295,97.95,0.0,66.25338578224182
4.0,6.651833333333333,97.95,0.0,73.34685850143433
4.1,6.606583333333333,98.0,0.0,7.125798463821411
4.2,6.57875,98.03333333333333,0.0,14.15740180015564
4.3,6.619083333333333,98.1,0.0,21.192174911499023
4.4,6.224333333333333,98.21666666666667,0.0,28.146146059036255
4.5,6.309583333333333,98.48333333333333,0.0,35.08401679992676
4.6,6.369083333333333,98.28333333333333,0.0,42.013575077056885
4.7,6.407,98.05,0.0,48.92745614051819
4.8,6.373833333333334,98.05,0.016666666666666666,55.77400040626526
4.9,6.6410833333333334,97.78333333333333,0.0,62.621665239334106
5.0,6.567,98.15,0.0,69.45589876174927
5.1,6.155583333333333,98.56666666666666,0.0,6.811810255050659
5.2,6.317833333333334,98.26666666666667,0.016666666666666666,13.731648206710815
5.3,6.6459166666666665,98.2,0.0,20.657198190689087
5.4,6.78075,98.38333333333334,0.0,27.534762144088745
5.5,6.947916666666667,98.48333333333333,0.0,34.44565224647522
5.6,7.2084166666666665,98.5,0.0,41.3648567199707
5.7,7.569333333333334,98.16666666666667,0.03333333333333333,48.31953191757202
5.8,7.92425,98.11666666666666,0.03333333333333333,55.29426193237305
5.9,7.981166666666667,98.21666666666667,0.0,62.24170899391174
6.0,8.313833333333333,98.28333333333333,0.016666666666666666,69.220285654068
6.1,7.981333333333334,98.4,0.03333333333333333,6.921778678894043
6.2,8.251333333333333,98.33333333333333,0.06666666666666667,13.853558540344238
6.3,8.590333333333334,98.46666666666667,0.0,20.79288959503174
6.4,8.736166666666668,98.51666666666667,0.016666666666666666,27.733816862106323
6.5,8.699416666666666,98.7,0.0,34.64774489402771
6.6,9.122333333333334,98.6,0.0,41.53235697746277
6.7,9.374583333333334,98.5,0.016666666666666666,48.456966400146484
6.8,9.272833333333333,98.6,0.0,55.38228988647461
6.9,9.745083333333334,98.3,0.0,62.2356915473938
7.0,10.059833333333334,98.85000000000001,0.0,69.12150311470032
7.1,9.48525,98.76666666666667,0.0,6.798475503921509
7.2,9.546916666666666,98.58333333333333,0.016666666666666666,13.569561243057251
7.3,9.29775,98.78333333333333,0.0,20.30882239341736
7.4,9.257916666666667,98.83333333333333,0.016666666666666666,27.048680067062378
7.5,9.152,98.51666666666667,0.016666666666666666,33.72222661972046
7.6,8.601083333333333,98.86666666666667,0.016666666666666666,40.40689206123352
7.7,8.573083333333333,98.63333333333333,0.0,47.03659248352051
7.8,8.506833333333333,98.51666666666667,0.016666666666666666,53.63401913642883
7.9,7.84075,98.46666666666667,0.0,60.17527723312378
8.0,6.977416666666667,98.71666666666667,0.016666666666666666,66.68969893455505
8.1,6.499583333333334,98.71666666666667,0.0,6.448711633682251
8.2,6.09625,98.65,0.0,12.864206075668335
8.3,5.80175,98.86666666666667,0.0,19.194090366363525
8.4,5.617083333333333,98.95,0.0,25.515129804611206
8.5,5.67375,98.7,0.0,31.78835701942444
8.6,5.49525,98.86666666666667,0.0,38.038288593292236
8.7,5.302083333333333,98.86666666666667,0.0,44.262497425079346
8.8,5.192,98.76666666666667,0.0,50.47350025177002
8.9,5.184333333333333,98.81666666666666,0.016666666666666666,56.731886863708496
9.0,5.221916666666667,98.88333333333334,0.0,63.032360553741455
9.1,5.0560833333333335,98.8,0.0,6.3192222118377686
9.2,4.949583333333333,98.86666666666667,0.0,12.6968092918396
9.3,4.7445,99.06666666666666,0.0,19.07293200492859
9.4,4.834333333333333,99.1,0.0,25.499999523162842
9.5,4.882416666666667,98.95,0.0,31.97032332420349
9.6,4.7195833333333335,98.95,0.0,38.48341417312622
9.7,4.705,98.81666666666666,0.0,45.06480646133423
9.8,4.784666666666666,98.85000000000001,0.0,51.6738338470459
9.9,4.459416666666667,98.96666666666667,0.016666666666666666,58.34292483329773
10.0,4.385583333333333,99.06666666666666,0.0,64.99017763137817
