Epochs,Loss,Accuracy (%),Silent labels (%),Time (s)
0.1,72.80358333333334,55.733333333333334,24.8,16.674403190612793
0.2,34.684416666666664,83.23333333333333,5.216666666666667,34.498271465301514
0.3,20.97975,91.51666666666667,0.0,50.79932236671448
0.4,17.7015,93.23333333333333,0.0,65.81930613517761
0.5,16.134416666666667,93.63333333333334,0.0,79.6965069770813
0.6,14.708166666666667,94.63333333333334,0.016666666666666666,92.9004979133606
0.7,13.844083333333334,94.75,0.0,105.47473120689392
0.8,12.84025,95.43333333333334,0.0,117.53319525718689
0.9,12.733916666666667,95.19999999999999,0.0,129.17182087898254
1.0,12.1905,95.39999999999999,0.0,140.36517071723938
1.1,11.268833333333333,96.16666666666667,0.0,10.827684879302979
1.2,10.612916666666667,96.48333333333333,0.0,21.489608764648438
1.3,10.716666666666667,96.11666666666666,0.0,31.833069324493408
1.4,10.319416666666667,96.35000000000001,0.0,41.961302757263184
1.5,10.6205,95.93333333333334,0.0,51.897541522979736
1.6,10.259083333333333,96.33333333333334,0.0,61.5942816734314
1.7,9.732833333333334,96.91666666666666,0.0,71.14147424697876
1.8,9.797333333333333,96.56666666666666,0.0,80.54378509521484
1.9,9.381333333333334,96.78333333333333,0.0,89.83041620254517
2.0,9.34125,96.78333333333333,0.0,98.92004537582397
2.1,8.943083333333334,97.05,0.0,8.905764818191528
2.2,8.62575,97.0,0.0,17.76685070991516
2.3,8.6335,97.43333333333334,0.0,26.580336809158325
2.4,8.170083333333332,97.75,0.0,35.28168964385986
2.5,8.39875,97.28333333333333,0.0,43.86832666397095
2.6,8.225333333333333,97.31666666666666,0.0,52.36542844772339
2.7,8.299416666666668,97.3,0.0,60.77890992164612
2.8,8.382416666666666,97.21666666666667,0.0,69.12521076202393
2.9,7.829666666666666,97.61666666666666,0.0,77.30232381820679
3.0,7.8505,97.53333333333333,0.0,85.41178727149963
3.1,7.525666666666667,97.83333333333334,0.0,8.05318307876587
3.2,7.654583333333333,97.6,0.0,16.085856437683105
3.3,7.583166666666667,97.71666666666667,0.0,24.054945468902588
3.4,7.378916666666667,97.51666666666667,0.0,31.964527130126953
3.5,7.456333333333333,97.75,0.0,39.855260610580444
3.6,7.27675,98.0,0.0,47.649311780929565
3.7,7.052833333333333,97.83333333333334,0.0,55.40410375595093
3.8,7.2365,97.76666666666667,0.0,63.062761068344116
3.9,6.88125,98.26666666666667,0.0,70.65245151519775
4.0,6.877583333333333,97.93333333333332,0.0,78.19156646728516
4.1,6.775,98.18333333333334,0.0,7.560998439788818
4.2,6.753583333333333,98.16666666666667,0.0,15.070890426635742
4.3,6.789666666666666,98.13333333333333,0.0,22.53661584854126
4.4,6.386583333333333,98.4,0.0,29.970020532608032
4.5,6.43975,98.36666666666667,0.0,37.36222815513611
4.6,6.504083333333333,98.3,0.0,44.749096393585205
4.7,6.539583333333334,98.08333333333333,0.0,52.05437231063843
4.8,6.4545,98.01666666666667,0.0,59.34486961364746
4.9,6.666416666666667,97.8,0.0,66.60746216773987
5.0,6.499083333333333,98.05,0.0,73.80411911010742
5.1,5.9635,98.46666666666667,0.0,7.1865997314453125
5.2,5.947666666666667,98.45,0.0,14.408870220184326
5.3,6.0095,98.33333333333333,0.0,21.571125507354736
5.4,6.08775,98.35000000000001,0.0,28.671186208724976
5.5,5.91475,98.56666666666666,0.0,35.749186515808105
5.6,5.910333333333333,98.51666666666667,0.0,42.79924774169922
5.7,6.051416666666666,98.38333333333334,0.0,49.88734722137451
5.8,6.236166666666667,98.06666666666666,0.0,56.91482090950012
5.9,6.10975,98.23333333333333,0.0,63.861042499542236
6.0,6.115333333333333,98.25,0.0,70.82121276855469
6.1,5.5845,98.43333333333332,0.0,6.877850532531738
6.2,5.608666666666666,98.5,0.0,13.74646282196045
6.3,5.6475,98.46666666666667,0.0,20.684810638427734
6.4,5.605083333333333,98.68333333333334,0.0,27.563282012939453
6.5,5.62875,98.7,0.0,34.44269776344299
6.6,5.547916666666667,98.56666666666666,0.0,41.295722007751465
6.7,5.730666666666667,98.48333333333333,0.0,48.116215467453
6.8,5.483083333333333,98.68333333333334,0.0,54.91544771194458
6.9,5.76675,98.43333333333332,0.016666666666666666,61.709991693496704
7.0,5.60675,98.85000000000001,0.0,68.46722555160522
7.1,5.270083333333333,98.68333333333334,0.0,6.707911014556885
7.2,5.301,98.63333333333333,0.0,13.404784440994263
7.3,5.336083333333334,98.81666666666666,0.0,20.142516613006592
7.4,5.292666666666666,98.8,0.0,26.850823640823364
7.5,5.432083333333333,98.7,0.016666666666666666,33.505993127822876
7.6,5.03725,98.9,0.0,40.15432572364807
7.7,5.233083333333333,98.61666666666666,0.0,46.78378653526306
7.8,5.341333333333333,98.56666666666666,0.0,53.39167547225952
7.9,5.336416666666667,98.58333333333333,0.0,59.97111511230469
8.0,5.1418333333333335,98.66666666666667,0.0,66.55477404594421
8.1,5.14625,98.86666666666667,0.0,6.587381601333618
8.2,4.9095,98.78333333333333,0.0,13.1500244140625
8.3,4.94175,98.98333333333333,0.0,19.690337657928467
8.4,4.917583333333333,99.03333333333333,0.0,26.2032368183136
8.5,5.093083333333333,98.73333333333333,0.0,32.74335312843323
8.6,5.003166666666667,98.85000000000001,0.0,39.27391719818115
8.7,4.99625,98.88333333333334,0.0,45.79686760902405
8.8,4.928333333333334,98.73333333333333,0.0,52.30486226081848
8.9,4.968916666666667,98.93333333333332,0.0,58.778483390808105
9.0,5.023916666666667,98.9,0.0,65.26896166801453
9.1,4.8605833333333335,98.75,0.0,6.4542317390441895
9.2,4.788583333333333,98.86666666666667,0.0,12.94684910774231
9.3,4.5805,99.16666666666667,0.0,19.39106774330139
9.4,4.682916666666666,99.03333333333333,0.0,25.8245849609375
9.5,4.793166666666667,98.85000000000001,0.0,32.26301956176758
9.6,4.68025,98.96666666666667,0.0,38.68160343170166
9.7,4.681166666666667,98.93333333333332,0.0,45.087963342666626
9.8,4.875333333333334,98.75,0.0,51.445178270339966
9.9,4.759,99.0,0.0,57.86883878707886
10.0,4.7225,99.01666666666667,0.0,64.24077081680298
