0.02,0.03,0.05,0.08,0.1,0.13,0.15,0.18,0.2
0.0,0.00293939393939394,0.05133333333333332,0.10651515151515147,0.1328181818181818,0.16890909090909087,0.1851515151515151,0.2038181818181818,0.2133939393939393
0.0,0.01003030303030303,0.06203030303030303,0.12018181818181815,0.14990909090909088,0.1877272727272727,0.20339393939393935,0.22509090909090904,0.23518181818181816
9.090909090909092e-05,0.014666666666666666,0.06684848484848484,0.12645454545454543,0.15721212121212116,0.1924545454545454,0.21015151515151514,0.22990909090909087,0.24003030303030304
0.0019090909090909095,0.01972727272727273,0.06972727272727272,0.1288181818181818,0.15969696969696967,0.19442424242424242,0.2125151515151515,0.22981818181818178,0.23896969696969694
0.004151515151515152,0.02418181818181819,0.07400000000000001,0.13442424242424242,0.16339393939393937,0.1986363636363636,0.21478787878787872,0.23521212121212118,0.24396969696969695
0.005303030303030303,0.02827272727272727,0.07815151515151514,0.13866666666666663,0.16760606060606056,0.2034242424242424,0.2196363636363636,0.23830303030303027,0.24754545454545449
0.005484848484848486,0.031424242424242424,0.08248484848484848,0.14245454545454542,0.17351515151515146,0.2068484848484848,0.2254545454545454,0.24290909090909085,0.2512424242424242
0.005696969696969698,0.034484848484848486,0.08663636363636364,0.15127272727272725,0.18572727272727274,0.22084848484848482,0.23972727272727273,0.25939393939393934,0.26827272727272733
0.0066363636363636356,0.035393939393939394,0.09393939393939393,0.1622121212121212,0.19266666666666665,0.23378787878787877,0.253030303030303,0.27372727272727265,0.28451515151515155
0.00706060606060606,0.03675757575757576,0.0956969696969697,0.16209090909090906,0.19460606060606062,0.23378787878787877,0.2529696969696969,0.2741212121212121,0.28409090909090906
0.009060606060606062,0.041787878787878784,0.09699999999999999,0.1664545454545454,0.19978787878787874,0.23912121212121207,0.25760606060606056,0.28103030303030296,0.2895454545454545
0.008636363636363636,0.04145454545454546,0.09899999999999998,0.16557575757575754,0.19975757575757572,0.23678787878787874,0.2574242424242424,0.279030303030303,0.2892727272727273
0.009333333333333336,0.043939393939393945,0.09754545454545455,0.1641212121212121,0.19818181818181815,0.23624242424242423,0.2555757575757575,0.27457575757575753,0.283
0.009575757575757576,0.043,0.10009090909090906,0.1651212121212121,0.1984545454545454,0.23509090909090907,0.2537878787878788,0.27533333333333326,0.28418181818181815
0.010545454545454545,0.046030303030303026,0.10196969696969696,0.16827272727272724,0.2040909090909091,0.24163636363636368,0.26178787878787874,0.28024242424242424,0.2894242424242424
0.010515151515151516,0.04572727272727272,0.10045454545454544,0.16724242424242422,0.20018181818181813,0.2373333333333333,0.2564545454545453,0.2772121212121212,0.28660606060606053
0.011696969696969699,0.04475757575757575,0.10203030303030301,0.16784848484848483,0.2015454545454545,0.23851515151515149,0.25615151515151513,0.2775151515151515,0.2860303030303029
0.011333333333333334,0.04612121212121212,0.10533333333333332,0.169060606060606,0.20196969696969688,0.23963636363636356,0.2588484848484848,0.27842424242424246,0.288060606060606
0.011939393939393939,0.04742424242424242,0.1029090909090909,0.16987878787878785,0.20309090909090904,0.24051515151515152,0.25809090909090915,0.2803636363636363,0.2896060606060606
0.012666666666666665,0.049121212121212114,0.10427272727272724,0.172060606060606,0.20430303030303024,0.24299999999999997,0.2609090909090909,0.2811515151515151,0.29109090909090907
0.01196969696969697,0.048606060606060604,0.10633333333333331,0.17227272727272724,0.20639393939393935,0.2453333333333333,0.2636363636363636,0.2839696969696969,0.2934242424242424
0.01490909090909091,0.04766666666666666,0.10551515151515148,0.1746060606060606,0.20645454545454545,0.24593939393939393,0.26336363636363636,0.28481818181818186,0.29418181818181816
0.013454545454545453,0.04975757575757575,0.107,0.1741212121212121,0.20584848484848486,0.2436666666666666,0.2637272727272727,0.28172727272727266,0.29284848484848486
0.01475757575757576,0.049787878787878784,0.10587878787878786,0.17396969696969694,0.20521212121212118,0.24481818181818182,0.26212121212121214,0.28236363636363637,0.2927272727272727
0.013575757575757576,0.04960606060606059,0.10733333333333328,0.17239393939393935,0.20563636363636364,0.24263636363636365,0.2604242424242424,0.28239393939393936,0.29196969696969693
0.015757575757575762,0.05224242424242424,0.10763636363636361,0.1735151515151515,0.20796969696969692,0.24372727272727268,0.263030303030303,0.2838181818181818,0.2934242424242424
0.01293939393939394,0.05054545454545453,0.10512121212121209,0.1689090909090909,0.2011212121212121,0.23660606060606051,0.2554242424242424,0.27499999999999997,0.2859090909090909
0.015424242424242422,0.05233333333333332,0.10696969696969694,0.1736363636363636,0.2079393939393939,0.24418181818181817,0.2627575757575757,0.2818484848484848,0.29287878787878785
0.016121212121212123,0.050666666666666645,0.1069090909090909,0.1725454545454545,0.20521212121212118,0.24260606060606058,0.2611212121212121,0.2819090909090909,0.293
0.01675757575757576,0.05133333333333332,0.10763636363636363,0.1731515151515151,0.2074242424242424,0.24399999999999997,0.2637575757575757,0.2829393939393939,0.29330303030303023
0.015666666666666666,0.05042424242424242,0.104,0.16709090909090907,0.19990909090909084,0.23487878787878785,0.25357575757575757,0.27112121212121215,0.28057575757575753
0.017727272727272727,0.0522121212121212,0.10827272727272726,0.1725454545454545,0.2056060606060606,0.24160606060606052,0.26109090909090904,0.28121212121212125,0.2897575757575758
0.017757575757575757,0.05333333333333332,0.10645454545454544,0.1718484848484848,0.2031515151515151,0.2408181818181818,0.2589696969696969,0.2778181818181818,0.28787878787878785
0.01821212121212121,0.05384848484848483,0.1069090909090909,0.17321212121212118,0.20672727272727265,0.24306060606060598,0.2623939393939393,0.2813333333333334,0.2919090909090909
0.0173030303030303,0.052818181818181806,0.10799999999999997,0.17221212121212123,0.20493939393939395,0.24245454545454548,0.2606060606060606,0.2796060606060605,0.2905757575757575
0.01687878787878788,0.05254545454545454,0.10539393939393936,0.16869696969696968,0.20203030303030303,0.2395151515151515,0.2559090909090909,0.27569696969696966,0.2852121212121212
0.018545454545454546,0.054242424242424245,0.10887878787878785,0.17269696969696968,0.2055454545454545,0.2419393939393939,0.2612424242424243,0.27939393939393936,0.29051515151515145
0.018424242424242423,0.05539393939393939,0.10824242424242424,0.17378787878787877,0.20645454545454545,0.2442121212121212,0.2615757575757576,0.2821515151515151,0.2916969696969697
0.021666666666666667,0.05506060606060606,0.1104242424242424,0.17793939393939393,0.21042424242424246,0.24851515151515147,0.26733333333333326,0.2866666666666666,0.29654545454545456
0.02148484848484849,0.05481818181818181,0.1105151515151515,0.17727272727272725,0.21042424242424243,0.24878787878787875,0.26699999999999996,0.28569696969696967,0.2966363636363636
0.019515151515151517,0.05587878787878787,0.11078787878787875,0.17457575757575752,0.20827272727272728,0.24372727272727268,0.26178787878787874,0.28403030303030297,0.2919090909090909
0.020000000000000004,0.055454545454545444,0.10978787878787878,0.1755151515151515,0.20824242424242423,0.24484848484848482,0.26303030303030295,0.2836969696969697,0.292060606060606
0.020393939393939395,0.05733333333333332,0.1106060606060606,0.17545454545454545,0.2096363636363636,0.24415151515151506,0.26548484848484843,0.28454545454545455,0.29348484848484846
0.019181818181818175,0.05848484848484848,0.11206060606060603,0.17657575757575755,0.20890909090909088,0.2471515151515151,0.2645151515151515,0.2843333333333333,0.2931212121212121
0.022,0.056878787878787855,0.11206060606060607,0.17830303030303027,0.21066666666666664,0.24999999999999997,0.2658787878787878,0.2861818181818181,0.29681818181818176
0.02109090909090909,0.05454545454545454,0.10854545454545451,0.17254545454545453,0.20354545454545453,0.24015151515151512,0.257060606060606,0.2757272727272727,0.2848181818181818
0.022181818181818184,0.05869696969696969,0.11154545454545452,0.17806060606060603,0.20978787878787875,0.24839393939393936,0.26766666666666666,0.2862121212121212,0.29590909090909084
0.020999999999999994,0.05972727272727272,0.11248484848484845,0.17563636363636362,0.20863636363636362,0.2452424242424242,0.26396969696969685,0.28178787878787875,0.2918787878787878
0.02072727272727273,0.05957575757575757,0.11218181818181816,0.1781818181818182,0.21054545454545448,0.24875757575757576,0.26666666666666666,0.28639393939393937,0.29736363636363633
0.022878787878787884,0.05766666666666665,0.11239393939393937,0.17818181818181816,0.21057575757575753,0.2468484848484848,0.2661818181818181,0.2850909090909091,0.2944242424242424
0.020999999999999998,0.05812121212121211,0.11051515151515147,0.1755151515151515,0.2086666666666666,0.24596969696969692,0.262030303030303,0.2823030303030303,0.2923636363636364
0.021818181818181816,0.05960606060606059,0.11281818181818176,0.17769696969696966,0.21069696969696966,0.2465151515151515,0.2654242424242424,0.2847575757575757,0.2943030303030303
0.0206969696969697,0.057787878787878784,0.10999999999999996,0.17633333333333331,0.20818181818181813,0.24581818181818182,0.26348484848484843,0.284060606060606,0.29278787878787876
0.021303030303030306,0.05787878787878786,0.11236363636363635,0.17706060606060603,0.21012121212121207,0.24666666666666662,0.2643636363636363,0.28406060606060596,0.2941515151515151
0.022212121212121214,0.058636363636363625,0.11193939393939388,0.1753333333333333,0.2095757575757575,0.2459393939393939,0.26448484848484843,0.28354545454545454,0.29403030303030303
0.021363636363636362,0.058696969696969685,0.1126969696969697,0.17584848484848478,0.20672727272727273,0.24348484848484847,0.26254545454545447,0.28124242424242424,0.28978787878787876
0.02312121212121212,0.05972727272727272,0.11318181818181815,0.17769696969696966,0.21133333333333335,0.24836363636363634,0.2643636363636363,0.2867575757575757,0.2959090909090909
0.021333333333333336,0.05957575757575757,0.11145454545454546,0.17509090909090907,0.2087272727272727,0.24587878787878784,0.2628787878787878,0.28518181818181815,0.2933939393939394
0.02148484848484849,0.05993939393939392,0.11227272727272726,0.1774242424242424,0.21145454545454545,0.24775757575757568,0.2653030303030304,0.2853333333333334,0.29521212121212115
0.022818181818181817,0.05909090909090908,0.11324242424242419,0.17839393939393935,0.21051515151515146,0.24730303030303027,0.2652727272727273,0.2846060606060606,0.29484848484848486
0.02148484848484849,0.05954545454545454,0.11084848484848484,0.1731515151515151,0.20503030303030306,0.24063636363636365,0.2596969696969697,0.2779999999999999,0.2866666666666666
0.022212121212121214,0.06112121212121211,0.11203030303030301,0.17518181818181816,0.21036363636363636,0.246,0.26324242424242417,0.285060606060606,0.29363636363636364
0.022272727272727274,0.061363636363636356,0.1133333333333333,0.17599999999999996,0.2091212121212121,0.24593939393939393,0.263060606060606,0.2828181818181818,0.2928181818181818
0.022060606060606062,0.062424242424242424,0.11275757575757578,0.1755151515151515,0.2089090909090909,0.246060606060606,0.2624848484848484,0.28312121212121205,0.2933939393939393
0.02254545454545455,0.06075757575757576,0.11196969696969696,0.1749393939393939,0.20642424242424243,0.24236363636363636,0.26130303030303037,0.28072727272727266,0.28848484848484846
0.022818181818181817,0.06115151515151514,0.11299999999999999,0.17560606060606057,0.20712121212121207,0.24366666666666664,0.26166666666666666,0.2806666666666666,0.2892727272727273
0.02351515151515152,0.06254545454545454,0.11454545454545452,0.17696969696969692,0.20948484848484847,0.2455757575757575,0.2629090909090909,0.2841818181818181,0.2925454545454545
0.02257575757575758,0.06245454545454545,0.11327272727272725,0.17569696969696966,0.20745454545454542,0.24590909090909088,0.2636363636363636,0.281969696969697,0.2912727272727272
0.02293939393939394,0.06278787878787878,0.11393939393939388,0.17445454545454545,0.2093636363636363,0.24484848484848484,0.26342424242424234,0.2826060606060606,0.2923939393939394
0.022818181818181817,0.06257575757575756,0.11336363636363635,0.17693939393939392,0.21066666666666667,0.2468787878787879,0.26533333333333337,0.2847575757575757,0.29490909090909095
0.021696969696969697,0.0636060606060606,0.11403030303030302,0.1761212121212121,0.21042424242424235,0.2454545454545454,0.26378787878787874,0.28351515151515144,0.29181818181818175
0.023454545454545454,0.06287878787878788,0.11515151515151514,0.1778181818181818,0.2098787878787878,0.24645454545454537,0.2642121212121212,0.28412121212121205,0.29309090909090907
0.02193939393939394,0.063,0.11481818181818179,0.17506060606060603,0.20878787878787872,0.24339393939393938,0.2605454545454546,0.2819696969696969,0.28945454545454546
0.022666666666666665,0.061999999999999986,0.11387878787878783,0.1743333333333333,0.20887878787878786,0.24375757575757573,0.2608787878787878,0.2816666666666666,0.29027272727272724
0.023212121212121215,0.06381818181818179,0.11493939393939394,0.17806060606060603,0.2113030303030303,0.24766666666666665,0.26469696969696965,0.2850909090909091,0.2946969696969697
0.022393939393939397,0.06281818181818183,0.11099999999999999,0.1736969696969697,0.20657575757575755,0.24057575757575755,0.2585454545454545,0.2796060606060606,0.28827272727272724
0.022424242424242426,0.06375757575757574,0.11381818181818178,0.17787878787878786,0.2128484848484848,0.24690909090909094,0.26560606060606057,0.28469696969696967,0.2953333333333333
0.021909090909090913,0.06406060606060605,0.11439393939393937,0.1784242424242424,0.21157575757575756,0.24766666666666665,0.2658484848484849,0.2854242424242424,0.2951212121212122
0.02187878787878788,0.0645151515151515,0.11409090909090908,0.17706060606060603,0.20957575757575755,0.24599999999999997,0.2637272727272727,0.2833636363636363,0.293090909090909
0.022060606060606062,0.06427272727272727,0.11503030303030302,0.17612121212121207,0.21030303030303024,0.2463636363636363,0.264060606060606,0.2846666666666666,0.294969696969697
0.021272727272727273,0.06433333333333334,0.11448484848484847,0.17763636363636356,0.20939393939393938,0.24809090909090906,0.265,0.28384848484848485,0.29451515151515145
0.02087878787878788,0.06433333333333333,0.11478787878787876,0.17721212121212118,0.21081818181818182,0.2461515151515151,0.2642424242424242,0.28387878787878784,0.2928484848484848
0.023060606060606063,0.0653030303030303,0.11354545454545452,0.17875757575757573,0.2113636363636363,0.24781818181818183,0.2664848484848485,0.2848787878787879,0.2967575757575757
0.023060606060606063,0.06718181818181818,0.11730303030303028,0.18133333333333332,0.21478787878787875,0.2524545454545454,0.2692121212121212,0.2897878787878788,0.2986060606060606
0.022878787878787884,0.06436363636363635,0.1151212121212121,0.1776363636363636,0.20984848484848478,0.2466060606060606,0.26527272727272727,0.28363636363636363,0.29290909090909084
0.02272727272727273,0.06521212121212121,0.11309090909090908,0.17648484848484844,0.2088181818181818,0.245,0.26260606060606057,0.28263636363636363,0.2926969696969696
0.020999999999999998,0.06599999999999999,0.11321212121212122,0.1763030303030303,0.20924242424242426,0.24424242424242418,0.26209090909090904,0.2827575757575757,0.29178787878787876
0.02357575757575758,0.06539393939393938,0.1148181818181818,0.17906060606060603,0.21254545454545448,0.24884848484848482,0.2673333333333333,0.28693939393939394,0.29612121212121206
0.023030303030303033,0.06745454545454543,0.11621212121212117,0.18090909090909088,0.21278787878787878,0.2512727272727272,0.2688484848484848,0.28845454545454546,0.2976060606060606
0.022272727272727274,0.06493939393939394,0.11472727272727269,0.17927272727272725,0.21112121212121207,0.24812121212121208,0.26624242424242417,0.28421212121212125,0.2931515151515151
0.02193939393939394,0.06669696969696969,0.11527272727272725,0.1799393939393939,0.2130606060606061,0.25018181818181817,0.26687878787878794,0.28642424242424236,0.29515151515151516
0.022151515151515155,0.06745454545454543,0.11687878787878786,0.18157575757575756,0.21442424242424238,0.2504242424242424,0.26878787878787874,0.2893636363636363,0.2989393939393939
0.022151515151515158,0.06693939393939394,0.11587878787878786,0.1786969696969697,0.21163636363636362,0.24715151515151507,0.2656666666666666,0.28384848484848485,0.29296969696969694
0.02360606060606061,0.06878787878787877,0.12139393939393939,0.18899999999999997,0.22287878787878784,0.2617272727272727,0.2789393939393939,0.3006666666666667,0.3111212121212121
0.0233030303030303,0.06933333333333334,0.12224242424242422,0.18945454545454538,0.22366666666666665,0.26133333333333325,0.2816363636363636,0.30124242424242414,0.3108484848484849
0.024030303030303034,0.06999999999999997,0.12354545454545453,0.18948484848484845,0.22278787878787878,0.2608181818181818,0.2808181818181818,0.29993939393939395,0.3084545454545454
0.02354545454545454,0.06851515151515152,0.12160606060606058,0.18590909090909086,0.21869696969696964,0.25706060606060605,0.27521212121212124,0.2933636363636364,0.30433333333333334
0.024242424242424242,0.07024242424242423,0.12454545454545457,0.19042424242424236,0.2249090909090909,0.26187878787878777,0.28284848484848485,0.3013030303030303,0.3110909090909091
0.025212121212121217,0.0694242424242424,0.12215151515151514,0.1872121212121212,0.22406060606060602,0.2602121212121212,0.27912121212121216,0.2996060606060606,0.3100909090909091
0.024818181818181826,0.06939393939393938,0.12272727272727271,0.18963636363636358,0.22333333333333333,0.2609696969696969,0.27981818181818185,0.30006060606060614,0.3098484848484848
