Epochs,Loss,Accuracy (%),Silent labels (%),Time (s)
0.0980872976949485,127.635,8.5,39.75,18.782150983810425
0.196174595389897,106.243125,12.375,26.375,19.69969916343689
0.2942618930848455,102.038125,11.375,26.25,20.625279903411865
0.392349190779794,100.36125,12.75,24.5,21.511937379837036
0.4904364884747425,98.775625,17.0,23.375,22.399731397628784
0.588523786169691,98.98625,15.25,23.625,23.26742911338806
0.6866110838646395,100.205625,15.25,26.25,24.087474584579468
0.784698381559588,98.894375,15.75,25.124999999999996,24.93793559074402
0.8827856792545365,97.86875,18.0,24.625,25.7514750957489
0.980872976949485,99.06875,19.0,27.875,26.550254106521606
1.0789602746444336,98.425,18.375,26.0,6.971703052520752
1.177047572339382,99.855625,15.5,28.625,7.871668577194214
1.2751348700343306,96.97,17.25,23.375,8.679662227630615
1.373222167729279,96.051875,23.5,23.125,9.528593301773071
1.4713094654242276,96.62625,22.25,24.125,10.38638710975647
1.569396763119176,95.881875,23.125,23.625,11.234012603759766
1.6674840608141246,99.025,19.375,27.750000000000004,12.072599411010742
1.765571358509073,96.923125,22.375,25.5,12.87466287612915
1.8636586562040216,96.161875,23.25,25.624999999999996,13.695970296859741
1.96174595389897,94.718125,24.375,22.875,14.501719951629639
2.0598332515939184,95.67,25.874999999999996,24.0,8.904220819473267
2.157920549288867,95.814375,24.0,24.375,9.710548162460327
2.2560078469838154,96.104375,23.5,25.374999999999996,10.518874883651733
2.354095144678764,96.364375,23.125,26.0,11.329163789749146
2.4521824423737124,95.415625,23.375,24.375,12.139793395996094
2.550269740068661,95.509375,25.25,23.75,12.947514057159424
2.6483570377636094,95.475,23.25,24.0,13.823393106460571
2.746444335458558,95.78,25.124999999999996,24.75,14.73852825164795
2.8445316331535064,96.169375,25.124999999999996,26.125,15.604820728302002
2.942618930848455,95.211875,26.625,24.5,16.414652109146118
3.0407062285434034,96.044375,27.125,26.75,8.386425256729126
3.138793526238352,95.54375,23.5,24.125,9.292238712310791
3.2368808239333005,96.925,25.0,27.125,10.181614875793457
3.334968121628249,96.06125,25.124999999999996,25.5,11.085573673248291
3.4330554193231975,96.095625,23.875,25.374999999999996,11.992485523223877
3.531142717018146,96.07625,25.5,24.5,12.912414312362671
3.6292300147130945,95.488125,26.25,24.375,13.808889150619507
3.727317312408043,94.50375,26.0,24.375,14.650476455688477
3.8254046101029915,94.08,25.5,23.125,15.44672441482544
3.92349190779794,94.335,25.5,23.75,16.24461793899536
4.0215792054928885,96.2875,25.0,25.874999999999996,7.07423996925354
4.119666503187837,96.0575,23.0,25.0,8.03683352470398
4.217753800882786,95.370625,23.25,24.5,9.097562789916992
4.315841098577734,95.044375,25.5,25.874999999999996,10.167137384414673
4.4139283962726825,95.885625,27.500000000000004,25.5,11.192269802093506
4.512015693967631,94.90375,27.125,25.5,12.15670394897461
4.61010299166258,95.068125,22.5,24.25,13.063414335250854
4.708190289357528,95.463125,25.874999999999996,25.124999999999996,13.915798664093018
4.8062775870524765,92.889375,28.499999999999996,23.375,14.725906133651733
4.904364884747425,93.779375,25.374999999999996,21.875,15.624290227890015
5.002452182442374,96.92625,24.125,26.75,7.27175498008728
5.100539480137322,95.201875,25.874999999999996,24.75,8.139475107192993
5.198626777832271,95.17125,27.500000000000004,24.625,9.003856658935547
5.296714075527219,94.250625,26.25,23.375,10.005123615264893
5.394801373222168,95.515625,28.375,26.125,10.795099973678589
5.492888670917116,95.395,26.125,25.0,11.570789813995361
5.590975968612065,94.91625,24.75,24.75,12.356308460235596
5.689063266307013,95.120625,26.125,24.75,13.14593768119812
5.787150564001962,95.909375,26.125,26.75,13.965489864349365
5.88523786169691,95.985625,24.25,24.375,14.774715900421143
5.983325159391859,95.04875,26.25,25.75,15.593982458114624
6.081412457086807,94.1025,26.5,24.25,7.4762914180755615
6.179499754781756,93.864375,27.875,22.75,8.31602144241333
6.277587052476704,94.566875,28.875,24.75,9.144453763961792
6.375674350171653,93.69625,26.125,21.875,9.965120077133179
6.473761647866601,96.0,25.624999999999996,27.125,10.824244499206543
6.57184894556155,95.434375,26.375,26.125,11.695074796676636
6.669936243256498,95.971875,26.75,26.125,12.514982223510742
6.768023540951447,95.31125,25.75,24.625,13.332312107086182
6.866110838646395,95.158125,26.875,25.75,14.143388509750366
6.964198136341344,94.51375,26.625,24.0,14.93005895614624
7.062285434036292,94.121875,27.750000000000004,23.75,5.209991931915283
7.160372731731241,97.32,23.875,28.125,6.003103733062744
7.258460029426189,98.204375,23.25,29.25,6.805534362792969
7.356547327121138,95.2675,25.624999999999996,25.374999999999996,7.594284534454346
7.454634624816086,92.398125,27.250000000000004,20.75,8.371785879135132
7.552721922511035,93.72625,27.250000000000004,23.0,9.151848554611206
7.650809220205983,92.535,23.25,22.125,9.934690713882446
7.748896517900932,87.719375,28.499999999999996,19.5,10.699939250946045
7.84698381559588,87.244375,26.125,18.875,11.531544923782349
7.945071113290829,87.088125,27.625,19.125,12.310129165649414
8.043158410985777,87.77,24.75,20.25,7.124940872192383
8.141245708680726,86.675625,25.25,18.875,8.038888454437256
8.239333006375674,86.965625,26.25,20.125,9.038828611373901
8.337420304070623,81.104375,26.5,13.750000000000002,9.98885202407837
8.435507601765572,82.36625,26.25,16.875,11.03027629852295
8.53359489946052,80.3375,27.250000000000004,14.625,11.978997945785522
8.631682197155468,81.44375,24.875,15.375,12.939081192016602
8.729769494850418,81.03,25.374999999999996,14.625,13.877421140670776
8.827856792545365,80.615,29.875,14.499999999999998,14.822835922241211
8.925944090240314,81.325625,24.75,14.000000000000002,15.768954515457153
9.024031387935262,81.373125,24.375,15.0,4.887507438659668
9.12211868563021,80.7475,26.875,15.125,5.757141351699829
9.22020598332516,82.4525,24.875,16.875,6.545344352722168
9.318293281020107,79.11,27.0,12.625,7.339312553405762
9.416380578715057,80.8925,26.625,14.374999999999998,8.13256287574768
9.514467876410006,81.06375,25.124999999999996,15.75,8.916272640228271
9.612555174104953,79.87,27.125,14.75,9.71552300453186
9.710642471799902,80.2,27.750000000000004,14.499999999999998,10.507340669631958
9.80872976949485,80.139375,27.500000000000004,13.750000000000002,11.313637495040894
9.906817067189799,81.86,25.75,15.5,12.111557722091675
10.004904364884748,81.888125,25.374999999999996,16.25,5.062401533126831
10.102991662579695,81.260625,26.125,15.5,6.018882751464844
10.201078960274645,80.71875,27.375,15.0,6.867093324661255
10.299166257969594,81.265625,26.875,16.25,7.677814245223999
10.397253555664541,79.92375,27.125,13.25,8.4985671043396
10.49534085335949,78.885,30.875000000000004,13.625000000000002,9.317838907241821
10.593428151054438,80.200625,26.25,13.375,10.136217594146729
10.691515448749387,82.81,24.5,16.25,10.937911033630371
10.789602746444336,80.581875,27.0,15.0,11.738864421844482
10.887690044139283,81.61,26.0,15.625,12.538457870483398
10.985777341834233,80.785625,28.749999999999996,15.125,13.35756254196167
11.083864639529182,80.300625,29.75,15.125,5.511749744415283
11.18195193722413,80.4175,28.749999999999996,16.375,6.281486749649048
11.280039234919078,80.6075,28.625,14.875,7.041689395904541
11.378126532614026,80.583125,26.875,14.625,7.811589002609253
11.476213830308975,79.62125,28.375,12.75,8.591558694839478
11.574301128003924,80.08,30.125,16.0,9.371796369552612
11.672388425698871,79.455625,28.499999999999996,12.375,10.177783727645874
11.77047572339382,81.421875,28.625,16.625,10.962868928909302
11.86856302108877,79.489375,30.375000000000004,13.875000000000002,11.773655414581299
11.966650318783717,82.469375,28.000000000000004,17.25,12.54173755645752
12.064737616478666,80.521875,26.75,14.374999999999998,3.229795217514038
12.162824914173614,81.3325,29.25,16.125,4.014118671417236
12.260912211868563,80.675,27.750000000000004,14.000000000000002,4.78820538520813
12.358999509563512,80.43375,28.125,14.000000000000002,5.561375856399536
12.45708680725846,80.68,28.625,15.125,6.336116552352905
12.555174104953409,80.451875,29.75,14.75,7.089642286300659
12.653261402648358,80.843125,26.125,16.25,7.849769830703735
12.751348700343305,77.02875,32.125,11.5,8.6435387134552
12.849435998038254,80.51875,29.875,14.875,9.409821510314941
12.947523295733202,81.7175,29.125,17.25,10.159711837768555
13.045610593428151,80.48375,28.000000000000004,15.125,6.213523864746094
13.1436978911231,80.0525,30.25,14.499999999999998,7.200033664703369
13.241785188818048,80.2,29.875,15.625,8.121219873428345
13.339872486512997,80.26125,27.500000000000004,14.75,9.020145893096924
13.437959784207946,80.686875,28.499999999999996,16.375,9.907281160354614
13.536047081902893,79.9425,28.375,13.750000000000002,10.857015371322632
13.634134379597842,80.205,29.25,14.625,11.798317193984985
13.73222167729279,80.97875,30.0,16.0,12.64305067062378
13.830308974987739,80.399375,29.5,15.875,13.47229528427124
13.928396272682688,79.62875,28.375,12.25,14.290286779403687
14.026483570377636,81.806875,28.125,17.0,4.145301103591919
14.124570868072585,79.92125,29.5,14.249999999999998,4.999907732009888
14.222658165767534,80.74625,30.625000000000004,16.25,5.790237903594971
14.320745463462481,80.483125,30.0,15.0,6.564438581466675
14.41883276115743,80.645625,27.375,15.25,7.330034494400024
14.516920058852378,79.670625,31.374999999999996,14.75,8.090237379074097
14.615007356547327,80.42125,28.625,15.25,8.880327224731445
14.713094654242276,79.296875,29.625,14.875,9.68988585472107
14.811181951937224,79.39625,31.5,14.499999999999998,10.464078903198242
14.909269249632173,80.840625,30.0,16.375,11.220158100128174
15.007356547327122,77.998125,30.375000000000004,11.0,3.3187754154205322
15.10544384502207,79.059375,30.125,13.875000000000002,4.205276012420654
15.203531142717019,79.838125,30.0,15.125,5.091951370239258
15.301618440411966,79.584375,31.374999999999996,14.75,5.876418590545654
15.399705738106915,79.71875,32.125,14.875,6.632606506347656
15.497793035801864,79.94125,29.375,14.124999999999998,7.392861843109131
15.595880333496812,81.42375,28.249999999999996,15.125,8.139487504959106
15.69396763119176,81.019375,31.25,17.0,8.894517183303833
15.79205492888671,81.224375,30.125,16.375,9.64509129524231
15.890142226581657,80.41125,28.249999999999996,15.375,10.397759914398193
15.988229524276607,79.465,28.999999999999996,13.375,11.140313625335693
16.086316821971554,80.35875,30.0,15.5,5.826701879501343
16.184404119666503,79.683125,30.875000000000004,14.499999999999998,6.6121697425842285
16.282491417361452,81.13375,27.250000000000004,15.625,7.377216100692749
16.3805787150564,80.93625,26.25,14.875,8.166144847869873
16.478666012751347,80.478125,31.125000000000004,16.125,8.952539682388306
16.576753310446296,77.93,33.375,13.0,9.722818851470947
16.674840608141245,79.54375,30.625000000000004,14.499999999999998,10.493639945983887
16.772927905836195,81.1925,28.875,15.375,11.290548324584961
16.871015203531144,78.98125,32.5,15.5,12.093490600585938
16.969102501226093,79.390625,31.874999999999996,14.499999999999998,12.863677978515625
17.06718979892104,79.68375,30.5,15.5,3.2566921710968018
17.165277096615988,79.161875,30.75,13.125,4.024992942810059
17.263364394310937,80.31,31.75,16.375,4.795337915420532
17.361451692005886,80.754375,27.125,15.625,5.5440380573272705
17.459538989700835,79.00125,26.875,13.0,6.3191657066345215
17.55762628739578,81.406875,28.249999999999996,15.125,7.071447849273682
17.65571358509073,80.36875,30.875000000000004,15.875,7.8196728229522705
17.75380088278568,80.135625,30.875000000000004,15.875,8.580897331237793
17.85188818048063,80.05875,28.875,14.374999999999998,9.339076280593872
17.949975478175578,78.49875,29.75,13.25,10.076539039611816
18.048062775870523,82.098125,27.500000000000004,16.375,4.335416555404663
18.146150073565472,78.200625,30.375000000000004,12.625,5.124175786972046
18.24423737126042,80.46625,30.375000000000004,17.375,5.943429708480835
18.34232466895537,79.905,29.875,15.0,6.7468485832214355
18.44041196665032,79.09375,30.625000000000004,14.000000000000002,7.564982652664185
18.538499264345266,80.291875,31.624999999999996,15.375,8.352447271347046
18.636586562040215,80.93875,28.999999999999996,16.0,9.120561122894287
18.734673859735164,79.386875,31.0,14.374999999999998,9.856192350387573
18.832761157430113,79.22,30.875000000000004,13.125,10.613137006759644
18.930848455125062,80.78375,30.75,15.125,11.389084815979004
19.02893575282001,80.40125,30.875000000000004,14.875,5.587980031967163
19.127023050514957,79.141875,31.874999999999996,14.499999999999998,6.368851900100708
19.225110348209906,79.235,32.0,14.124999999999998,7.12788200378418
19.323197645904855,81.00875,28.875,16.375,7.89180850982666
19.421284943599805,78.330625,32.375,13.5,8.657682180404663
19.519372241294754,80.483125,26.875,14.625,9.417936325073242
19.6174595389897,81.408125,29.75,16.5,10.165028810501099
19.71554683668465,81.6175,29.25,16.625,10.907867670059204
19.813634134379598,80.00875,31.125000000000004,15.25,11.66791582107544
19.911721432074547,79.166875,31.75,13.875000000000002,12.408742904663086
20.009808729769496,80.545625,28.749999999999996,15.5,5.559734106063843
20.10789602746444,81.38375,27.625,17.0,6.3617753982543945
20.20598332515939,80.59375,31.5,14.75,7.138596773147583
20.30407062285434,80.240625,30.375000000000004,14.875,7.906502962112427
20.40215792054929,78.175,31.624999999999996,12.625,8.685227870941162
20.50024521824424,77.604375,29.75,12.125,9.433720350265503
20.598332515939187,81.601875,29.875,16.5,10.18547534942627
20.696419813634133,78.964375,32.125,13.750000000000002,10.930227041244507
20.794507111329082,80.22,32.125,15.25,11.693216562271118
20.89259440902403,79.8825,30.375000000000004,15.75,12.509265422821045
20.99068170671898,80.73125,28.625,15.125,6.496010065078735
21.08876900441393,78.49625,32.25,13.25,7.445813894271851
21.186856302108875,80.221875,30.5,15.125,8.34244990348816
21.284943599803825,80.145,32.875,15.375,9.213582515716553
21.383030897498774,79.675625,29.25,14.625,10.107694387435913
21.481118195193723,78.820625,29.875,13.125,10.887796401977539
21.579205492888672,79.5925,30.125,15.125,11.66273021697998
21.677292790583618,81.52125,27.625,17.5,12.433096885681152
21.775380088278567,80.573125,31.5,15.125,13.218854188919067
21.873467385973516,79.010625,31.75,15.0,13.980625629425049
21.971554683668465,79.28625,30.25,15.0,14.75304627418518
22.069641981363414,80.314375,32.375,16.0,3.4783999919891357
22.167729279058364,79.76625,30.125,14.000000000000002,4.216478586196899
22.26581657675331,79.460625,30.875000000000004,15.25,4.971002817153931
22.36390387444826,80.39875,29.125,15.25,5.721665859222412
22.461991172143208,78.17875,32.0,13.125,6.462963581085205
22.560078469838157,80.04875,30.5,16.5,7.234056711196899
22.658165767533106,79.0375,32.375,13.625000000000002,8.034517288208008
22.75625306522805,80.6825,29.875,15.375,8.789915800094604
22.854340362923,81.55875,30.0,16.25,9.548436880111694
22.95242766061795,79.423125,31.25,13.625000000000002,10.342241764068604
23.0505149583129,79.77625,32.625,17.0,2.7124717235565186
23.148602256007848,79.648125,29.625,15.0,3.4655613899230957
23.246689553702794,79.145,32.875,13.25,4.216817855834961
23.344776851397743,81.77875,27.375,15.5,4.970793724060059
23.442864149092692,79.97875,31.0,14.625,5.703512907028198
23.54095144678764,79.34,31.374999999999996,13.875000000000002,6.458499908447266
23.63903874448259,80.958125,32.875,16.5,7.201791763305664
23.73712604217754,79.006875,33.5,14.124999999999998,7.9612860679626465
23.835213339872485,81.763125,30.125,16.625,8.719074964523315
23.933300637567434,79.69375,31.624999999999996,14.124999999999998,9.463993787765503
24.031387935262384,80.365,26.875,14.625,2.701798915863037
24.129475232957333,78.3375,31.374999999999996,13.375,3.5192055702209473
24.227562530652282,79.333125,32.625,14.875,4.295557022094727
24.325649828347228,80.8825,31.0,16.875,5.056191682815552
24.423737126042177,77.798125,31.374999999999996,12.625,5.826401710510254
24.521824423737126,80.628125,28.125,14.875,6.586137294769287
24.619911721432075,79.81875,31.624999999999996,13.125,7.347472429275513
24.717999019127024,79.144375,32.375,13.5,8.100665092468262
24.81608631682197,79.896875,30.0,14.875,8.842490196228027
24.91417361451692,81.7925,29.625,18.625,9.603420734405518
25.012260912211868,78.56125,34.875,14.75,3.545464277267456
25.110348209906817,80.5675,29.875,16.75,4.291507244110107
25.208435507601767,79.2125,29.375,13.5,5.0378758907318115
25.306522805296716,79.71625,31.0,15.25,5.788490056991577
25.40461010299166,79.22625,30.625000000000004,13.875000000000002,6.561693429946899
25.50269740068661,78.5175,34.25,14.875,7.386115312576294
25.60078469838156,78.89,33.875,14.000000000000002,8.178476810455322
25.69887199607651,82.21625,30.25,18.375,8.914019346237183
25.796959293771458,79.144375,32.625,14.75,9.679051399230957
25.895046591466404,79.140625,30.875000000000004,14.000000000000002,10.42547345161438
25.993133889161353,80.72625,29.125,15.375,4.147053003311157
26.091221186856302,79.721875,33.125,15.875,4.939237356185913
26.18930848455125,78.89125,33.25,14.625,5.705067157745361
26.2873957822462,77.869375,34.5,13.5,6.482696294784546
26.385483079941146,78.605,34.375,13.875000000000002,7.2576940059661865
26.483570377636095,79.914375,30.875000000000004,14.374999999999998,8.029773950576782
26.581657675331044,79.201875,34.375,15.5,8.795977115631104
26.679744973025993,80.065625,28.999999999999996,15.75,9.59230661392212
26.777832270720943,78.78625,34.125,13.25,10.361781120300293
26.875919568415892,80.925625,29.5,16.25,11.108412981033325
26.974006866110837,81.430625,28.000000000000004,15.5,11.84920859336853
27.072094163805787,79.56375,34.625,15.875,3.294787883758545
27.170181461500736,78.938125,34.5,15.5,4.077062606811523
27.268268759195685,78.633125,34.125,13.25,4.831462860107422
27.366356056890634,81.198125,31.874999999999996,16.25,5.581763982772827
27.46444335458558,79.649375,30.625000000000004,14.249999999999998,6.3206467628479
27.56253065228053,79.556875,31.75,15.125,7.071337461471558
27.660617949975478,78.905,33.0,14.124999999999998,7.81709885597229
27.758705247670427,80.66625,31.125000000000004,16.0,8.56617021560669
27.856792545365376,79.3475,31.624999999999996,14.875,9.303756952285767
27.954879843060322,79.96,30.25,13.875000000000002,10.05727505683899
28.05296714075527,79.92875,33.25,15.375,3.677666425704956
28.15105443845022,79.61625,30.375000000000004,13.5,4.44646692276001
28.24914173614517,78.863125,33.5,13.375,5.226880073547363
28.34722903384012,79.9575,30.625000000000004,14.875,6.014775514602661
28.445316331535068,80.006875,34.5,16.0,6.782462120056152
28.543403629230014,80.433125,28.499999999999996,16.0,7.530115604400635
28.641490926924963,79.184375,31.374999999999996,13.25,8.284505128860474
28.739578224619912,79.900625,30.875000000000004,15.25,9.060546636581421
28.83766552231486,79.833125,33.25,15.5,9.88907504081726
28.93575282000981,80.00625,32.375,15.625,10.722699880599976
29.033840117704756,78.495,32.375,13.125,5.2555835247039795
29.131927415399705,79.1475,32.25,15.5,6.140117645263672
29.230014713094654,80.155,30.75,15.0,6.986201524734497
29.328102010789603,80.064375,32.0,15.125,7.766739130020142
29.426189308484552,79.3125,32.0,14.499999999999998,8.54423189163208
29.524276606179498,81.281875,29.25,15.25,9.309169054031372
29.622363903874447,79.1475,34.5,15.0,10.103471994400024
29.720451201569396,79.904375,34.875,16.0,10.868582010269165
29.818538499264346,80.245,31.874999999999996,14.249999999999998,11.616084575653076
29.916625796959295,79.778125,33.125,14.75,12.366449356079102
30.014713094654244,79.7125,32.625,16.75,2.6936867237091064
30.11280039234919,81.679375,30.875000000000004,16.25,3.4386425018310547
30.21088769004414,80.698125,31.75,14.625,4.174101829528809
30.308974987739088,78.835625,34.125,15.75,4.951166391372681
30.407062285434037,78.08125,34.0,12.875,5.7555389404296875
30.505149583128986,79.329375,33.75,14.625,6.5129334926605225
30.603236880823932,81.018125,28.375,15.375,7.266916036605835
30.70132417851888,79.601875,31.75,14.000000000000002,8.001635313034058
30.79941147621383,79.21875,35.875,14.124999999999998,8.756544589996338
30.89749877390878,81.961875,31.125000000000004,17.0,9.510788202285767
30.99558607160373,80.35,32.0,14.499999999999998,3.357699394226074
31.093673369298674,79.87375,32.75,14.249999999999998,4.137939929962158
31.191760666993623,80.673125,29.875,15.625,4.9035422801971436
31.289847964688573,81.374375,29.125,15.75,5.664852142333984
31.38793526238352,80.0125,32.875,15.5,6.419219970703125
31.48602256007847,81.336875,30.375000000000004,15.125,7.187494277954102
31.58410985777342,79.8875,31.75,16.375,7.941666841506958
31.682197155468366,80.75125,31.25,14.124999999999998,8.69610333442688
31.780284453163315,80.771875,31.75,16.0,9.444795370101929
31.878371750858264,78.570625,33.5,12.25,10.195672273635864
31.976459048553213,78.165,36.0,14.124999999999998,10.942996501922607
32.07454634624816,79.714375,33.375,14.75,3.3150973320007324
32.17263364394311,79.866875,31.5,13.750000000000002,4.053041219711304
32.27072094163806,79.695625,33.5,14.374999999999998,4.8087944984436035
32.368808239333006,80.414375,34.0,15.25,5.543002367019653
32.46689553702795,80.42,30.75,14.625,6.299100875854492
32.564982834722905,81.493125,31.624999999999996,16.375,7.052833557128906
32.66307013241785,80.76875,29.5,15.25,7.791152715682983
32.7611574301128,81.3125,30.75,16.0,8.533405780792236
32.85924472780775,79.896875,34.5,14.75,9.329791069030762
32.957332025502694,77.759375,34.375,13.625000000000002,10.06851840019226
33.05541932319765,80.32375,33.0,15.625,5.72416615486145
33.15350662089259,79.103125,36.375,15.125,6.473310232162476
33.251593918587545,80.05625,33.5,14.249999999999998,7.215049505233765
33.34968121628249,81.41875,31.5,17.0,7.968065977096558
33.44776851397744,79.850625,31.125000000000004,15.125,8.715260744094849
33.54585581167239,79.55,32.0,14.124999999999998,9.450798511505127
33.643943109367335,80.825,30.875000000000004,15.25,10.197768211364746
33.74203040706229,79.76875,33.0,13.875000000000002,10.952065229415894
33.84011770475723,78.489375,34.75,14.124999999999998,11.691144943237305
33.938205002452186,80.528125,30.125,14.625,12.445581912994385
34.03629230014713,81.756875,29.125,15.625,6.857470273971558
34.13437959784208,79.159375,33.375,13.625000000000002,7.598282098770142
34.23246689553703,79.800625,32.0,13.750000000000002,8.337427616119385
34.330554193231976,80.11625,31.125000000000004,14.875,9.085258722305298
34.42864149092693,78.9975,34.125,12.625,9.83133840560913
34.526728788621874,79.3325,32.75,13.375,10.56712293624878
34.62481608631682,79.371875,34.625,14.875,11.359551191329956
34.72290338401177,81.093125,32.375,14.875,12.146962881088257
34.82099068170672,82.0075,30.5,16.5,12.89619755744934
34.91907797940167,82.69875,29.125,17.875,13.635938167572021
35.017165277096616,81.315625,31.874999999999996,16.125,4.124303102493286
35.11525257479156,78.765625,33.75,13.25,4.900827646255493
35.213339872486515,80.560625,32.625,16.0,5.719384670257568
35.31142717018146,80.35625,33.0,14.875,6.517567157745361
35.40951446787641,80.46625,31.0,13.750000000000002,7.272414445877075
35.50760176557136,78.9775,31.0,13.5,8.038940668106079
35.605689063266304,79.3525,35.875,15.25,8.785661935806274
35.70377636096126,80.4475,31.0,15.25,9.534445524215698
35.8018636586562,80.055,31.0,14.75,10.287355422973633
35.899950956351155,80.62,32.375,15.75,11.061271905899048
35.9980382540461,82.173125,30.75,16.75,3.527155637741089
36.096125551741046,80.935,30.75,15.5,4.27794075012207
36.194212849436,80.723125,31.374999999999996,14.75,5.0214831829071045
36.292300147130945,80.36,30.75,14.499999999999998,5.780553102493286
36.3903874448259,79.304375,34.875,15.5,6.527220010757446
36.48847474252084,79.764375,31.624999999999996,15.75,7.269448518753052
36.58656204021579,80.34875,31.75,15.5,8.004486799240112
36.68464933791074,79.174375,34.0,13.125,8.746004104614258
36.78273663560569,80.936875,31.624999999999996,15.375,9.493639945983887
36.88082393330064,79.644375,31.374999999999996,14.124999999999998,10.222044706344604
36.978911230995585,79.341875,32.75,15.0,2.9903833866119385
37.07699852869053,79.805,34.75,14.875,3.845454692840576
37.175085826385484,77.90125,34.875,13.875000000000002,4.642723083496094
37.27317312408043,80.11625,34.25,14.000000000000002,5.430312395095825
37.37126042177538,80.21875,28.625,14.499999999999998,6.229767322540283
37.46934771947033,80.40375,30.875000000000004,15.25,6.98078465461731
37.56743501716528,80.770625,32.875,17.5,7.721550941467285
37.665522314860226,79.678125,31.5,13.625000000000002,8.47830605506897
37.76360961255517,80.86875,31.25,15.5,9.23798680305481
37.861696910250124,79.529375,33.75,14.124999999999998,9.980850219726562
37.95978420794507,80.091875,30.875000000000004,15.375,10.72821044921875
38.05787150564002,81.300625,34.0,17.75,5.265946865081787
38.15595880333497,78.03125,34.875,14.000000000000002,6.062716245651245
38.254046101029914,81.4575,30.625000000000004,16.875,6.842343807220459
38.35213339872487,78.425,34.25,13.625000000000002,7.618804931640625
38.45022069641981,79.37875,36.625,13.750000000000002,8.411898612976074
38.548307994114765,79.308125,35.0,16.5,9.18808388710022
38.64639529180971,78.821875,33.625,13.25,9.974291563034058
38.744482589504656,81.580625,29.625,16.25,10.761768817901611
38.84256988719961,79.84625,31.5,14.249999999999998,11.506068229675293
38.940657184894555,79.726875,34.0,14.75,12.241571426391602
39.03874448258951,80.699375,30.125,15.5,2.7775778770446777
39.13683178028445,79.855,32.125,14.75,3.595956802368164
39.2349190779794,80.33,31.25,14.499999999999998,4.373794317245483
39.33300637567435,79.838125,33.25,14.625,5.14427638053894
39.4310936733693,77.3175,36.125,12.875,5.924083709716797
39.52918097106425,79.0025,35.375,14.499999999999998,6.725417613983154
39.627268268759195,79.679375,35.625,15.75,7.510563850402832
39.72535556645414,80.790625,31.624999999999996,16.25,8.265301704406738
39.823442864149094,80.36,31.0,15.0,9.015345335006714
39.92153016184404,79.06875,35.875,15.5,9.785361289978027
40.01961745953899,80.058125,34.875,14.875,3.7665114402770996
40.11770475723394,78.661875,35.25,13.125,4.5225255489349365
40.21579205492888,81.414375,31.374999999999996,16.875,5.277204275131226
40.313879352623836,78.564375,35.5,13.375,6.0368146896362305
40.41196665031878,78.23625,34.5,12.875,6.773402214050293
40.510053948013734,80.55375,30.625000000000004,15.75,7.530625104904175
40.60814124570868,80.730625,32.875,15.125,8.27644681930542
40.70622854340363,81.211875,33.75,17.125,9.015522718429565
40.80431584109858,79.745,33.875,14.499999999999998,9.758509159088135
40.902403138793524,79.35625,31.75,13.750000000000002,10.511017799377441
41.00049043648848,79.41,33.625,14.875,3.7880194187164307
41.09857773418342,79.62625,32.625,13.750000000000002,4.578361749649048
41.196665031878375,81.041875,34.625,17.25,5.354810953140259
41.29475232957332,79.900625,34.375,15.625,6.132147789001465
41.392839627268266,79.92125,33.625,14.124999999999998,6.9131152629852295
41.49092692496322,81.660625,29.375,15.625,7.6980977058410645
41.589014222658164,80.63375,31.75,15.375,8.463666677474976
41.68710152035312,79.466875,32.125,13.875000000000002,9.21671724319458
41.78518881804806,80.73625,31.624999999999996,13.875000000000002,9.97447943687439
41.88327611574301,80.30875,33.125,15.625,10.762701272964478
41.98136341343796,81.329375,33.25,15.875,2.4680163860321045
42.07945071113291,82.100625,32.375,18.25,3.2276346683502197
42.17753800882786,80.515625,28.000000000000004,14.499999999999998,3.9909493923187256
42.275625306522805,81.3275,33.25,16.25,4.826046705245972
42.37371260421775,78.00375,34.0,13.625000000000002,5.576970100402832
42.4717999019127,81.115625,29.125,15.375,6.3365771770477295
42.56988719960765,78.654375,36.125,14.499999999999998,7.093594074249268
42.6679744973026,79.655,33.375,14.000000000000002,7.839411973953247
42.76606179499755,80.768125,32.25,15.75,8.589071035385132
42.86414909269249,78.50375,32.375,11.875,9.35463547706604
42.962236390387446,79.360625,38.25,14.124999999999998,10.093079805374146
43.06032368808239,81.680625,32.875,16.625,2.9304394721984863
43.158410985777344,81.1975,30.375000000000004,15.5,3.675837516784668
43.25649828347229,79.843125,33.375,14.124999999999998,4.427501678466797
43.354585581167235,79.96125,34.75,15.25,5.163451910018921
43.45267287886219,80.835,31.75,15.875,5.8915228843688965
43.550760176557134,80.33875,32.625,15.75,6.63664174079895
43.648847474252086,79.520625,34.375,15.0,7.370152711868286
43.74693477194703,77.481875,36.25,13.375,8.106656074523926
43.845022069641985,79.36625,33.125,14.75,8.842740774154663
43.94310936733693,79.875625,33.25,14.499999999999998,9.596527576446533
44.041196665031876,78.18,34.875,13.25,2.837242364883423
44.13928396272683,79.781875,33.375,15.875,3.604126214981079
44.237371260421774,77.56875,36.375,12.875,4.364482164382935
44.33545855811673,80.865625,34.75,14.875,5.1155335903167725
44.43354585581167,81.30125,30.5,15.25,5.885938882827759
44.53163315350662,81.109375,30.25,14.875,6.635286092758179
44.62972045120157,80.820625,33.125,15.25,7.380066394805908
44.72780774889652,80.965,31.0,15.375,8.1198570728302
44.82589504659147,80.0925,33.0,15.875,8.905701875686646
44.923982344286415,80.826875,31.624999999999996,15.75,9.69423222541809
45.02206964198136,79.588125,35.125,13.625000000000002,3.983883857727051
45.12015693967631,78.193125,32.875,13.125,4.799055099487305
45.21824423737126,81.175,32.5,17.0,5.547702312469482
45.31633153506621,79.74125,33.5,14.75,6.301000595092773
45.41441883276116,80.190625,34.625,14.75,7.0547192096710205
45.5125061304561,79.115625,32.875,13.125,7.848011493682861
45.610593428151056,81.701875,30.625000000000004,16.75,8.636250019073486
45.708680725846,79.89,31.374999999999996,14.249999999999998,9.434995412826538
45.806768023540954,80.136875,31.374999999999996,15.0,10.195239305496216
45.9048553212359,80.903125,31.624999999999996,15.375,10.974811315536499
46.002942618930845,81.4225,32.625,15.75,4.560295343399048
46.1010299166258,79.78125,32.5,16.125,5.3443286418914795
46.199117214320744,79.725625,34.5,14.374999999999998,6.113762140274048
46.297204512015696,80.578125,34.875,16.125,6.880390167236328
46.39529180971064,80.569375,29.25,15.25,7.661617279052734
46.49337910740559,78.696875,35.125,13.25,8.447587728500366
46.59146640510054,80.1875,34.75,16.625,9.217697381973267
46.689553702795486,79.7175,33.375,13.750000000000002,10.006112813949585
46.78764100049044,80.93125,32.625,15.625,10.750948667526245
46.885728298185384,80.685,31.5,13.625000000000002,11.490541219711304
46.98381559588034,78.71,37.125,13.750000000000002,2.3714630603790283
47.08190289357528,79.251875,33.75,14.499999999999998,3.1092565059661865
47.17999019127023,81.4525,31.5,17.75,3.8548574447631836
47.27807748896518,82.920625,34.25,17.5,4.586246013641357
47.37616478666013,79.88875,33.75,14.499999999999998,5.7163779735565186
47.47425208435508,79.355625,31.25,12.875,6.803392648696899
47.572339382050025,81.794375,32.125,15.375,7.577996730804443
47.67042667974497,81.5275,31.0,16.5,8.34830117225647
47.76851397743992,79.158125,34.125,13.125,9.156270027160645
47.86660127513487,80.995,32.0,14.374999999999998,9.93154525756836
47.96468857282982,79.24125,34.25,13.25,10.687680006027222
48.06277587052477,80.50375,32.25,14.625,6.2122931480407715
48.16086316821971,81.95625,29.875,16.75,7.099951505661011
48.258950465914666,78.8675,33.125,13.0,7.984142541885376
48.35703776360961,80.948125,29.375,15.5,8.866238832473755
48.455125061304564,80.259375,29.75,15.875,9.80957555770874
48.55321235899951,81.119375,33.125,16.5,10.770045518875122
48.651299656694455,80.456875,33.625,15.375,11.590490579605103
48.74938695438941,80.595625,33.5,14.625,12.375878095626831
48.84747425208435,79.746875,33.875,14.000000000000002,13.138882160186768
48.945561549779306,79.53625,33.5,14.499999999999998,13.89362359046936
49.04364884747425,79.838125,34.875,15.0,4.75338888168335
49.1417361451692,80.13,33.625,14.75,5.640893220901489
49.23982344286415,80.591875,32.25,14.75,6.549253702163696
49.337910740559096,80.223125,33.125,15.0,7.3374433517456055
49.43599803825405,80.199375,31.75,15.625,8.09853196144104
49.534085335948994,80.696875,32.25,14.75,8.876970291137695
49.63217263364394,79.749375,34.5,14.875,9.64543890953064
49.73025993133889,80.584375,31.874999999999996,14.249999999999998,10.435945272445679
49.82834722903384,80.833125,29.5,15.125,11.203627109527588
49.92643452672879,79.91,32.0,14.000000000000002,11.951094150543213
50.024521824423736,79.695,32.5,14.124999999999998,2.926664352416992
50.12260912211869,81.68375,31.374999999999996,17.375,3.6857340335845947
50.220696419813635,78.875625,32.75,14.000000000000002,4.433884382247925
50.31878371750858,81.19,32.25,15.625,5.187868356704712
50.41687101520353,80.151875,35.625,16.625,5.927366733551025
50.51495831289848,79.04875,33.125,12.625,6.676716566085815
50.61304561059343,80.60625,31.624999999999996,15.625,7.433861017227173
50.71113290828838,78.910625,34.5,15.0,8.18798017501831
50.80922020598332,79.545625,34.375,14.625,8.926148414611816
50.907307503678275,80.316875,31.874999999999996,13.625000000000002,9.669092655181885
51.00539480137322,79.830625,31.374999999999996,14.75,2.680985927581787
51.103482099068174,79.325625,35.25,16.0,3.465571880340576
51.20156939676312,79.1325,34.125,14.124999999999998,4.227223634719849
51.299656694458065,80.068125,31.874999999999996,14.75,5.024071455001831
51.39774399215302,79.645,31.125000000000004,14.875,5.7736899852752686
51.49583128984796,80.0,33.625,15.5,6.5270397663116455
51.593918587542916,79.48375,31.75,14.249999999999998,7.28661036491394
51.69200588523786,80.649375,32.5,14.875,8.027929544448853
51.79009318293281,78.998125,32.5,14.000000000000002,8.780698776245117
51.88818048062776,79.900625,33.25,15.625,9.602076053619385
51.986267778322706,80.58125,32.5,15.125,3.304983615875244
52.08435507601766,80.921875,31.5,16.75,4.086068153381348
52.182442373712604,79.098125,33.125,15.5,4.903606653213501
52.28052967140755,80.84375,31.25,17.0,5.685670614242554
52.3786169691025,78.37125,33.125,12.875,6.46986198425293
52.47670426679745,80.438125,33.125,15.125,7.236647605895996
52.5747915644924,79.693125,33.625,14.374999999999998,7.982466697692871
52.672878862187346,80.2125,31.0,15.25,8.730746030807495
52.77096615988229,79.695625,31.75,13.625000000000002,9.498313903808594
52.869053457577245,80.1575,29.375,12.875,10.243638753890991
52.96714075527219,81.51375,32.125,16.25,2.427642822265625
53.06522805296714,80.6925,30.5,16.125,3.292388677597046
53.16331535066209,79.4975,34.75,15.0,4.04795503616333
53.26140264835704,79.580625,34.25,14.249999999999998,4.786885738372803
53.35948994605199,81.51875,31.125000000000004,16.375,5.5380027294158936
53.45757724374693,80.303125,32.125,15.875,6.2985146045684814
53.555664541441885,78.8425,33.125,12.625,7.048411846160889
53.65375183913683,79.944375,33.25,15.375,7.793819904327393
53.751839136831784,79.786875,34.75,15.0,8.542503118515015
53.84992643452673,80.14375,33.25,13.375,9.32803463935852
53.948013732221675,79.6925,33.0,14.875,10.079264402389526
54.04610102991663,78.9875,35.0,14.875,3.3573250770568848
54.14418832761157,79.82625,33.25,14.75,4.108208894729614
54.242275625306526,80.486875,31.624999999999996,15.125,4.850331783294678
54.34036292300147,79.53625,34.375,14.75,5.600094318389893
54.43845022069642,77.3925,36.25,12.25,6.345851421356201
54.53653751839137,81.68875,30.375000000000004,16.5,7.084691524505615
54.634624816086315,79.315625,32.875,15.5,7.859829902648926
54.73271211378127,81.15625,32.375,15.375,8.631439924240112
54.830799411476214,78.865625,31.0,13.0,9.372811555862427
54.92888670917116,81.701875,31.624999999999996,17.25,10.117159605026245
55.02697400686611,81.30125,30.375000000000004,15.5,4.025208950042725
55.12506130456106,79.895625,32.75,15.125,4.77301287651062
55.22314860225601,79.541875,33.375,14.374999999999998,5.57504940032959
55.321235899950956,79.763125,33.5,14.875,6.320740699768066
55.4193231976459,78.504375,33.25,13.375,7.059475898742676
55.517410495340854,80.73125,33.0,16.375,7.805052757263184
55.6154977930358,80.40375,35.0,17.125,8.559443950653076
55.71358509073075,79.095625,34.25,13.875000000000002,9.307516098022461
55.8116723884257,80.941875,31.0,14.875,10.055079936981201
55.909759686120644,79.17875,33.875,14.000000000000002,10.797384023666382
56.0078469838156,79.100625,34.875,14.000000000000002,2.429316282272339
56.10593428151054,78.925,35.5,13.750000000000002,3.1763551235198975
56.204021579205495,79.583125,32.375,14.75,3.9098143577575684
56.30210887690044,79.67125,30.75,14.625,4.664247274398804
56.400196174595386,79.538125,34.125,15.25,5.408733129501343
56.49828347229034,79.46875,31.624999999999996,14.75,6.153209686279297
56.596370769985285,80.621875,32.625,16.0,6.879948616027832
56.69445806768024,80.27375,30.625000000000004,15.375,7.621364116668701
56.79254536537518,81.705625,30.0,16.75,8.367064476013184
56.890632663070136,79.559375,35.375,16.0,9.097772598266602
56.98871996076508,79.025,31.624999999999996,13.125,2.489481210708618
57.08680725846003,79.938125,31.624999999999996,14.875,3.2391366958618164
57.18489455615498,79.735,33.0,14.625,3.9930310249328613
57.282981853849925,79.918125,32.625,14.499999999999998,4.741184234619141
57.38106915154488,79.43125,34.25,14.000000000000002,5.494300603866577
57.479156449239824,80.3375,33.0,14.499999999999998,6.249823570251465
57.57724374693477,81.7325,32.375,17.75,7.052261829376221
57.67533104462972,80.011875,32.0,16.125,7.818324089050293
57.77341834232467,79.288125,30.75,13.750000000000002,8.575666904449463
57.87150564001962,78.97375,32.875,15.125,9.329687356948853
57.969592937714566,79.20875,32.0,13.875000000000002,3.829195499420166
58.06768023540951,80.159375,35.125,16.0,4.6576988697052
58.165767533104464,78.915625,36.25,14.499999999999998,5.427718877792358
58.26385483079941,79.710625,32.25,14.499999999999998,6.184132099151611
58.36194212849436,79.54125,33.875,14.124999999999998,6.922572135925293
58.46002942618931,79.051875,37.5,14.499999999999998,7.657629013061523
58.558116723884254,79.876875,34.125,14.875,8.40306305885315
58.65620402157921,80.7175,31.25,14.875,9.141842126846313
58.75429131927415,79.43375,31.75,14.000000000000002,9.87990951538086
58.852378616969105,80.900625,31.25,17.0,10.626294374465942
58.95046591466405,79.16,32.625,14.374999999999998,11.364758253097534
59.048553212358996,82.03375,32.0,17.125,4.190495252609253
59.14664051005395,79.865,35.125,15.375,4.928567171096802
59.244727807748895,78.66125,34.5,13.5,5.669619560241699
59.34281510544385,81.364375,33.25,16.625,6.420807600021362
59.44090240313879,81.530625,31.75,17.0,7.171635866165161
59.53898970083374,79.609375,34.375,15.625,7.911994457244873
59.63707699852869,77.781875,33.75,12.125,8.646501541137695
59.73516429622364,79.07375,33.375,14.249999999999998,9.397719621658325
59.83325159391859,80.40375,28.499999999999996,14.249999999999998,10.148557186126709
59.931338891613535,78.435,35.625,14.124999999999998,10.909269094467163
60.02942618930849,79.651875,33.375,14.374999999999998,3.6253507137298584
60.127513487003434,79.979375,33.375,16.0,4.417818307876587
60.22560078469838,79.914375,31.624999999999996,14.249999999999998,5.2741663455963135
60.32368808239333,79.95375,33.25,15.25,6.023828744888306
60.42177538008828,79.654375,33.625,15.0,6.788843393325806
60.51986267778323,78.976875,34.625,14.249999999999998,7.5839149951934814
60.617949975478176,79.293125,30.875000000000004,12.375,8.368268966674805
60.71603727317312,80.656875,31.25,16.375,9.150394201278687
60.814124570868074,80.06125,33.5,16.0,9.897618055343628
60.91221186856302,80.035625,32.75,14.75,10.638257026672363
61.01029916625797,79.8975,33.5,14.499999999999998,3.741586446762085
61.10838646395292,79.40875,34.0,15.125,4.576199293136597
61.206473761647864,79.354375,35.125,14.000000000000002,5.420750856399536
61.30456105934282,79.708125,32.625,14.499999999999998,6.239243268966675
61.40264835703776,80.60375,33.25,16.0,7.039025783538818
61.500735654732715,80.6525,33.75,16.125,7.830275297164917
61.59882295242766,80.75125,29.375,14.875,8.568255186080933
61.696910250122606,79.92,33.375,15.0,9.316795349121094
61.79499754781756,79.6525,33.125,16.0,10.056022644042969
61.893084845512504,77.60125,34.875,14.124999999999998,10.7986159324646
61.99117214320746,80.1125,34.5,16.125,2.6044986248016357
62.0892594409024,80.42375,31.25,15.875,3.3454248905181885
62.18734673859735,78.911875,35.625,15.0,4.08727765083313
62.2854340362923,79.21125,35.125,15.5,4.832653045654297
62.38352133398725,80.801875,33.375,14.499999999999998,5.585642337799072
62.4816086316822,79.99625,31.624999999999996,14.875,6.321158409118652
62.579695929377145,78.83,34.125,13.375,7.091695070266724
62.67778322707209,79.481875,35.125,13.375,7.8585875034332275
62.77587052476704,81.035,32.125,16.875,8.611750364303589
62.87395782246199,79.490625,32.875,14.249999999999998,9.361329317092896
62.97204512015694,79.939375,28.999999999999996,12.875,3.115797996520996
63.07013241785189,80.141875,35.75,16.125,3.9016878604888916
63.16821971554684,80.5175,33.875,16.0,4.672520875930786
63.266307013241786,81.00625,33.5,17.0,5.434927701950073
63.36439431093673,80.949375,33.5,16.0,6.18805193901062
63.462481608631684,79.0475,35.0,14.249999999999998,6.9401257038116455
63.56056890632663,78.783125,36.25,14.499999999999998,7.679505109786987
63.65865620402158,77.6725,33.0,12.0,8.420253038406372
63.75674350171653,79.021875,32.25,14.000000000000002,9.172242403030396
63.854830799411474,79.62,33.25,14.499999999999998,9.9181067943573
63.952918097106426,80.016875,30.75,15.625,10.661823511123657
64.05100539480138,78.44,34.125,13.0,4.2129175662994385
64.14909269249632,80.014375,33.375,15.5,4.962307929992676
64.24717999019127,79.391875,31.874999999999996,13.125,5.699456691741943
64.34526728788622,79.639375,34.625,14.625,6.4506611824035645
64.44335458558116,80.331875,33.625,16.0,7.191330909729004
64.54144188327612,80.53,35.375,17.25,7.97795557975769
64.63952918097107,80.421875,32.125,15.875,8.75321912765503
64.73761647866601,79.1675,32.375,14.374999999999998,9.529558897018433
64.83570377636096,79.09375,34.375,14.499999999999998,10.291370153427124
64.9337910740559,79.218125,37.5,14.499999999999998,11.062805414199829
65.03187837175086,79.654375,32.5,14.625,3.9554266929626465
65.12996566944581,78.829375,35.375,15.125,4.706467151641846
65.22805296714075,80.906875,31.5,16.125,5.4832093715667725
65.3261402648357,79.033125,33.625,14.374999999999998,6.271919012069702
65.42422756253065,81.364375,30.625000000000004,16.375,7.019373178482056
65.5223148602256,80.065625,31.125000000000004,15.375,7.766972541809082
65.62040215792055,81.875625,31.374999999999996,16.625,8.515021324157715
65.7184894556155,79.88875,32.375,13.625000000000002,9.29189920425415
65.81657675331044,79.114375,35.125,14.374999999999998,10.058995008468628
65.91466405100539,79.2825,32.875,13.625000000000002,10.79817271232605
66.01275134870035,78.5675,36.125,14.000000000000002,4.578484296798706
66.1108386463953,81.271875,31.5,15.5,5.3173840045928955
66.20892594409024,79.751875,35.0,15.0,6.086672067642212
66.30701324178519,80.4,30.5,15.125,6.824539422988892
66.40510053948013,80.5625,34.25,16.5,7.583127737045288
66.50318783717509,79.8325,34.0,15.5,8.323667049407959
66.60127513487004,79.41625,31.624999999999996,12.75,9.072845220565796
66.69936243256498,78.866875,34.75,14.124999999999998,9.823748111724854
66.79744973025993,78.750625,35.0,13.5,10.562570810317993
66.89553702795487,80.798125,35.5,16.125,11.3065664768219
66.99362432564983,80.55,31.5,15.75,2.527181386947632
67.09171162334478,78.8975,33.125,13.0,3.27858567237854
67.18979892103972,79.403125,37.0,15.125,4.021285772323608
67.28788621873467,80.81625,32.625,14.625,4.7596423625946045
67.38597351642962,80.51125,33.625,16.0,5.493181228637695
67.48406081412458,79.57375,34.875,14.625,6.237450361251831
67.58214811181952,80.89625,34.25,16.25,6.978734970092773
67.68023540951447,79.76125,33.125,16.25,7.749675273895264
67.77832270720941,78.785625,34.25,12.875,8.532500743865967
67.87641000490437,81.6275,30.75,15.5,9.278468608856201
67.97449730259932,78.86375,35.75,14.625,2.570034980773926
68.07258460029426,80.955625,32.75,15.375,3.3375494480133057
68.17067189798921,79.34625,34.5,14.124999999999998,4.084963083267212
68.26875919568415,78.58375,33.375,13.625000000000002,4.853290319442749
68.36684649337911,78.566875,34.875,14.499999999999998,5.595092058181763
68.46493379107406,80.865,34.25,14.625,6.3434412479400635
68.563021088769,79.73125,32.5,14.374999999999998,7.094009876251221
68.66110838646395,80.235625,32.375,14.625,7.853265762329102
68.7591956841589,78.835,36.5,14.625,8.59921407699585
68.85728298185386,80.870625,30.5,17.25,9.35912799835205
68.9553702795488,80.915,32.0,16.0,3.1410276889801025
69.05345757724375,80.030625,34.125,15.5,3.948378801345825
69.1515448749387,78.355,36.25,13.5,4.690814733505249
69.24963217263364,78.636875,34.375,13.750000000000002,5.437369346618652
69.3477194703286,80.36625,30.875000000000004,15.125,6.189250707626343
69.44580676802354,81.200625,31.75,15.875,6.9269654750823975
69.54389406571849,79.474375,31.125000000000004,14.499999999999998,7.676488876342773
69.64198136341344,80.413125,33.625,16.75,8.419623374938965
69.74006866110838,80.403125,32.0,16.125,9.155510663986206
69.83815595880334,79.11,31.5,13.625000000000002,9.910797595977783
69.93624325649829,79.758125,33.75,15.125,10.680663108825684
70.03433055419323,77.579375,35.5,13.125,4.232536792755127
70.13241785188818,80.8625,31.374999999999996,16.5,5.041481018066406
70.23050514958312,81.22125,30.75,16.875,5.837891340255737
70.32859244727808,80.56,32.875,15.625,6.6333887577056885
70.42667974497303,80.649375,34.0,16.125,7.388676881790161
70.52476704266797,79.7325,34.875,15.125,8.127544164657593
70.62285434036292,79.638125,32.375,15.625,8.869741916656494
70.72094163805787,77.97,33.375,11.625,9.643915891647339
70.81902893575283,79.486875,33.25,14.124999999999998,10.395951509475708
70.91711623344777,79.87875,31.374999999999996,14.374999999999998,11.119600057601929
71.01520353114272,79.916875,32.5,14.499999999999998,3.5846590995788574
71.11329082883766,80.325625,32.5,15.625,4.424109697341919
71.21137812653261,79.4025,33.375,14.374999999999998,5.179965496063232
71.30946542422757,79.481875,30.375000000000004,14.75,5.922914981842041
71.40755272192251,80.683125,33.25,15.375,6.659406423568726
71.50564001961746,79.4125,33.375,14.000000000000002,7.397939443588257
71.6037273173124,80.28,33.625,13.875000000000002,8.152723789215088
71.70181461500735,80.32,33.0,16.25,8.889986753463745
71.79990191270231,79.114375,33.625,14.625,9.638436079025269
71.89798921039726,79.7675,32.75,15.5,10.376657247543335
71.9960765080922,80.55875,30.875000000000004,16.375,2.831082344055176
72.09416380578715,78.571875,34.375,14.000000000000002,3.5863142013549805
72.19225110348209,79.37,33.25,14.625,4.339952230453491
72.29033840117705,79.353125,35.375,15.5,5.06955623626709
72.388425698872,78.9625,33.0,14.249999999999998,5.815355062484741
72.48651299656694,82.18,30.75,18.25,6.560348033905029
72.58460029426189,79.22125,31.874999999999996,13.750000000000002,7.308403491973877
72.68268759195684,78.39875,34.25,13.375,8.063125848770142
72.7807748896518,79.715625,34.5,14.499999999999998,8.832749843597412
72.87886218734674,79.265,33.0,15.625,9.57651686668396
72.97694948504169,80.12125,30.875000000000004,14.499999999999998,2.7155046463012695
73.07503678273663,77.663125,35.25,13.625000000000002,3.4925332069396973
73.17312408043158,79.45375,31.874999999999996,15.0,4.242925643920898
73.27121137812654,79.52875,35.375,15.75,4.992897272109985
73.36929867582148,79.39,30.75,12.875,5.731973648071289
73.46738597351643,79.845,32.375,14.75,6.486144304275513
73.56547327121137,80.08125,31.624999999999996,15.625,7.235530853271484
73.66356056890632,79.01375,34.375,15.125,7.977065563201904
73.76164786660128,79.18,32.125,14.249999999999998,8.722844362258911
73.85973516429623,80.099375,32.25,15.0,9.471433639526367
73.95782246199117,80.640625,32.5,16.75,2.7447290420532227
74.05590975968612,80.06125,35.125,17.0,3.5193440914154053
74.15399705738106,79.37125,33.625,14.75,4.248821496963501
74.25208435507602,80.17125,31.5,15.75,4.9984214305877686
74.35017165277097,80.144375,31.5,15.0,5.741581201553345
74.44825895046591,79.465625,34.25,14.625,6.525424003601074
74.54634624816086,79.2625,34.125,14.875,7.311119794845581
74.64443354585582,79.014375,34.5,14.374999999999998,8.074640035629272
74.74252084355076,80.664375,30.0,16.375,8.834567785263062
74.84060814124571,79.58875,33.375,13.25,9.600093603134155
74.93869543894066,79.261875,33.375,13.5,10.333628177642822
75.0367827366356,80.656875,32.875,15.875,3.6244091987609863
75.13487003433056,79.8825,34.75,15.5,4.368631362915039
75.2329573320255,79.710625,33.375,15.0,5.101486444473267
75.33104462972045,77.7075,36.0,13.5,5.844836235046387
75.4291319274154,80.768125,31.5,16.375,6.608140230178833
75.52721922511034,78.44875,34.375,13.25,7.347659587860107
75.6253065228053,79.04875,32.625,14.000000000000002,8.127350091934204
75.72339382050025,80.22875,32.5,13.25,8.884949445724487
75.8214811181952,80.69125,32.875,15.625,9.625262260437012
75.91956841589014,80.583125,30.0,16.25,10.37547254562378
76.01765571358509,80.868125,32.375,16.125,3.2655646800994873
76.11574301128005,80.32375,30.75,15.375,4.016536235809326
76.21383030897499,79.274375,33.375,14.499999999999998,4.754512310028076
76.31191760666994,79.861875,31.25,15.0,5.5248095989227295
76.41000490436488,78.149375,33.625,13.0,6.293923854827881
76.50809220205983,80.348125,31.624999999999996,13.750000000000002,7.032212972640991
76.60617949975479,81.38375,28.625,15.25,7.7851402759552
76.70426679744973,80.2775,33.625,16.375,8.526189088821411
76.80235409514468,80.365,30.375000000000004,14.374999999999998,9.27452802658081
76.90044139283962,79.6925,32.375,15.5,10.021800756454468
76.99852869053457,79.79,30.625000000000004,14.000000000000002,3.4749553203582764
77.09661598822953,81.194375,31.624999999999996,16.875,4.23349928855896
77.19470328592448,79.630625,33.375,14.124999999999998,4.981220006942749
77.29279058361942,78.4225,32.875,13.875000000000002,5.723940849304199
77.39087788131437,78.7475,33.875,14.499999999999998,6.46535849571228
77.48896517900931,82.158125,30.375000000000004,16.375,7.209977865219116
77.58705247670427,79.73,31.874999999999996,14.124999999999998,7.950093507766724
77.68513977439922,81.27375,31.25,16.75,8.686270952224731
77.78322707209416,80.23,30.0,13.5,9.436707973480225
77.88131436978911,80.48,31.125000000000004,14.625,10.179260015487671
77.97940166748405,80.84,29.75,15.875,2.750326633453369
78.07748896517901,80.40625,31.374999999999996,15.625,3.497756004333496
78.17557626287396,79.298125,32.375,14.249999999999998,4.216705799102783
78.2736635605689,80.458125,27.750000000000004,14.499999999999998,4.948575019836426
78.37175085826385,78.925625,33.75,13.875000000000002,5.669610500335693
78.4698381559588,78.674375,33.375,14.249999999999998,6.482431411743164
78.56792545365376,80.61625,30.375000000000004,15.0,7.201232194900513
78.6660127513487,80.76,32.5,16.75,7.939528703689575
78.76410004904365,79.999375,31.125000000000004,16.25,8.66361141204834
78.8621873467386,79.531875,31.5,13.125,9.401966094970703
78.96027464443354,80.260625,32.375,16.0,2.909451723098755
79.0583619421285,81.244375,30.125,16.625,3.702524185180664
79.15644923982344,80.63125,31.75,14.75,4.502441883087158
79.25453653751839,79.971875,30.625000000000004,14.374999999999998,5.250391483306885
79.35262383521334,79.366875,35.375,15.75,6.0413901805877686
79.45071113290828,81.14125,29.75,16.25,6.775045394897461
79.54879843060324,80.11125,31.374999999999996,15.0,7.530933618545532
79.64688572829819,79.91875,32.5,15.125,8.265842199325562
79.74497302599313,77.981875,36.125,13.750000000000002,9.015116453170776
79.84306032368808,79.139375,33.25,13.875000000000002,9.75841498374939
79.94114762138302,77.51,34.625,13.375,10.514869689941406
80.03923491907798,79.935,30.5,14.875,3.5131378173828125
80.13732221677293,77.83625,33.75,12.625,4.237720251083374
80.23540951446788,80.63125,30.5,14.875,4.990579128265381
80.33349681216282,80.23125,32.25,16.625,5.717280626296997
80.43158410985777,78.70375,32.375,14.249999999999998,6.463319301605225
80.52967140755273,79.738125,30.0,15.5,7.206160306930542
80.62775870524767,80.671875,32.75,17.25,7.9363112449646
80.72584600294262,79.42125,31.5,13.0,8.682167053222656
80.82393330063756,79.7875,33.25,15.625,9.418429851531982
80.92202059833252,79.763125,30.0,15.0,10.164102554321289
81.02010789602747,79.125,31.75,14.000000000000002,2.8429346084594727
81.11819519372241,79.419375,31.5,14.249999999999998,3.597529888153076
81.21628249141736,79.31375,32.75,14.499999999999998,4.3551177978515625
81.3143697891123,79.596875,30.375000000000004,14.499999999999998,5.104184865951538
81.41245708680727,80.253125,31.874999999999996,14.75,5.8487396240234375
81.51054438450221,79.310625,33.25,14.875,6.69286584854126
81.60863168219716,79.616875,32.75,15.5,7.444164514541626
81.7067189798921,78.334375,34.25,13.5,8.204810619354248
81.80480627758705,79.15875,33.75,14.875,8.970388412475586
81.90289357528201,81.18125,28.499999999999996,17.75,9.736984968185425
82.00098087297695,80.015625,30.75,15.375,4.282751083374023
82.0990681706719,78.578125,32.75,13.375,5.057468414306641
82.19715546836684,80.739375,30.5,16.75,5.831342697143555
82.29524276606179,80.221875,31.374999999999996,15.5,6.586394309997559
82.39333006375675,80.146875,31.5,15.625,7.3337578773498535
82.4914173614517,78.88375,32.375,14.499999999999998,8.076159954071045
82.58950465914664,78.6775,33.5,13.875000000000002,8.826930046081543
82.68759195684159,79.2975,32.5,14.625,9.628687381744385
82.78567925453653,80.353125,31.624999999999996,16.375,10.416369915008545
82.88376655223149,78.114375,33.125,12.875,11.152089595794678
82.98185384992644,79.330625,31.75,15.5,2.591491460800171
83.07994114762138,78.033125,31.75,13.375,3.337144136428833
83.17802844531633,80.898125,31.874999999999996,17.0,4.0758140087127686
83.27611574301127,79.785,30.75,15.5,4.826427698135376
83.37420304070623,79.969375,31.0,14.000000000000002,5.585877180099487
83.47229033840118,78.49,30.875000000000004,13.125,6.331739187240601
83.57037763609613,80.09875,33.0,15.875,7.061932563781738
83.66846493379107,80.185625,33.375,17.625,7.811058044433594
83.76655223148602,79.0675,32.25,15.125,8.546438694000244
83.86463952918098,78.21125,34.125,15.25,9.295861959457397
83.96272682687592,77.019375,34.375,12.5,2.3447604179382324
84.06081412457087,80.049375,32.625,15.375,3.093024253845215
84.15890142226581,79.498125,31.874999999999996,16.125,3.8358078002929688
84.25698871996076,78.075625,33.625,14.374999999999998,4.644770622253418
84.35507601765572,77.52875,33.5,14.000000000000002,5.48654317855835
84.45316331535066,79.9025,30.25,16.0,6.254843235015869
84.55125061304561,77.378125,35.875,13.5,7.037298917770386
84.64933791074056,80.37375,33.5,16.125,7.788238525390625
84.7474252084355,80.10625,30.875000000000004,16.0,8.532411098480225
84.84551250613046,78.460625,30.0,13.25,9.27027153968811
84.9435998038254,78.95125,29.75,13.750000000000002,2.1283602714538574
85.04168710152035,79.310625,30.875000000000004,13.875000000000002,2.9212636947631836
85.1397743992153,81.540625,28.999999999999996,19.0,3.675100088119507
85.23786169691024,78.556875,33.25,16.125,4.435052156448364
85.3359489946052,78.36625,31.874999999999996,13.750000000000002,5.167672634124756
85.43403629230015,76.90625,35.625,12.875,5.90567946434021
85.5321235899951,77.71625,33.375,13.875000000000002,6.644279956817627
85.63021088769004,77.9275,34.125,13.375,7.397720098495483
85.72829818538499,78.998125,31.0,15.5,8.13683009147644
85.82638548307995,79.61625,32.0,15.25,8.88852596282959
85.92447278077489,79.1425,30.875000000000004,15.25,9.633258819580078
86.02256007846984,79.0125,33.125,15.25,2.8898425102233887
86.12064737616478,77.894375,33.25,14.374999999999998,3.6222150325775146
86.21873467385973,80.495,29.75,17.125,4.370124578475952
86.31682197155469,79.320625,34.125,15.125,5.116899013519287
86.41490926924963,79.975,32.0,15.25,5.851139545440674
86.51299656694458,78.07,34.5,15.0,6.592301368713379
86.61108386463953,79.01125,31.5,14.625,7.337027311325073
86.70917116233447,79.3675,30.125,15.0,8.084806203842163
86.80725846002943,78.960625,30.125,14.124999999999998,8.826553583145142
86.90534575772438,79.048125,32.75,15.0,9.572619438171387
87.00343305541932,78.130625,33.5,14.499999999999998,2.74350643157959
87.10152035311427,78.501875,32.25,14.249999999999998,3.4894838333129883
87.19960765080923,77.4975,33.125,13.875000000000002,4.217013835906982
87.29769494850417,78.26625,34.0,14.75,4.970349073410034
87.39578224619912,81.7775,28.000000000000004,17.25,5.707079172134399
87.49386954389406,79.299375,33.125,16.375,6.454648971557617
87.59195684158901,79.201875,30.875000000000004,14.75,7.275985956192017
87.69004413928397,78.65375,31.374999999999996,14.249999999999998,8.049457311630249
87.78813143697892,78.150625,32.375,13.750000000000002,8.791663885116577
87.88621873467386,78.66875,33.0,14.625,9.549778699874878
87.9843060323688,77.720625,34.375,14.249999999999998,3.0579886436462402
88.08239333006375,78.7125,32.125,15.25,3.8187618255615234
88.18048062775871,80.43875,30.625000000000004,16.625,4.5693840980529785
88.27856792545366,78.2625,31.624999999999996,13.125,5.335304260253906
88.3766552231486,78.153125,31.25,14.000000000000002,6.089141368865967
88.47474252084355,79.614375,31.125000000000004,16.625,6.837483167648315
88.5728298185385,80.130625,29.375,16.75,7.5968711376190186
88.67091711623345,78.15,33.375,13.5,8.349831342697144
88.7690044139284,78.0775,34.375,14.499999999999998,9.105141401290894
88.86709171162335,79.875625,30.875000000000004,16.0,9.8436279296875
88.96517900931829,76.79,33.875,12.5,2.313356637954712
89.06326630701324,79.2225,32.125,15.0,3.04109787940979
89.1613536047082,78.32875,31.874999999999996,14.75,3.779515504837036
89.25944090240314,79.05625,32.125,15.625,4.507063627243042
89.35752820009809,79.223125,33.625,15.375,5.229218244552612
89.45561549779303,78.98625,33.125,14.875,5.953028678894043
89.55370279548798,78.143125,35.5,15.75,6.684384346008301
89.65179009318294,78.219375,31.75,14.374999999999998,7.395504951477051
89.74987739087788,78.506875,31.75,14.499999999999998,8.11987018585205
89.84796468857283,78.44,34.125,14.249999999999998,8.858055114746094
89.94605198626778,79.14875,32.375,16.0,2.353564977645874
90.04413928396272,78.7875,33.875,15.125,3.09037709236145
90.14222658165768,80.025,31.374999999999996,16.875,3.8334639072418213
90.24031387935263,77.550625,31.874999999999996,13.0,4.580156564712524
90.33840117704757,78.054375,33.0,13.125,5.313945531845093
90.43648847474252,78.2025,34.625,14.374999999999998,6.052642822265625
90.53457577243746,79.805625,32.75,15.625,6.824481725692749
90.63266307013242,77.225,32.0,14.625,7.603886842727661
90.73075036782737,79.5,32.875,16.625,8.349567413330078
90.82883766552231,79.344375,30.875000000000004,15.0,9.144156455993652
90.92692496321726,79.095625,30.75,14.875,9.902875423431396
91.0250122609122,77.5725,32.375,12.75,2.931065082550049
91.12309955860717,79.944375,32.625,16.375,3.6842422485351562
91.22118685630211,78.166875,30.25,13.0,4.426967620849609
91.31927415399706,80.26625,30.25,15.875,5.207918882369995
91.417361451692,79.2575,32.75,15.25,6.010318756103516
91.51544874938695,77.4075,33.375,14.875,6.771916389465332
91.61353604708191,77.984375,34.0,15.375,7.542614936828613
91.71162334477685,80.024375,32.75,15.625,8.312284469604492
91.8097106424718,78.695625,35.125,15.75,9.074957609176636
91.90779794016674,78.83375,31.75,14.249999999999998,9.815165042877197
92.00588523786169,77.394375,33.625,12.625,3.359452247619629
92.10397253555665,78.805,32.875,14.625,4.115795850753784
92.2020598332516,78.61125,31.374999999999996,15.75,4.858114242553711
92.30014713094654,78.965625,33.375,14.374999999999998,5.612049579620361
92.39823442864149,80.164375,30.75,15.75,6.358550310134888
92.49632172633643,79.738125,31.25,15.125,7.106607675552368
92.59440902403139,79.08875,30.875000000000004,15.75,7.850243091583252
92.69249632172634,77.893125,33.75,14.374999999999998,8.58180856704712
92.79058361942128,77.7375,31.25,13.875000000000002,9.320050954818726
92.88867091711623,79.570625,33.75,16.75,10.075474500656128
92.98675821481118,78.22,32.75,14.374999999999998,3.720435857772827
93.08484551250613,79.665,31.374999999999996,15.25,4.466843605041504
93.18293281020108,80.03125,32.5,15.25,5.203790903091431
93.28102010789603,80.705,30.25,16.375,5.935688734054565
93.37910740559097,78.940625,31.5,14.499999999999998,6.677394866943359
93.47719470328592,81.106875,30.5,17.5,7.47229790687561
93.57528200098088,77.17375,31.874999999999996,12.5,8.298920154571533
93.67336929867582,75.283125,34.25,11.375,9.06015157699585
93.77145659637077,72.919375,31.75,11.25,9.797102212905884
93.86954389406571,73.49875,29.25,10.625,10.538936614990234
93.96763119176067,70.461875,35.125,9.375,3.4314815998077393
94.06571848945562,72.011875,32.375,9.625,4.201631784439087
94.16380578715057,70.588125,33.625,7.75,4.9433369636535645
94.26189308484551,73.3575,33.25,12.75,5.700145959854126
94.35998038254046,72.288125,33.5,10.375,6.432130336761475
94.45806768023542,72.896875,29.875,10.375,7.193819046020508
94.55615497793036,73.60375,29.75,10.5,7.936706304550171
94.65424227562531,72.441875,32.375,10.25,8.678768157958984
94.75232957332025,72.628125,31.624999999999996,10.5,9.41762399673462
94.8504168710152,72.111875,31.374999999999996,9.25,10.154525995254517
94.94850416871016,69.573125,34.625,7.875,2.317824363708496
95.0465914664051,70.05875,36.375,8.75,3.077294111251831
95.14467876410005,71.199375,33.5,9.75,3.8966524600982666
95.242766061795,73.86875,31.374999999999996,11.875,4.6656646728515625
95.34085335948994,70.290625,34.875,9.0,5.437969446182251
95.4389406571849,71.181875,35.0,9.25,6.172001361846924
95.53702795487985,73.463125,28.375,11.0,6.901898622512817
95.63511525257479,72.11,33.375,9.875,7.647137403488159
95.73320255026974,74.21375,30.125,10.375,8.37748646736145
95.83128984796468,72.905625,31.125000000000004,11.75,9.109554052352905
95.92937714565964,71.97375,30.625000000000004,9.5,9.83543586730957
96.02746444335459,74.0925,29.75,11.125,3.343266725540161
96.12555174104953,72.623125,32.625,11.375,4.093029260635376
96.22363903874448,73.359375,31.5,10.375,4.835792303085327
96.32172633643943,71.4325,35.25,9.5,5.590911865234375
96.41981363413439,72.22375,32.625,11.125,6.327454090118408
96.51790093182933,73.005,29.375,10.125,7.132471323013306
96.61598822952428,71.226875,31.25,8.75,7.953270673751831
96.71407552721922,71.696875,33.0,9.375,8.707192182540894
96.81216282491417,73.603125,30.875000000000004,10.375,9.468369483947754
96.91025012260913,70.68625,34.0,8.375,10.210145473480225
97.00833742030407,72.01625,32.5,10.125,2.902384042739868
97.10642471799902,71.139375,32.375,8.25,3.6564440727233887
97.20451201569396,71.555625,34.375,8.625,4.4116034507751465
97.30259931338891,71.805,32.375,9.0,5.166654825210571
97.40068661108387,71.273125,36.375,10.0,5.933403253555298
97.49877390877882,73.438125,28.749999999999996,11.5,6.677259206771851
97.59686120647376,72.166875,31.25,11.5,7.433008670806885
97.6949485041687,72.574375,30.5,10.125,8.187066078186035
97.79303580186365,72.088125,31.374999999999996,10.375,8.933507680892944
97.89112309955861,72.646875,32.75,10.625,9.67956018447876
97.98921039725356,73.3225,30.625000000000004,10.75,4.42898964881897
98.0872976949485,71.63875,34.0,9.0,5.209170579910278
98.18538499264345,71.211875,35.125,9.625,5.969250679016113
98.2834722903384,72.45125,31.874999999999996,11.5,6.732136249542236
98.38155958803335,72.181875,33.125,10.125,7.475906133651733
98.4796468857283,71.200625,35.0,10.375,8.226906776428223
98.57773418342325,72.9125,29.625,10.0,8.961921453475952
98.67582148111819,70.000625,33.375,8.5,9.696674108505249
98.77390877881314,73.69125,30.125,10.875,10.46086049079895
98.8719960765081,71.6475,33.75,10.125,11.195396423339844
98.97008337420304,72.043125,30.5,8.75,3.3198838233947754
99.06817067189799,71.57125,32.5,9.875,4.105984687805176
99.16625796959293,71.634375,34.0,9.875,4.930032968521118
99.26434526728788,72.16875,31.374999999999996,11.0,5.784653186798096
99.36243256498284,71.03125,31.125000000000004,8.625,6.592859506607056
99.46051986267778,71.50625,33.25,9.25,7.348559856414795
99.55860716037273,73.005625,31.5,11.25,8.105506420135498
99.65669445806768,72.1725,32.25,9.75,8.862473011016846
99.75478175576262,72.873125,29.625,11.5,9.610786437988281
99.85286905345758,70.5525,33.75,8.25,10.342296600341797
