0.02,0.03,0.05,0.08,0.1,0.13,0.15,0.18,0.2
0.0,0.0,0.00010666666666666667,0.08297999999999998,0.1857866666666666,0.38638666666666666,0.4978733333333334,0.6435533333333333,0.7215933333333333
0.0,0.0,0.0038533333333333336,0.11194000000000001,0.22295333333333328,0.42782666666666663,0.5384133333333334,0.6768933333333333,0.7458133333333332
0.0,0.0,0.012013333333333334,0.15682666666666661,0.27352666666666664,0.45546,0.5390266666666667,0.6255066666666667,0.6572
0.0,0.0,0.035126666666666674,0.2109133333333333,0.30189333333333335,0.3977533333333333,0.4272133333333333,0.4493266666666667,0.4565200000000001
0.0,0.0,0.07284666666666667,0.2321933333333333,0.29635999999999996,0.3689266666666666,0.3959666666666667,0.4266466666666668,0.44422666666666666
0.0,0.0,0.10831333333333332,0.254,0.30859333333333333,0.36788666666666664,0.39124000000000003,0.42018000000000005,0.43672
0.0,0.0024066666666666668,0.12430666666666665,0.24656666666666666,0.29362,0.34970666666666667,0.37311999999999995,0.40230666666666665,0.4195
0.0,0.0031333333333333335,0.12078,0.22506666666666664,0.26902666666666664,0.32408666666666675,0.34858000000000006,0.3795,0.39832000000000006
0.0,0.007373333333333334,0.13447999999999996,0.24641333333333326,0.29303999999999997,0.3515266666666667,0.37704,0.4088733333333334,0.42766666666666664
0.0,0.014186666666666667,0.16457333333333327,0.2782933333333333,0.32211333333333336,0.37604000000000004,0.3997200000000001,0.4302200000000001,0.44882666666666665
