Epochs,Loss,Accuracy (%),Silent labels (%),Time (s)
0.1,56.20675,63.65,17.9,23.859472036361694
0.2,38.33675,74.03333333333333,9.9,46.36041235923767
0.3,36.156166666666664,75.8,9.883333333333333,70.20947265625
0.4,35.06758333333333,76.5,9.966666666666667,94.32016968727112
0.5,34.596833333333336,77.33333333333333,9.950000000000001,117.63874125480652
0.6,32.78375,78.63333333333333,9.5,140.69880890846252
0.7,32.73766666666667,79.2,9.366666666666665,163.91535878181458
0.8,34.156416666666665,77.53333333333333,10.783333333333333,188.084641456604
0.9,33.93975,77.95,10.5,212.42657208442688
1.0,33.00541666666667,78.85,10.033333333333333,237.4098858833313
1.1,32.559416666666664,79.31666666666666,10.133333333333333,22.969685554504395
1.2,32.404,79.33333333333333,9.883333333333333,45.54907774925232
1.3,32.606,79.08333333333334,9.883333333333333,69.69719910621643
1.4,32.4465,79.58333333333333,9.966666666666667,93.22466945648193
1.5,32.03633333333333,79.83333333333333,9.950000000000001,116.36639761924744
1.6,31.2165,80.5,9.5,139.87252473831177
1.7,30.864,80.91666666666667,9.366666666666665,163.78132224082947
1.8,32.407333333333334,79.18333333333332,10.783333333333333,187.78985166549683
1.9,32.23316666666667,79.7,10.5,211.3801474571228
2.0,31.388166666666667,80.11666666666667,10.033333333333333,235.2001039981842
2.1,30.5325,80.45,10.133333333333333,25.963423013687134
2.2,30.63575,80.65,9.883333333333333,50.00488758087158
2.3,30.845916666666668,79.95,9.883333333333333,73.85634517669678
2.4,30.512416666666667,80.81666666666666,9.966666666666667,96.79257416725159
2.5,30.740083333333335,80.45,9.950000000000001,121.274245262146
2.6,29.906416666666665,81.43333333333334,9.5,146.35445189476013
2.7,29.668333333333333,81.65,9.366666666666665,171.29456400871277
2.8,30.8225,80.56666666666666,10.783333333333333,194.8199279308319
2.9,30.6985,80.48333333333333,10.5,216.94865655899048
3.0,30.30875,80.63333333333334,10.033333333333333,239.8291392326355
3.1,29.675333333333334,81.26666666666667,10.133333333333333,22.967799186706543
3.2,29.51033333333333,81.58333333333333,9.883333333333333,44.89812731742859
3.3,30.56225,79.85,9.883333333333333,66.38100481033325
3.4,29.662583333333334,81.35,9.966666666666667,88.02010226249695
3.5,29.654666666666667,80.91666666666667,9.950000000000001,109.93562507629395
3.6,28.64741666666667,82.05,9.5,131.84638714790344
3.7,28.766333333333332,82.01666666666667,9.366666666666665,153.72846102714539
3.8,30.061083333333332,80.95,10.783333333333333,175.2006013393402
3.9,29.8575,80.95,10.5,198.57103300094604
4.0,29.736916666666666,80.80000000000001,10.033333333333333,220.97161149978638
4.1,28.894416666666668,81.61666666666667,10.133333333333333,23.229812622070312
4.2,29.39725,82.01666666666667,9.883333333333333,45.46041941642761
4.3,29.454666666666668,80.66666666666666,9.883333333333333,67.54833221435547
4.4,29.19725,81.36666666666666,9.966666666666667,89.69686579704285
4.5,29.421,80.88333333333333,9.950000000000001,112.03814578056335
4.6,28.80216666666667,82.26666666666667,9.5,133.8963658809662
4.7,28.877333333333333,82.26666666666667,9.366666666666665,155.74943900108337
4.8,31.09075,80.9,10.783333333333333,177.58004069328308
4.9,32.148,81.10000000000001,10.5,199.98251581192017
5.0,33.0185,80.35,10.033333333333333,222.5374436378479
5.1,35.14391666666667,79.46666666666667,10.133333333333333,22.812608242034912
5.2,33.16191666666667,81.2,9.883333333333333,45.11260437965393
5.3,34.214333333333336,80.0,9.883333333333333,67.39148330688477
5.4,33.97475,80.7,9.966666666666667,89.7890932559967
5.5,34.18508333333333,80.0,9.950000000000001,112.48059916496277
5.6,33.41458333333333,80.7,9.5,134.3637716770172
5.7,33.64658333333333,80.68333333333332,9.366666666666665,156.5076298713684
5.8,36.01266666666667,79.35,10.783333333333333,178.7416114807129
5.9,36.34475,79.0,10.5,200.75467324256897
6.0,35.8785,78.86666666666666,10.033333333333333,223.09312987327576
6.1,36.215666666666664,78.78333333333333,10.133333333333333,23.172363996505737
6.2,36.38308333333333,78.53333333333333,9.883333333333333,45.877583503723145
6.3,37.26258333333333,77.3,9.883333333333333,68.28925776481628
6.4,37.193416666666664,78.06666666666666,9.966666666666667,91.06789040565491
6.5,37.833,77.41666666666667,9.950000000000001,114.1744396686554
6.6,38.25275,77.3,9.5,136.8134949207306
6.7,38.03808333333333,77.23333333333333,9.366666666666665,159.9071807861328
6.8,40.15925,75.75,10.783333333333333,182.77673077583313
6.9,40.425583333333336,76.51666666666667,10.5,206.12254428863525
7.0,40.74216666666667,76.78333333333333,10.033333333333333,229.32595419883728
7.1,41.896166666666666,76.3,10.133333333333333,24.28731918334961
7.2,42.811166666666665,75.9,9.883333333333333,47.731842279434204
7.3,44.09433333333333,74.7,9.883333333333333,71.57352256774902
7.4,44.391416666666665,75.21666666666667,9.966666666666667,95.35114049911499
7.5,45.055166666666665,74.31666666666666,9.950000000000001,123.97593021392822
7.6,46.11541666666667,74.03333333333333,9.5,150.69901633262634
7.7,46.76683333333333,73.43333333333332,9.366666666666665,175.41759061813354
7.8,49.49175,70.91666666666666,10.783333333333333,200.8865602016449
7.9,50.43508333333333,69.56666666666666,10.5,226.29564905166626
8.0,52.54891666666666,67.61666666666667,10.033333333333333,252.09882950782776
8.1,53.535916666666665,66.81666666666666,10.133333333333333,26.631301164627075
8.2,54.72825,65.63333333333333,9.883333333333333,50.37088751792908
8.3,56.501083333333334,62.35000000000001,9.883333333333333,76.81977415084839
8.4,57.49341666666667,61.583333333333336,9.966666666666667,103.42075753211975
8.5,57.17875,62.983333333333334,9.950000000000001,129.39662432670593
8.6,58.22675,62.76666666666667,9.5,156.61985850334167
8.7,58.83975,62.26666666666667,9.366666666666665,184.89728689193726
8.8,61.087,58.833333333333336,10.45,212.03913164138794
8.9,48.82125,60.83333333333333,0.0,238.9481179714203
9.0,48.92175,61.53333333333333,0.0,264.54938769340515
9.1,48.757416666666664,60.13333333333334,0.0,25.630874156951904
9.2,48.443083333333334,60.699999999999996,0.0,50.63646721839905
9.3,49.64566666666666,58.833333333333336,0.016666666666666666,76.66035509109497
9.4,49.86066666666667,56.39999999999999,0.0,102.04827690124512
9.5,49.12733333333333,57.116666666666674,0.0,127.44197654724121
9.6,50.85758333333333,55.2,0.0,152.86360788345337
9.7,50.66883333333333,54.43333333333334,0.0,178.2218108177185
9.8,51.33883333333333,53.449999999999996,0.016666666666666666,203.87830257415771
9.9,51.3725,52.88333333333334,0.0,229.6414933204651
10.0,52.21758333333333,52.06666666666667,0.016666666666666666,255.1670606136322
