Epochs,Loss,Accuracy (%),Silent labels (%),Time (s)
0.1,56.90566666666667,63.5,18.133333333333333,23.370539903640747
0.2,38.78808333333333,73.56666666666666,9.883333333333333,47.81740164756775
0.3,36.8215,75.68333333333334,9.883333333333333,73.24683451652527
0.4,35.88883333333333,76.73333333333333,9.966666666666667,98.35150408744812
0.5,35.28958333333333,76.83333333333333,9.950000000000001,123.13604402542114
0.6,33.873916666666666,78.95,9.5,147.35981011390686
0.7,33.79183333333334,79.08333333333334,9.366666666666665,171.7896740436554
0.8,35.42758333333333,77.25,10.783333333333333,196.6798620223999
0.9,34.693,77.68333333333334,10.5,222.68141555786133
1.0,33.64025,78.78333333333333,10.033333333333333,248.92709279060364
1.1,34.7955,78.51666666666667,10.25,27.70541024208069
1.2,32.90558333333333,79.65,9.883333333333333,51.174641847610474
1.3,32.997,78.95,9.883333333333333,76.84911584854126
1.4,32.834916666666665,79.41666666666667,9.966666666666667,104.45798516273499
1.5,32.67483333333333,79.36666666666666,9.950000000000001,131.3716700077057
1.6,31.798583333333333,80.55,9.5,156.3978910446167
1.7,31.772,80.60000000000001,9.366666666666665,181.7544457912445
1.8,33.160916666666665,79.23333333333333,10.783333333333333,207.32000756263733
1.9,33.00825,79.60000000000001,10.5,232.32263922691345
2.0,32.39575,80.05,10.033333333333333,257.58086133003235
2.1,31.697416666666665,80.4,10.133333333333333,25.002349138259888
2.2,31.633916666666668,80.76666666666667,9.883333333333333,49.096116065979004
2.3,31.870833333333334,79.60000000000001,9.883333333333333,73.07009029388428
2.4,31.402083333333334,80.30000000000001,9.966666666666667,96.6040689945221
2.5,30.839916666666667,80.41666666666667,9.950000000000001,119.65847444534302
2.6,30.63125,81.11666666666667,9.5,143.9775493144989
2.7,31.188083333333335,81.43333333333334,9.366666666666665,169.02241230010986
2.8,33.47258333333333,80.01666666666667,10.783333333333333,193.94737005233765
2.9,34.5125,79.85,10.5,216.87712931632996
3.0,35.60158333333333,79.25,10.033333333333333,241.08829879760742
3.1,36.98533333333334,78.86666666666666,10.133333333333333,23.960111379623413
3.2,36.827416666666664,79.14999999999999,9.883333333333333,49.09108924865723
3.3,38.756,76.86666666666667,9.883333333333333,75.90599536895752
3.4,39.06216666666667,75.71666666666667,9.966666666666667,101.92988061904907
3.5,40.4085,75.14999999999999,9.950000000000001,127.25417900085449
3.6,42.148916666666665,75.1,9.5,153.69426226615906
3.7,43.53025,74.45,9.366666666666665,178.02599000930786
3.8,46.48725,73.51666666666667,10.783333333333333,202.24930214881897
3.9,48.96358333333333,72.18333333333334,10.5,226.8092885017395
4.0,52.117,70.05,10.033333333333333,251.9988968372345
4.1,53.991166666666665,68.08333333333333,9.35,26.122026443481445
4.2,44.59625,68.23333333333333,0.016666666666666666,51.03743362426758
4.3,45.85966666666667,65.96666666666667,0.016666666666666666,77.80710315704346
4.4,46.25241666666667,64.86666666666666,0.0,104.34951543807983
4.5,46.10775,64.9,0.0,129.56191492080688
4.6,47.626083333333334,62.949999999999996,0.0,155.76670169830322
4.7,47.282916666666665,63.56666666666667,0.0,181.33680081367493
4.8,47.273,62.849999999999994,0.0,209.59658122062683
4.9,47.54116666666667,63.63333333333333,0.0,236.82644486427307
5.0,48.3915,61.650000000000006,0.016666666666666666,262.3594479560852
5.1,49.37891666666667,59.266666666666666,0.0,26.527748107910156
5.2,49.04633333333334,58.050000000000004,0.0,51.59332990646362
5.3,50.33125,54.28333333333333,0.016666666666666666,78.8010470867157
5.4,50.04708333333333,54.91666666666667,0.0,105.41882061958313
5.5,48.870916666666666,57.25,0.0,132.12475633621216
5.6,49.52725,57.53333333333334,0.0,157.974458694458
5.7,48.675583333333336,59.66666666666667,0.0,184.5569291114807
5.8,48.048,60.31666666666666,0.0,210.59045338630676
5.9,48.59708333333333,59.08333333333333,0.0,235.2752182483673
6.0,49.23125,59.01666666666666,0.0,258.92617559432983
6.1,49.726083333333335,55.21666666666667,0.0,25.837530612945557
6.2,49.970416666666665,55.266666666666666,0.0,51.48977851867676
6.3,51.89241666666667,52.949999999999996,0.0,77.96953082084656
6.4,52.85183333333333,52.949999999999996,0.016666666666666666,103.84680676460266
6.5,53.33283333333333,52.06666666666667,0.0,130.5351002216339
6.6,53.80191666666666,50.66666666666667,0.03333333333333333,156.6776945590973
6.7,53.27791666666667,49.11666666666667,0.0,181.52002215385437
6.8,52.54208333333333,49.86666666666667,0.0,206.95855855941772
6.9,52.259083333333336,49.21666666666666,0.0,232.35073161125183
7.0,53.112833333333334,47.86666666666667,0.0,256.8379888534546
7.1,52.785333333333334,48.16666666666667,0.0,23.864468574523926
7.2,52.602833333333336,48.1,0.0,48.986454010009766
7.3,52.646,49.2,0.0,73.74065446853638
7.4,52.92325,50.05,0.0,98.81851363182068
7.5,52.693416666666664,50.64999999999999,0.0,124.41476249694824
7.6,54.66258333333333,48.88333333333333,0.0,149.31925320625305
7.7,55.090583333333335,48.583333333333336,0.016666666666666666,174.69098567962646
7.8,55.49883333333333,48.66666666666667,0.0,200.93197083473206
7.9,56.19991666666667,49.31666666666666,0.0,228.6927363872528
8.0,57.241083333333336,47.88333333333333,0.0,255.03374886512756
8.1,58.03508333333333,47.21666666666667,0.0,25.86449694633484
8.2,58.63283333333333,46.416666666666664,0.0,50.85943412780762
8.3,59.898583333333335,44.05,0.0,74.88686537742615
8.4,59.242916666666666,45.33333333333333,0.0,100.44813370704651
8.5,59.18925,45.85,0.0,125.10897016525269
8.6,60.648,44.68333333333334,0.0,150.55722784996033
8.7,60.224,45.61666666666667,0.0,176.69049072265625
8.8,60.142,45.88333333333333,0.0,202.18568515777588
8.9,59.3475,46.983333333333334,0.0,228.07792210578918
9.0,58.3795,48.233333333333334,0.0,253.5463535785675
9.1,54.396166666666666,53.900000000000006,0.0,25.77708411216736
9.2,53.89675,55.18333333333333,0.016666666666666666,50.51455545425415
9.3,52.78941666666667,57.28333333333333,0.0,74.64440035820007
9.4,50.08691666666667,60.983333333333334,0.0,98.6094446182251
9.5,50.62116666666667,58.86666666666667,0.0,123.40486979484558
9.6,50.0785,61.633333333333326,0.0,146.11414861679077
9.7,49.415083333333335,61.5,0.0,169.7545018196106
9.8,49.23925,61.4,0.0,193.56205654144287
9.9,49.23308333333333,60.8,0.0,217.0824682712555
10.0,49.67,60.38333333333333,0.0,241.79641103744507
