0.02,0.03,0.05,0.08,0.1,0.13,0.15,0.18,0.2
0.0,5.333333333333333e-05,0.03661333333333333,0.18564,0.3110133333333333,0.49052666666666667,0.5864733333333334,0.6850133333333334,0.7232999999999998
0.0,0.005699999999999999,0.07153333333333334,0.23818666666666666,0.3634066666666667,0.5356533333333333,0.6227466666666667,0.7064000000000001,0.7363866666666666
0.0,0.013113333333333333,0.09129999999999998,0.26465999999999995,0.38894,0.5529,0.6313266666666667,0.7049666666666665,0.73158
0.0001333333333333333,0.018913333333333334,0.10713333333333332,0.2809,0.4038266666666668,0.56418,0.6421466666666668,0.7159266666666668,0.7451000000000002
0.0009733333333333334,0.024093333333333335,0.11954666666666663,0.29694666666666664,0.42121333333333333,0.5796,0.6539333333333335,0.7244066666666668,0.7520799999999999
0.00234,0.02894,0.12824,0.30998,0.43596,0.5939133333333334,0.6671866666666666,0.7359333333333333,0.7629866666666666
0.004773333333333334,0.034973333333333335,0.13905999999999996,0.32437333333333335,0.4501733333333334,0.6015933333333333,0.6689266666666666,0.7307933333333334,0.7528333333333334
0.006626666666666669,0.039193333333333344,0.14471999999999996,0.3309066666666666,0.4586466666666667,0.6121866666666667,0.6810933333333334,0.7463466666666669,0.7715533333333333
0.00858,0.04346666666666667,0.15001999999999996,0.3364866666666667,0.46246000000000004,0.6093266666666666,0.6736533333333331,0.7319133333333334,0.7527666666666666
0.01054666666666667,0.047893333333333336,0.15716000000000002,0.3484133333333333,0.47602666666666665,0.6225333333333334,0.6868799999999999,0.7446800000000002,0.7649533333333334
