0.02,0.03,0.05,0.08,0.1,0.13,0.15,0.18,0.2
0.0,0.0,0.008473333333333334,0.10914,0.2232266666666666,0.4233466666666667,0.5338333333333333,0.65022,0.7060600000000001
0.0,0.0,0.020146666666666667,0.14523999999999998,0.26764666666666664,0.4683866666666667,0.5729133333333334,0.6764866666666666,0.7213933333333332
0.0,0.0,0.030599999999999995,0.1754066666666667,0.30779333333333336,0.51432,0.6151933333333333,0.7069733333333333,0.7429933333333332
0.0,0.0,0.041806666666666666,0.2028466666666666,0.34375999999999995,0.5503800000000001,0.6423866666666668,0.7190266666666666,0.7456533333333333
0.0,0.0,0.04716,0.21463999999999991,0.3563266666666667,0.5600999999999999,0.6489333333333334,0.7227999999999999,0.7498266666666668
0.0,0.0,0.05630666666666667,0.23568666666666666,0.3833066666666666,0.5797599999999999,0.6578866666666666,0.7193666666666667,0.7408
0.0,0.0,0.06264666666666667,0.24988,0.4105333333333334,0.6330533333333332,0.7285133333333335,0.81244,0.8488266666666668
0.0,0.0003866666666666668,0.07647999999999999,0.27708666666666665,0.43187333333333333,0.63554,0.7169600000000002,0.7811599999999999,0.8043933333333335
0.0,0.0016333333333333332,0.0831,0.28564666666666666,0.4396066666666667,0.6334,0.7072466666666668,0.7644533333333334,0.7854933333333334
0.0,0.0018466666666666668,0.08864,0.29169333333333325,0.4445533333333334,0.6348066666666667,0.7061733333333332,0.7608,0.7815199999999999
