0.02,0.03,0.05,0.08,0.1,0.13,0.15,0.18,0.2
0.0,0.0,0.016066666666666667,0.14279999999999998,0.26988666666666666,0.4543466666666668,0.5486466666666666,0.6632599999999997,0.7140733333333332
0.0,0.0,0.03033333333333334,0.16972666666666666,0.29629333333333324,0.47529333333333335,0.5660000000000001,0.6750533333333333,0.7233866666666665
0.0,0.0,0.039273333333333334,0.19207999999999997,0.3257666666666666,0.5105333333333334,0.6005933333333333,0.70502,0.7481266666666666
0.0,0.0,0.04678000000000001,0.20737999999999995,0.34212666666666663,0.5253199999999999,0.6134933333333332,0.7145000000000001,0.7556599999999999
0.0,0.0,0.055473333333333326,0.23139333333333334,0.37238000000000004,0.5536933333333333,0.6359466666666665,0.7256133333333333,0.7603333333333334
0.0,0.0,0.06372666666666667,0.24243333333333328,0.3815200000000001,0.55294,0.62776,0.7055466666666667,0.7351666666666666
0.0,0.0,0.06619333333333334,0.2470533333333333,0.3945133333333333,0.5888466666666666,0.6818266666666666,0.7961533333333334,0.8502866666666666
0.0,7.333333333333333e-05,0.0728,0.26052666666666663,0.41063333333333335,0.6038066666666667,0.6940533333333333,0.8025733333333334,0.8534866666666667
0.0,0.0003333333333333334,0.07976,0.28012666666666663,0.4373933333333333,0.6305999999999999,0.7152333333333332,0.8119866666666666,0.8539666666666667
0.0,0.00043333333333333337,0.08306666666666665,0.2833466666666667,0.43666666666666665,0.62664,0.7132133333333333,0.8137133333333333,0.8589933333333333
