0.02,0.03,0.05,0.08,0.1,0.13,0.15,0.18,0.2
0.0,0.0003133333333333333,0.04040666666666667,0.1948933333333333,0.3235933333333334,0.5017199999999999,0.5918066666666667,0.6781133333333332,0.7097333333333335
0.0,0.007746666666666668,0.07384,0.2377466666666666,0.3615,0.5322466666666666,0.6207066666666666,0.7096999999999999,0.7441200000000002
8e-05,0.016626666666666668,0.0969,0.26789999999999997,0.39124000000000003,0.5555733333333333,0.6357733333333333,0.7114666666666668,0.7388333333333335
0.0011333333333333332,0.023593333333333327,0.11413999999999995,0.28838,0.41273333333333334,0.5726999999999999,0.6472599999999998,0.71538,0.739926666666667
0.004253333333333334,0.03202000000000001,0.13234666666666667,0.32691333333333333,0.4645733333333333,0.6397533333333334,0.7226599999999999,0.8025933333333333,0.8342066666666669
0.006900000000000001,0.03772,0.14198666666666665,0.33720666666666665,0.47264666666666666,0.6437133333333334,0.7247133333333333,0.8046733333333332,0.8380866666666669
0.010066666666666666,0.04491333333333332,0.15355333333333335,0.35002000000000016,0.4850333333333334,0.6548333333333334,0.7368333333333333,0.8197666666666666,0.8556933333333331
0.01246,0.05025333333333333,0.1619,0.3600866666666668,0.49496,0.6609400000000001,0.7394599999999998,0.8192466666666666,0.8537866666666667
0.014733333333333334,0.055573333333333336,0.1696866666666666,0.3676466666666667,0.50048,0.6640333333333334,0.7431266666666667,0.8248533333333333,0.86098
0.016486666666666667,0.059093333333333345,0.17258666666666658,0.36702666666666667,0.4977733333333334,0.6583199999999999,0.7361200000000001,0.8180466666666668,0.8547
