0.02,0.03,0.05,0.08,0.1,0.13,0.15,0.18,0.2
0.0,0.0,0.0033866666666666667,0.09654,0.20496666666666663,0.34773333333333334,0.43928000000000006,0.5298533333333333,0.5742733333333334
0.0,0.0,0.02840666666666667,0.16795999999999997,0.2836066666666667,0.41471333333333343,0.48534666666666676,0.5438800000000001,0.5693066666666666
0.0,0.0,0.07824666666666666,0.24472000000000005,0.32894666666666666,0.39128000000000007,0.4130133333333334,0.42399333333333333,0.42646666666666666
0.0,0.0028466666666666666,0.09751333333333331,0.23249333333333333,0.29062,0.3282266666666667,0.3379,0.3414733333333334,0.34234666666666674
0.0,0.010900000000000003,0.12986666666666666,0.26007333333333327,0.30351999999999996,0.32586666666666675,0.3306000000000001,0.33216666666666667,0.33250666666666673
0.0,0.015860000000000003,0.1539333333333333,0.25932666666666665,0.28747333333333325,0.29953333333333326,0.3018,0.3027466666666666,0.30302666666666667
0.0,0.01712,0.1482333333333333,0.23434000000000002,0.25866666666666666,0.27123333333333327,0.2746533333333333,0.27649999999999997,0.27721999999999997
0.0,0.01808,0.13962666666666662,0.21485999999999997,0.23762666666666665,0.25087333333333334,0.2547933333333333,0.2569866666666667,0.2577466666666666
0.0,0.018940000000000002,0.13149999999999998,0.20489999999999994,0.22952666666666668,0.24633333333333338,0.25192,0.25544666666666666,0.2566533333333333
0.0,0.023973333333333336,0.13897999999999996,0.21659333333333325,0.24572666666666668,0.2671733333333334,0.27532666666666666,0.28112000000000004,0.28379333333333334
