0.02,0.03,0.05,0.08,0.1,0.13,0.15,0.18,0.2
0.0,0.0,0.01076,0.12381333333333332,0.1867533333333333,0.24311999999999995,0.26356666666666667,0.27691999999999994,0.27996
0.0,0.0,0.052053333333333326,0.15781333333333333,0.18557333333333326,0.20431333333333326,0.20798666666666663,0.2090933333333333,0.20915999999999996
0.0,0.0,0.07236666666666665,0.1449466666666666,0.1617533333333333,0.16915999999999998,0.16987999999999995,0.1699733333333333,0.1699733333333333
0.0,0.0,0.07340666666666665,0.10528,0.10969999999999996,0.11102666666666665,0.11124666666666667,0.11130666666666668,0.11131333333333333
0.0,0.0,0.06217999999999999,0.07203999999999999,0.07313999999999998,0.07412666666666665,0.07448666666666665,0.07479333333333332,0.07491999999999999
0.0,0.0,0.05801999999999999,0.06003999999999999,0.06003999999999999,0.06003999999999999,0.06003999999999999,0.06003999999999999,0.06003999999999999
0.0,0.0,0.058359999999999974,0.06001333333333332,0.06001333333333332,0.06001333333333332,0.06001333333333332,0.06001333333333332,0.06001333333333332
0.0,0.0,0.05868666666666665,0.060013333333333314,0.060013333333333314,0.060013333333333314,0.060013333333333314,0.060013333333333314,0.060013333333333314
0.0,0.0,0.05884666666666665,0.06001999999999999,0.06001999999999999,0.06001999999999999,0.06001999999999999,0.06001999999999999,0.06001999999999999
0.0,0.0,0.058939999999999985,0.059999999999999984,0.059999999999999984,0.059999999999999984,0.059999999999999984,0.059999999999999984,0.059999999999999984
