0.02,0.03,0.05,0.08,0.1,0.13,0.15,0.18,0.2
0.0,0.0,0.006046666666666668,0.09676,0.21817333333333322,0.33508666666666675,0.37371333333333334,0.4192666666666667,0.43148000000000003
0.0,0.0,0.051420000000000014,0.1771066666666666,0.2566533333333333,0.3048133333333334,0.3136066666666667,0.31853333333333333,0.3188933333333333
0.0,0.0,0.08693999999999999,0.2095,0.27192,0.30506,0.3104466666666666,0.31272,0.3128666666666666
0.0,0.0,0.11109333333333328,0.2033133333333333,0.23656666666666662,0.2522333333333333,0.25438666666666665,0.25550666666666666,0.25565333333333334
0.0,0.0,0.11973333333333333,0.20441333333333328,0.23761999999999997,0.2528333333333333,0.2552266666666666,0.25681333333333334,0.2572
0.0,0.0,0.12828666666666663,0.2073733333333333,0.23610000000000003,0.24903999999999996,0.25093333333333334,0.25232666666666664,0.25267999999999996
0.0,0.0,0.12987999999999997,0.20333333333333328,0.22784666666666667,0.23982,0.2421666666666667,0.24408000000000002,0.24459333333333333
0.0,0.0,0.1208733333333333,0.17696666666666666,0.19402666666666665,0.20270666666666665,0.20453333333333334,0.20623333333333335,0.20667333333333332
0.0,0.0,0.12156666666666663,0.17592666666666668,0.1959933333333333,0.20676666666666665,0.20908000000000002,0.2111666666666667,0.21172000000000002
0.0,0.0,0.12213333333333332,0.17295999999999995,0.19184666666666664,0.2023666666666666,0.20454,0.20652,0.2069733333333333
