0.02,0.03,0.05,0.08,0.1,0.13,0.15,0.18,0.2
0.0,0.0,0.0020933333333333333,0.0941133333333333,0.20608666666666664,0.2721666666666666,0.30088,0.33139333333333343,0.33834666666666663
0.0,0.0,0.026533333333333332,0.1308133333333333,0.1880533333333333,0.21526666666666666,0.2224866666666667,0.22562666666666664,0.22574666666666665
0.0,0.0,0.06358666666666667,0.15496666666666664,0.19945333333333332,0.2252866666666667,0.23349999999999999,0.24247999999999995,0.2455866666666666
0.0,0.0,0.06628,0.15222,0.18080000000000002,0.18983999999999998,0.19174,0.19264666666666666,0.19274000000000002
0.0,0.0,0.07227333333333333,0.13958666666666664,0.15417999999999998,0.15830666666666665,0.1590933333333333,0.15943999999999997,0.1595
0.0,0.0,0.08612666666666666,0.13805333333333333,0.14796666666666664,0.14967999999999998,0.14996,0.1501,0.1501333333333333
0.0,0.0,0.07382,0.10466666666666664,0.1079,0.10920666666666666,0.10964,0.11007999999999997,0.11017333333333333
0.0,0.0,0.06786666666666666,0.07947999999999998,0.08103333333333333,0.08192,0.08233333333333334,0.08281333333333335,0.08298000000000001
0.0,0.0,0.06858666666666664,0.07336666666666665,0.07339333333333331,0.07340666666666665,0.07341999999999999,0.07343999999999999,0.07345333333333331
0.0,0.0,0.06390666666666665,0.06669333333333331,0.06669999999999998,0.06669999999999998,0.06669999999999998,0.06669999999999998,0.06669999999999998
