0.02,0.03,0.05,0.08,0.1,0.13,0.15,0.18,0.2
0.0,0.0,0.03262,0.17850666666666662,0.3046,0.48472000000000004,0.57868,0.67304,0.7085000000000001
0.0,0.003993333333333333,0.06672666666666668,0.2326866666666666,0.35834000000000005,0.5301533333333333,0.6175066666666666,0.7019666666666667,0.7336866666666666
0.0,0.01092,0.08443999999999999,0.24964666666666663,0.3706133333333333,0.5365066666666666,0.6217266666666666,0.7051666666666668,0.7369066666666666
0.0,0.016453333333333334,0.09904666666666662,0.26786,0.38942,0.5535733333333333,0.6347733333333333,0.7128866666666666,0.7427000000000001
4.666666666666667e-05,0.02032,0.10844666666666664,0.27662666666666663,0.3968333333333333,0.55706,0.6367866666666666,0.71626,0.7487333333333335
0.00025333333333333333,0.024006666666666666,0.11781999999999998,0.28803333333333325,0.4102666666666666,0.56942,0.6464733333333332,0.7241933333333335,0.7560933333333334
0.0008666666666666667,0.02748666666666667,0.12555333333333332,0.30006,0.4225800000000001,0.5782866666666667,0.65212,0.72482,0.7545666666666665
0.0013933333333333337,0.02932,0.1275333333333333,0.2978133333333333,0.4178666666666668,0.5723266666666668,0.6476400000000001,0.7255400000000001,0.759
0.002,0.031246666666666666,0.13306666666666664,0.30860000000000004,0.4309733333333334,0.58538,0.6588600000000001,0.7337066666666665,0.7657733333333334
0.0027799999999999995,0.03322666666666667,0.13915333333333332,0.3294400000000001,0.46335333333333345,0.6322933333333334,0.7148333333333332,0.8033599999999997,0.8431333333333333
