Epochs,Loss,Accuracy (%),Silent labels (%),Time (s)
0.1,63.66016666666667,51.849999999999994,13.083333333333332,30.293424129486084
0.2,61.99925,49.71666666666666,10.166666666666666,61.355103731155396
0.3,62.1765,49.916666666666664,10.05,92.87474536895752
0.4,62.559416666666664,50.73333333333333,10.15,124.41504096984863
0.5,63.82175,50.05,10.25,155.76047348976135
0.6,63.0595,54.41666666666667,9.833333333333332,187.21924018859863
0.7,63.42041666666667,54.43333333333334,10.0,218.81579780578613
0.8,64.07216666666666,55.00000000000001,9.8,250.56968688964844
0.9,64.60891666666667,53.949999999999996,10.05,282.18847608566284
1.0,65.48575,52.75,9.85,313.7304027080536
1.1,66.78333333333333,49.31666666666666,9.9,31.7782986164093
1.2,67.99416666666667,44.53333333333334,10.166666666666666,63.595426082611084
1.3,69.698,39.4,10.05,95.42688918113708
1.4,70.99666666666667,37.63333333333333,10.133333333333333,127.22040820121765
1.5,72.72558333333333,34.333333333333336,10.25,159.4006369113922
1.6,74.9225,31.416666666666664,9.816666666666666,191.57590579986572
1.7,76.646,29.349999999999998,9.983333333333333,223.65707421302795
1.8,78.03675,29.45,9.8,255.71750140190125
1.9,80.80825,27.450000000000003,10.05,287.70003509521484
2.0,80.69108333333334,31.166666666666664,9.85,319.690064907074
2.1,82.50158333333333,29.549999999999997,9.9,31.733023405075073
2.2,80.16716666666666,32.83333333333333,10.166666666666666,63.16953921318054
2.3,77.57683333333334,33.06666666666666,10.05,94.75140619277954
2.4,77.20525,31.333333333333336,10.133333333333333,127.08349561691284
2.5,79.04633333333334,26.73333333333333,10.25,158.7102587223053
2.6,78.41908333333333,23.583333333333336,9.816666666666666,190.4015235900879
2.7,78.88616666666667,20.7,9.983333333333333,222.45599508285522
2.8,79.92875,18.5,9.8,254.64015531539917
2.9,79.26675,18.6,7.316666666666667,286.8813064098358
3.0,73.10583333333334,22.05,0.016666666666666666,318.79942631721497
3.1,73.12966666666667,22.416666666666664,0.0,31.847230672836304
3.2,74.91491666666667,21.666666666666668,0.0,63.727105379104614
3.3,77.12658333333333,22.900000000000002,0.0,95.66863942146301
3.4,74.81841666666666,25.366666666666664,0.0,127.16403388977051
3.5,76.10358333333333,27.48333333333333,0.0,158.607661485672
3.6,77.63341666666666,25.783333333333335,0.0,189.96650743484497
3.7,80.76758333333333,22.716666666666665,0.0,221.29755067825317
3.8,82.45341666666667,19.933333333333334,0.0,253.10147356987
3.9,83.23616666666666,18.73333333333333,0.0,284.9234609603882
4.0,83.74775,18.116666666666667,0.0,316.2136754989624
4.1,84.76508333333334,18.583333333333332,0.0,31.384857654571533
4.2,84.313,20.65,0.0,62.60576581954956
4.3,82.759,23.333333333333332,0.0,93.99477767944336
4.4,82.65683333333334,22.766666666666666,0.0,125.44983267784119
4.5,83.85816666666666,20.283333333333335,0.0,157.2499873638153
4.6,86.95683333333334,18.933333333333334,0.0,189.2634415626526
4.7,87.7815,16.816666666666666,0.0,221.0505394935608
4.8,88.12425,15.316666666666666,0.0,252.95504689216614
4.9,88.75783333333334,15.083333333333334,0.0,284.739622592926
5.0,89.67683333333333,14.283333333333333,0.016666666666666666,316.55897998809814
5.1,92.21916666666667,13.183333333333334,0.016666666666666666,31.482332468032837
5.2,92.15933333333334,13.05,0.0,62.82853150367737
5.3,89.51875,13.066666666666665,0.0,94.15483570098877
5.4,90.58533333333334,12.283333333333333,0.016666666666666666,125.491384267807
5.5,91.889,10.883333333333333,0.016666666666666666,156.77243566513062
5.6,88.68483333333333,16.516666666666666,0.0,188.12734961509705
5.7,88.73841666666667,15.866666666666667,0.0,219.7197299003601
5.8,89.23958333333333,14.416666666666666,0.0,251.1965048313141
5.9,90.15333333333334,13.283333333333333,0.016666666666666666,282.70634937286377
6.0,91.35016666666667,13.700000000000001,0.016666666666666666,313.5958516597748
6.1,92.95883333333333,11.966666666666667,0.016666666666666666,30.783308506011963
6.2,94.47991666666667,12.183333333333334,0.0,61.81943464279175
6.3,96.15883333333333,12.4,0.016666666666666666,93.16164350509644
6.4,99.30383333333333,10.883333333333333,0.0,124.22617769241333
6.5,101.6715,10.783333333333333,0.0,155.1208815574646
6.6,102.51091666666666,9.266666666666666,0.0,185.61942386627197
6.7,102.82841666666667,7.666666666666666,0.0,216.0264449119568
6.8,102.70041666666667,7.95,0.0,246.33553338050842
6.9,103.02025,7.683333333333334,0.016666666666666666,276.51798939704895
7.0,103.57208333333334,7.683333333333334,0.016666666666666666,306.7209196090698
7.1,104.29866666666666,7.6,0.0,30.105947256088257
7.2,105.24108333333334,7.1499999999999995,0.0,60.33364510536194
7.3,105.60958333333333,7.583333333333334,0.016666666666666666,90.44267058372498
7.4,106.25216666666667,7.283333333333333,0.0,120.47317361831665
7.5,108.34266666666667,7.766666666666666,0.0,150.20621252059937
7.6,108.66233333333334,8.916666666666668,0.0,179.67937183380127
7.7,109.45408333333333,9.4,0.0,209.08524322509766
7.8,111.22483333333334,10.766666666666666,0.0,238.25390315055847
7.9,111.24858333333333,10.549999999999999,0.0,267.34413599967957
8.0,111.48925,10.066666666666666,0.0,296.49120354652405
8.1,111.51433333333334,10.100000000000001,0.0,28.850014686584473
8.2,111.58158333333333,9.916666666666666,0.0,57.69131660461426
8.3,111.518,9.866666666666667,0.0,86.5546498298645
8.4,111.57225,9.983333333333333,0.0,115.17218351364136
8.5,111.58075,9.966666666666667,0.0,143.76318383216858
8.6,111.754,9.483333333333334,0.0,172.22903871536255
8.7,111.86433333333333,9.366666666666665,0.0,200.55164885520935
8.8,111.87533333333333,10.783333333333333,0.0,228.89571166038513
8.9,112.2835,10.516666666666667,0.0,256.89834570884705
9.0,113.15916666666666,10.066666666666666,0.0,284.4025094509125
9.1,113.27133333333333,10.116666666666667,0.0,26.989256858825684
9.2,113.3145,9.833333333333332,0.0,53.384161949157715
9.3,113.3755,9.516666666666666,0.0,79.49617743492126
9.4,115.84325,9.816666666666666,0.0,105.1221911907196
9.5,115.9955,9.950000000000001,0.0,130.56373000144958
9.6,115.9905,10.333333333333334,0.0,155.92074942588806
9.7,115.994,10.299999999999999,0.0,181.15499210357666
9.8,115.9925,9.65,0.0,206.09514832496643
9.9,115.99175,10.100000000000001,0.0,230.87326049804688
10.0,115.9945,10.466666666666667,0.0,255.4278564453125
