Epochs,Loss,Accuracy (%),Silent labels (%),Time (s)
0.1,67.12241666666667,44.516666666666666,12.133333333333333,30.508909940719604
0.2,65.93033333333334,41.06666666666667,10.166666666666666,60.98241996765137
0.3,67.41583333333334,41.03333333333333,10.05,91.58027052879333
0.4,67.79383333333334,42.3,10.15,122.42540454864502
0.5,67.87808333333334,43.65,10.25,153.09955954551697
0.6,67.95708333333333,46.38333333333333,9.816666666666666,183.51011490821838
0.7,68.09533333333333,45.53333333333333,9.983333333333333,214.20143365859985
0.8,69.26583333333333,44.733333333333334,9.8,245.08361101150513
0.9,70.71025,40.38333333333333,10.05,276.31597447395325
1.0,70.86791666666667,39.983333333333334,9.85,307.6151633262634
1.1,72.93416666666667,34.2,9.9,32.34119510650635
1.2,74.62433333333334,29.933333333333334,10.166666666666666,63.8644232749939
1.3,77.04233333333333,27.166666666666668,10.05,95.33266425132751
1.4,79.21533333333333,25.316666666666666,10.133333333333333,127.00647592544556
1.5,81.97966666666666,22.983333333333334,10.25,158.6260950565338
1.6,84.61991666666667,21.066666666666666,9.816666666666666,190.21253752708435
1.7,84.70291666666667,24.349999999999998,9.983333333333333,221.67990565299988
1.8,85.42691666666667,23.816666666666666,9.8,253.08012413978577
1.9,84.19083333333333,23.95,10.05,284.5361421108246
2.0,83.17108333333333,25.283333333333335,9.85,316.1328570842743
2.1,78.63866666666667,24.55,9.9,31.51122212409973
2.2,80.48441666666666,20.983333333333334,10.166666666666666,62.74349808692932
2.3,83.84391666666667,15.783333333333333,10.05,94.1090497970581
2.4,80.468,19.26666666666667,10.133333333333333,125.34361696243286
2.5,78.9495,19.25,10.25,156.5859889984131
2.6,80.65691666666666,17.849999999999998,9.816666666666666,187.7311339378357
2.7,82.18666666666667,16.55,9.983333333333333,219.17498970031738
2.8,85.33441666666667,15.783333333333333,9.8,250.96057081222534
2.9,88.28925,14.783333333333335,10.05,282.78503251075745
3.0,89.29991666666666,14.666666666666666,9.85,314.54478216171265
3.1,92.37233333333333,13.25,9.9,31.33038854598999
3.2,93.49508333333333,12.9,10.166666666666666,62.5488805770874
3.3,95.15333333333334,12.316666666666666,10.05,93.72292876243591
3.4,96.63433333333333,11.466666666666667,10.133333333333333,124.80456233024597
3.5,101.39358333333334,10.416666666666668,10.25,156.2184476852417
3.6,103.60591666666667,9.716666666666667,9.816666666666666,187.51100897789001
3.7,101.81491666666666,9.116666666666665,9.983333333333333,218.70009183883667
3.8,102.42741666666667,8.95,9.8,249.91792964935303
3.9,104.10908333333333,8.033333333333333,10.05,280.88083362579346
4.0,104.61308333333334,8.666666666666668,9.85,311.5387485027313
4.1,108.50891666666666,8.966666666666667,9.9,30.240492343902588
4.2,110.44075,8.0,10.166666666666666,60.28681945800781
4.3,110.71066666666667,7.983333333333334,10.05,90.25313568115234
4.4,110.831,8.966666666666667,10.133333333333333,119.98263382911682
4.5,111.19933333333333,8.066666666666666,10.25,149.56697368621826
4.6,112.2605,8.799999999999999,9.816666666666666,179.2147138118744
4.7,112.869,9.25,9.983333333333333,208.65030574798584
4.8,112.57358333333333,10.766666666666666,9.8,237.72822737693787
4.9,114.92441666666667,10.433333333333334,10.05,266.40967082977295
5.0,115.58175,10.05,9.85,294.9764654636383
5.1,115.56366666666666,10.15,9.9,28.31546974182129
5.2,115.95975,9.883333333333333,10.166666666666666,56.31086564064026
5.3,116.14683333333333,9.883333333333333,10.05,83.9792582988739
5.4,116.82058333333333,9.950000000000001,10.133333333333333,111.07956171035767
5.5,117.01483333333333,9.966666666666667,10.25,137.72322034835815
5.6,117.02558333333333,9.483333333333334,9.816666666666666,164.0213987827301
5.7,118.05175,9.85,9.983333333333333,189.89230799674988
5.8,119.65275,9.716666666666667,9.8,215.2158968448639
5.9,119.6955,10.083333333333332,10.05,240.15764164924622
6.0,119.661,10.516666666666667,9.85,264.81623244285583
6.1,119.6765,9.333333333333334,9.9,24.36546516418457
6.2,119.702,9.366666666666665,10.166666666666666,48.580514430999756
6.3,119.69775,10.35,10.05,72.69236826896667
6.4,119.70975,10.05,10.133333333333333,96.72186017036438
6.5,119.72825,9.950000000000001,10.25,120.97858119010925
6.6,119.673,10.366666666666667,9.816666666666666,145.0438871383667
6.7,119.696,10.299999999999999,9.983333333333333,169.0860686302185
6.8,119.674,9.65,9.8,193.0939178466797
6.9,119.6915,10.100000000000001,10.05,217.27798891067505
7.0,119.677,10.5,9.85,241.29635405540466
7.1,119.68625,9.333333333333334,9.9,23.494901180267334
7.2,119.711,9.366666666666665,10.166666666666666,47.095247983932495
7.3,119.69775,10.366666666666667,10.05,70.67089414596558
7.4,119.7155,10.066666666666666,10.133333333333333,94.25920557975769
7.5,119.72775,9.950000000000001,10.25,117.83055520057678
7.6,119.67425,10.366666666666667,9.816666666666666,141.29045152664185
7.7,119.6895,10.299999999999999,9.983333333333333,164.87655520439148
7.8,119.6755,9.633333333333335,9.8,188.51272869110107
7.9,119.70225,10.100000000000001,10.05,212.50001883506775
8.0,119.682,10.5,9.85,236.48731684684753
8.1,119.6835,9.333333333333334,9.9,23.852323055267334
8.2,119.70925,9.366666666666665,10.166666666666666,47.796350717544556
8.3,119.701,10.366666666666667,10.05,71.6852457523346
8.4,119.71125,10.066666666666666,10.133333333333333,95.51782321929932
8.5,119.72875,9.950000000000001,10.25,119.38073229789734
8.6,119.6775,10.366666666666667,9.816666666666666,143.46885991096497
8.7,119.696,10.299999999999999,9.983333333333333,168.10838174819946
8.8,119.66625,9.65,9.8,191.9335105419159
8.9,119.70375,10.100000000000001,10.05,215.62203526496887
9.0,119.67775,10.5,9.85,239.20100951194763
9.1,119.6815,9.35,9.9,23.59672522544861
9.2,119.7155,9.366666666666665,10.166666666666666,47.30489945411682
9.3,119.706,10.366666666666667,10.05,70.92046332359314
9.4,119.70775,10.066666666666666,10.133333333333333,94.55383896827698
9.5,119.7215,9.933333333333334,10.25,118.12127113342285
9.6,119.67275,10.366666666666667,9.816666666666666,141.6636974811554
9.7,119.68825,10.299999999999999,9.983333333333333,165.19389724731445
9.8,119.676,9.65,9.8,188.72365593910217
9.9,119.701,10.100000000000001,10.05,212.22126007080078
10.0,119.6805,10.5,9.85,235.78969931602478
