Epochs,Loss,Accuracy (%),Silent labels (%),Time (s)
0.1,54.06366666666667,60.016666666666666,15.1,21.60265326499939
0.2,40.060916666666664,70.55,10.166666666666666,42.94865894317627
0.3,37.81191666666667,72.51666666666667,10.05,64.6004090309143
0.4,36.7805,73.41666666666666,10.133333333333333,86.26921033859253
0.5,35.90508333333333,74.25,10.25,108.04235553741455
0.6,33.916916666666665,75.63333333333333,9.816666666666666,129.64110040664673
0.7,34.394,75.44999999999999,9.983333333333333,151.30239129066467
0.8,34.29,75.08333333333333,9.8,172.91058444976807
0.9,33.440416666666664,76.01666666666667,10.05,194.46501350402832
1.0,33.31791666666667,75.88333333333334,9.85,216.20990347862244
1.1,32.64116666666666,76.66666666666667,9.9,21.698509216308594
1.2,32.76441666666667,76.51666666666667,10.166666666666666,43.28698015213013
1.3,33.31225,75.88333333333334,10.05,64.86762571334839
1.4,32.969166666666666,76.61666666666666,10.133333333333333,86.42029047012329
1.5,32.8,77.08333333333334,10.25,107.90218615531921
1.6,32.0405,77.91666666666667,9.816666666666666,129.28076362609863
1.7,32.32991666666667,77.58333333333334,9.983333333333333,150.68815565109253
1.8,32.75183333333333,77.03333333333333,9.8,172.16304969787598
1.9,32.57775,77.53333333333333,10.05,193.69224309921265
2.0,32.309,77.36666666666666,9.85,215.16182112693787
2.1,32.139833333333335,77.55,9.9,21.34046745300293
2.2,32.25866666666667,77.95,10.166666666666666,43.08983778953552
2.3,32.72833333333333,76.7,10.05,64.54342842102051
2.4,32.22666666666667,77.8,10.133333333333333,85.87340712547302
2.5,32.230916666666666,77.7,10.25,107.34864091873169
2.6,31.414166666666667,78.45,9.816666666666666,128.64532256126404
2.7,31.75525,78.48333333333333,9.983333333333333,149.93068170547485
2.8,31.9055,78.08333333333334,9.8,172.6367847919464
2.9,32.35841666666666,77.96666666666667,10.05,193.9024043083191
3.0,31.716166666666666,78.16666666666666,9.85,215.19169163703918
3.1,32.04483333333334,77.46666666666667,9.9,21.264270782470703
3.2,31.655583333333333,78.56666666666666,10.166666666666666,42.31483697891235
3.3,32.00366666666667,77.25,10.05,63.47415852546692
3.4,31.5715,78.63333333333333,10.133333333333333,84.74358820915222
3.5,31.575916666666668,78.7,10.25,106.01069736480713
3.6,30.515083333333333,79.43333333333334,9.816666666666666,127.2346510887146
3.7,31.056083333333333,79.0,9.983333333333333,148.50051474571228
3.8,31.3685,78.4,9.8,169.67419600486755
3.9,30.985083333333332,79.08333333333334,10.05,190.88573932647705
4.0,31.06275,78.78333333333333,9.85,212.08419942855835
4.1,30.522583333333333,79.06666666666666,9.9,21.287611484527588
4.2,30.979,78.93333333333334,10.166666666666666,42.55165886878967
4.3,31.309416666666667,78.25,10.05,63.92693018913269
4.4,30.704416666666667,78.9,10.133333333333333,85.25668168067932
4.5,30.562416666666667,79.10000000000001,10.25,106.62421560287476
4.6,30.010916666666667,79.33333333333333,9.816666666666666,127.85433506965637
4.7,30.322166666666668,79.4,9.983333333333333,149.2713222503662
4.8,30.252583333333334,79.10000000000001,9.8,170.61129641532898
4.9,30.872083333333332,78.81666666666666,10.05,192.02789402008057
5.0,30.414083333333334,79.53333333333333,9.85,213.33421850204468
5.1,29.884833333333333,79.18333333333332,9.9,21.341171503067017
5.2,29.96875,79.55,10.166666666666666,42.57600927352905
5.3,30.75475,78.48333333333333,10.05,63.889973163604736
5.4,30.468333333333334,78.9,10.133333333333333,85.2652370929718
5.5,30.062083333333334,79.55,10.25,106.55990624427795
5.6,29.614416666666667,79.80000000000001,9.816666666666666,127.92156767845154
5.7,29.8165,79.93333333333334,9.983333333333333,149.3369505405426
5.8,29.901833333333332,79.25,9.8,170.89519834518433
5.9,29.95175,79.51666666666667,10.05,192.20677423477173
6.0,29.977,79.25,9.85,213.69429349899292
6.1,29.676416666666668,79.65,9.9,21.287293910980225
6.2,29.49775,79.76666666666667,10.166666666666666,42.51618003845215
6.3,30.271333333333335,78.61666666666667,10.033333333333333,63.747539043426514
6.4,29.699083333333334,79.86666666666666,10.133333333333333,84.97325563430786
6.5,18.136416666666666,88.06666666666668,1.0333333333333332,106.13876295089722
6.6,15.78625,89.33333333333333,0.0,127.32657313346863
6.7,15.603166666666667,89.36666666666667,0.0,148.57166600227356
6.8,15.567666666666666,89.05,0.0,169.62758350372314
6.9,15.692083333333333,89.1,0.0,191.02518510818481
7.0,15.722833333333334,88.9,0.0,212.3736481666565
7.1,15.283166666666666,89.08333333333334,0.0,21.271649599075317
7.2,14.851916666666666,89.60000000000001,0.0,42.44643759727478
7.3,15.632,88.64999999999999,0.0,63.51223278045654
7.4,15.379333333333333,89.26666666666667,0.0,84.70180487632751
7.5,14.918333333333333,89.78333333333333,0.0,105.78884243965149
7.6,14.615333333333334,90.10000000000001,0.0,126.88221502304077
7.7,14.899833333333333,89.61666666666666,0.0,148.03315544128418
7.8,14.506,89.46666666666667,0.0,169.22573351860046
7.9,14.86825,89.76666666666667,0.0,190.34956979751587
8.0,15.056916666666666,89.01666666666667,0.016666666666666666,211.47131085395813
8.1,14.434333333333333,89.71666666666667,0.0,21.029101371765137
8.2,14.322416666666667,90.06666666666666,0.0,42.084163665771484
8.3,15.033583333333333,88.9,0.0,63.166972398757935
8.4,14.268166666666668,89.85,0.0,84.05400037765503
8.5,14.386166666666666,90.0,0.0,105.19159603118896
8.6,14.353916666666667,90.03333333333333,0.0,126.27394413948059
8.7,14.396833333333333,89.75,0.0,147.29490542411804
8.8,14.341666666666667,89.98333333333333,0.0,168.40211749076843
8.9,14.616416666666666,89.81666666666666,0.0,189.5101773738861
9.0,14.942416666666666,89.33333333333333,0.0,210.63248372077942
9.1,14.463833333333334,89.58333333333334,0.0,21.101423978805542
9.2,13.98,90.21666666666667,0.0,42.307910203933716
9.3,14.640416666666667,89.66666666666666,0.016666666666666666,63.4848256111145
9.4,13.940583333333333,90.31666666666666,0.0,84.51687550544739
9.5,13.916083333333333,90.28333333333333,0.0,105.52383852005005
9.6,13.817916666666667,90.85,0.0,126.6785569190979
9.7,13.914083333333334,90.55,0.0,147.75638914108276
9.8,13.805833333333334,90.21666666666667,0.0,168.82041788101196
9.9,14.259416666666667,90.21666666666667,0.0,189.8545367717743
10.0,14.35225,89.64999999999999,0.0,210.9724247455597
