Epochs,Loss,Accuracy (%),Silent labels (%),Time (s)
0.1,58.618,57.58333333333333,13.016666666666667,30.77865695953369
0.2,55.931916666666666,56.99999999999999,10.183333333333334,62.09665608406067
0.3,56.238083333333336,58.833333333333336,10.05,93.73600149154663
0.4,55.63791666666667,60.43333333333333,10.15,125.43287396430969
0.5,56.32575,61.133333333333326,10.25,157.25142121315002
0.6,56.19975,63.083333333333336,9.816666666666666,189.19625759124756
0.7,58.022166666666664,61.016666666666666,9.983333333333333,221.29960227012634
0.8,59.40525,61.050000000000004,9.8,253.4485900402069
0.9,49.06625,64.3,1.0166666666666666,285.6203815937042
1.0,50.05608333333333,63.11666666666667,0.0,317.64684295654297
1.1,50.57941666666667,64.33333333333333,0.0,32.10376000404358
1.2,50.45291666666667,63.13333333333333,0.0,64.11124324798584
1.3,51.933166666666665,61.133333333333326,0.0,96.69620656967163
1.4,52.22375,59.01666666666666,0.0,128.4655783176422
1.5,52.91375,55.900000000000006,0.0,160.56291389465332
1.6,55.74025,50.7,0.0,192.69216513633728
1.7,56.686416666666666,48.18333333333334,0.0,224.8184359073639
1.8,58.27325,43.61666666666667,0.0,257.2348577976227
1.9,60.025666666666666,42.333333333333336,0.0,289.5524880886078
2.0,61.36866666666667,41.41666666666667,0.0,322.0976371765137
2.1,62.366166666666665,40.35,0.0,32.235267639160156
2.2,62.08866666666667,42.53333333333333,0.0,64.20625591278076
2.3,62.82791666666667,44.083333333333336,0.0,96.2331371307373
2.4,63.86975,43.983333333333334,0.0,128.16652369499207
2.5,65.7935,44.46666666666667,0.016666666666666666,160.23425388336182
2.6,69.64316666666667,39.666666666666664,0.0,192.12698221206665
2.7,70.57683333333334,37.61666666666667,0.0,224.25796747207642
2.8,71.02091666666666,35.43333333333333,0.0,256.57972502708435
2.9,68.13375,41.91666666666667,0.0,288.66075706481934
3.0,63.53933333333333,46.45,0.0,320.7347388267517
3.1,63.659083333333335,44.05,0.0,31.951585054397583
3.2,63.746916666666664,38.56666666666666,0.0,63.92545199394226
3.3,63.795833333333334,37.85,0.0,95.89461970329285
3.4,65.64733333333334,33.13333333333333,0.0,127.94441199302673
3.5,65.97283333333333,32.18333333333334,0.0,160.16346621513367
3.6,68.11883333333333,29.283333333333335,0.0,191.95437455177307
3.7,65.91241666666667,30.366666666666664,0.0,224.02919268608093
3.8,66.41275,28.583333333333332,0.0,256.03851222991943
3.9,67.42725,26.633333333333333,0.0,288.08062052726746
4.0,69.01658333333333,21.916666666666668,0.0,320.10968470573425
4.1,69.76833333333333,21.45,0.0,32.09837532043457
4.2,71.82825,20.416666666666668,0.0,64.60862827301025
4.3,72.75033333333333,20.583333333333336,0.0,97.14174556732178
4.4,74.78608333333334,19.066666666666666,0.0,129.43474006652832
4.5,76.36191666666667,20.983333333333334,0.0,161.80053997039795
4.6,73.01233333333333,25.1,0.0,193.96809196472168
4.7,71.37366666666667,28.499999999999996,0.0,226.2399137020111
4.8,71.16983333333333,27.950000000000003,0.0,258.45569133758545
4.9,71.72075,27.48333333333333,0.0,290.59200501441956
5.0,72.04,27.383333333333333,0.0,322.6854112148285
5.1,72.55033333333333,26.35,0.0,32.844573974609375
5.2,72.49333333333334,26.816666666666666,0.0,64.83613801002502
5.3,73.62983333333334,25.8,0.0,96.88683104515076
5.4,74.054,26.0,0.0,128.4827938079834
5.5,73.74441666666667,26.28333333333333,0.0,160.07573795318604
5.6,71.173,29.03333333333333,0.0,191.60915803909302
5.7,70.47291666666666,30.349999999999998,0.0,222.97690749168396
5.8,70.78191666666666,28.483333333333334,0.0,254.48402643203735
5.9,71.45108333333333,27.96666666666667,0.0,285.9778423309326
6.0,71.88275,28.616666666666667,0.0,317.52338337898254
6.1,73.02416666666667,25.95,0.0,31.755507230758667
6.2,73.01666666666667,26.0,0.0,63.51199746131897
6.3,74.21783333333333,27.366666666666667,0.0,95.32914352416992
6.4,76.8115,27.083333333333332,0.0,127.21051478385925
6.5,77.47741666666667,26.8,0.0,159.26938700675964
6.6,77.83625,24.96666666666667,0.0,191.14477729797363
6.7,75.0305,26.43333333333333,0.0,222.72070932388306
6.8,74.94366666666667,25.5,0.0,254.20314812660217
6.9,75.01308333333333,26.316666666666666,0.0,285.82398533821106
7.0,74.71958333333333,25.516666666666666,0.016666666666666666,317.36845660209656
7.1,76.11616666666667,24.5,0.016666666666666666,31.534247159957886
7.2,75.87608333333333,23.95,0.0,63.21402025222778
7.3,76.31616666666666,25.283333333333335,0.0,95.14761209487915
7.4,77.25441666666667,22.85,0.0,126.95728731155396
7.5,77.54308333333333,22.716666666666665,0.0,158.73087620735168
7.6,79.08741666666667,22.183333333333334,0.0,190.4387514591217
7.7,80.84491666666666,23.283333333333335,0.016666666666666666,222.10293626785278
7.8,81.26658333333333,22.316666666666666,0.0,253.6538746356964
7.9,81.82,22.566666666666666,0.016666666666666666,285.2813558578491
8.0,82.34733333333334,21.65,0.03333333333333333,316.65002274513245
8.1,83.873,20.933333333333334,0.016666666666666666,31.05202007293701
8.2,86.31741666666667,21.766666666666666,0.0,62.048996686935425
8.3,86.55141666666667,22.166666666666668,0.0,93.16680836677551
8.4,87.23483333333333,22.066666666666666,0.016666666666666666,124.29175639152527
8.5,84.31658333333333,22.983333333333334,0.016666666666666666,155.2827696800232
8.6,84.28675,18.4,0.0,186.37092566490173
8.7,83.45833333333333,21.133333333333333,0.016666666666666666,217.7464611530304
8.8,83.92533333333333,20.4,0.0,249.29249715805054
8.9,86.32425,20.233333333333334,0.0,280.30170011520386
9.0,84.02366666666667,20.583333333333336,0.03333333333333333,311.44792461395264
9.1,84.162,20.283333333333335,0.016666666666666666,30.824311017990112
9.2,83.02583333333334,21.066666666666666,0.0,61.64674234390259
9.3,83.19625,22.3,0.0,92.6792643070221
9.4,83.37833333333333,20.96666666666667,0.0,124.02970314025879
9.5,83.19125,20.416666666666668,0.016666666666666666,155.35051679611206
9.6,84.40591666666667,19.083333333333332,0.016666666666666666,186.66390562057495
9.7,83.47825,20.916666666666668,0.03333333333333333,218.0360198020935
9.8,83.60441666666667,19.833333333333332,0.0,249.37562489509583
9.9,84.55075,18.833333333333332,0.0,280.6045742034912
10.0,84.26558333333334,19.983333333333334,0.016666666666666666,311.7942056655884
