Epochs,Loss,Accuracy (%),Silent labels (%),Time (s)
0.1,55.3735,59.516666666666666,16.3,24.431273698806763
0.2,39.9075,70.68333333333334,10.166666666666666,47.58861041069031
0.3,37.855333333333334,72.58333333333333,10.05,71.35436129570007
0.4,36.86141666666666,73.01666666666667,10.133333333333333,94.017258644104
0.5,36.01233333333333,74.35000000000001,10.25,117.51155734062195
0.6,34.111916666666666,75.46666666666667,9.816666666666666,142.13563323020935
0.7,34.00483333333333,75.68333333333334,10.0,166.29409980773926
0.8,33.92933333333333,75.18333333333334,9.8,188.85704231262207
0.9,33.48325,75.5,10.05,211.65588235855103
1.0,32.88375,75.51666666666667,9.85,234.33723092079163
1.1,32.292833333333334,76.08333333333334,9.9,23.771080255508423
1.2,32.571666666666665,76.35,10.166666666666666,46.57377862930298
1.3,32.67183333333333,75.66666666666667,10.066666666666666,68.6035885810852
1.4,32.10208333333333,76.68333333333334,10.133333333333333,91.01458859443665
1.5,32.025666666666666,76.81666666666666,10.266666666666667,114.09214234352112
1.6,31.041416666666667,77.64999999999999,9.816666666666666,137.2881863117218
1.7,31.371416666666665,77.21666666666667,9.983333333333333,160.63724899291992
1.8,31.516083333333334,76.8,9.816666666666666,184.46539115905762
1.9,31.6665,77.03333333333333,10.05,208.37732124328613
2.0,31.194166666666668,77.2,9.85,233.31421780586243
2.1,30.54075,77.5,9.9,24.46800398826599
2.2,30.7485,77.93333333333334,10.166666666666666,47.32085847854614
2.3,31.140916666666666,76.95,10.05,70.41247773170471
2.4,30.828666666666667,77.73333333333333,10.133333333333333,93.32755446434021
2.5,30.742916666666666,77.85,10.25,116.37483501434326
2.6,30.430333333333333,78.21666666666667,9.816666666666666,140.88962292671204
2.7,30.44125,77.78333333333333,9.983333333333333,165.13823771476746
2.8,30.367333333333335,77.78333333333333,9.8,188.8790934085846
2.9,30.418833333333332,77.85,10.05,212.14292812347412
3.0,30.1395,78.21666666666667,9.85,235.9725785255432
3.1,29.48475,77.93333333333334,9.9,23.81637930870056
3.2,29.87675,78.46666666666667,10.166666666666666,48.222737312316895
3.3,30.343583333333335,77.64999999999999,10.05,72.90485453605652
3.4,29.638916666666667,78.66666666666666,10.15,98.75093626976013
3.5,29.86925,78.38333333333334,10.25,122.8456621170044
3.6,29.146416666666667,79.21666666666667,9.816666666666666,146.90616273880005
3.7,29.481083333333334,78.98333333333333,9.983333333333333,170.28083753585815
3.8,29.404333333333334,78.56666666666666,9.8,194.82298803329468
3.9,29.75175,78.5,10.05,217.9618592262268
4.0,29.629416666666668,78.68333333333334,9.85,243.44855546951294
4.1,29.121333333333332,79.05,9.9,24.041745901107788
4.2,29.46225,79.06666666666666,10.166666666666666,46.804747581481934
4.3,29.722166666666666,78.3,10.05,70.60792303085327
4.4,29.182833333333335,78.93333333333334,10.133333333333333,93.12981176376343
4.5,29.270833333333332,78.83333333333333,10.25,116.47744512557983
4.6,28.66,79.55,9.816666666666666,139.75940561294556
4.7,28.850916666666667,79.33333333333333,9.983333333333333,162.75836372375488
4.8,28.857916666666668,78.93333333333334,9.8,186.69850039482117
4.9,28.891333333333332,79.33333333333333,10.05,210.4122416973114
5.0,29.036833333333334,79.31666666666666,9.85,233.38926196098328
5.1,28.666166666666665,78.88333333333334,9.9,23.881760120391846
5.2,28.825416666666666,79.51666666666667,10.166666666666666,47.02879071235657
5.3,29.231583333333333,78.5,10.05,70.46972751617432
5.4,28.543916666666668,79.60000000000001,10.133333333333333,93.68328261375427
5.5,28.80216666666667,79.66666666666666,10.25,117.29357695579529
5.6,28.257916666666667,80.10000000000001,9.816666666666666,141.10280060768127
5.7,28.543666666666667,79.61666666666667,9.983333333333333,165.3812267780304
5.8,29.014666666666667,79.14999999999999,9.8,187.62857794761658
5.9,28.521083333333333,79.63333333333334,10.05,210.92279171943665
6.0,28.72025,79.41666666666667,9.85,234.21666836738586
6.1,28.263916666666667,79.23333333333333,9.9,22.715564966201782
6.2,28.343666666666667,79.93333333333334,10.166666666666666,45.877631187438965
6.3,28.8885,78.83333333333333,10.05,69.98753762245178
6.4,28.375916666666665,79.83333333333333,10.133333333333333,93.00893592834473
6.5,28.505083333333335,79.68333333333332,10.25,115.60883092880249
6.6,27.972,80.28333333333333,9.816666666666666,138.4003918170929
6.7,28.39525,79.91666666666667,9.983333333333333,161.67627835273743
6.8,28.178,79.80000000000001,9.816666666666666,184.9350185394287
6.9,28.6175,79.81666666666666,10.05,208.70144200325012
7.0,28.502833333333335,79.55,9.85,232.01185965538025
7.1,27.97925,79.63333333333334,9.9,22.28492522239685
7.2,28.1,80.18333333333332,10.166666666666666,45.64508819580078
7.3,28.65825,79.10000000000001,10.05,68.22754096984863
7.4,27.933666666666667,80.25,10.133333333333333,89.43966436386108
7.5,28.053583333333332,80.05,10.25,110.53085207939148
7.6,27.698166666666665,80.68333333333332,9.816666666666666,131.71401166915894
7.7,27.873916666666666,80.35,9.983333333333333,152.674560546875
7.8,27.803166666666666,80.15,9.8,173.6647264957428
7.9,27.814333333333334,80.55,10.05,194.72934222221375
8.0,27.92866666666667,80.15,9.85,215.6793291568756
8.1,27.67075,80.10000000000001,9.9,21.10854458808899
8.2,27.935583333333334,80.35,10.166666666666666,42.32204079627991
8.3,28.286666666666665,79.46666666666667,10.05,63.35874915122986
8.4,27.687416666666667,80.53333333333333,10.133333333333333,85.15765261650085
8.5,27.975833333333334,79.9,10.25,107.51509165763855
8.6,27.234333333333332,81.06666666666666,9.816666666666666,128.6708812713623
8.7,27.567333333333334,80.71666666666667,9.983333333333333,149.87242221832275
8.8,27.496666666666666,80.5,9.8,170.91874861717224
8.9,27.717416666666665,80.48333333333333,10.05,192.0118327140808
9.0,27.749916666666667,80.23333333333333,9.85,212.88969922065735
9.1,27.27325,80.45,9.9,20.911646604537964
9.2,27.348583333333334,80.85,10.166666666666666,41.94698643684387
9.3,28.052333333333333,79.83333333333333,10.05,62.93792200088501
9.4,27.401416666666666,80.75,10.133333333333333,83.88179540634155
9.5,27.6995,80.60000000000001,10.25,104.87056040763855
9.6,27.129583333333333,81.13333333333334,9.816666666666666,125.84908366203308
9.7,27.400166666666667,80.78333333333333,9.983333333333333,146.72417831420898
9.8,23.21125,83.81666666666666,6.2,167.70094990730286
9.9,13.876416666666668,90.08333333333334,0.0,188.60797810554504
10.0,13.940583333333333,89.53333333333333,0.0,209.62833952903748
