Epochs,Loss,Accuracy (%),Silent labels (%),Time (s)
0.1,51.496833333333335,62.0,13.233333333333333,24.56441831588745
0.2,40.17641666666667,70.1,10.183333333333334,48.92367148399353
0.3,38.28991666666667,72.01666666666667,10.05,72.8234395980835
0.4,37.05433333333333,72.93333333333332,10.133333333333333,97.68343830108643
0.5,36.317083333333336,73.85000000000001,10.25,122.11420392990112
0.6,34.68125,75.46666666666667,9.816666666666666,146.4931652545929
0.7,34.694,75.66666666666667,9.983333333333333,171.164968252182
0.8,34.77883333333333,75.0,9.8,195.78091764450073
0.9,34.16866666666667,75.85,10.05,221.02786684036255
1.0,34.2845,75.63333333333333,9.85,245.7786989212036
1.1,33.64325,76.36666666666667,9.9,23.939962148666382
1.2,34.049166666666665,76.81666666666666,10.166666666666666,48.47767376899719
1.3,34.06425,75.93333333333334,10.05,72.739914894104
1.4,33.624583333333334,76.58333333333334,10.133333333333333,96.5509946346283
1.5,33.543416666666666,77.08333333333334,10.25,120.52929949760437
1.6,32.677166666666665,77.60000000000001,9.816666666666666,144.74987816810608
1.7,32.85575,77.71666666666667,9.983333333333333,168.72928142547607
1.8,32.90125,77.0,9.8,193.44577598571777
1.9,32.92508333333333,77.33333333333333,10.05,218.392840385437
2.0,32.312416666666664,77.41666666666667,9.85,242.44658613204956
2.1,32.24516666666667,77.41666666666667,9.9,25.381810426712036
2.2,32.202666666666666,77.75,10.166666666666666,49.241048097610474
2.3,32.95641666666667,77.03333333333333,10.05,73.78293681144714
2.4,32.11966666666667,77.60000000000001,10.133333333333333,97.93302869796753
2.5,32.04683333333333,77.53333333333333,10.25,123.91145348548889
2.6,31.21075,78.55,9.816666666666666,148.9889521598816
2.7,31.434416666666667,78.5,9.983333333333333,173.200670003891
2.8,31.72533333333333,78.01666666666667,9.8,198.16008925437927
2.9,31.648083333333332,78.05,10.05,222.00867009162903
3.0,31.632,77.98333333333333,9.85,247.64568638801575
3.1,31.167416666666668,78.14999999999999,9.9,23.405917644500732
3.2,31.427,78.36666666666666,10.166666666666666,47.52653765678406
3.3,32.12133333333333,77.35,10.05,71.42630672454834
3.4,31.343416666666666,78.13333333333333,10.133333333333333,96.46896982192993
3.5,31.546083333333332,78.21666666666667,10.25,120.32983422279358
3.6,30.857416666666666,79.03333333333333,9.816666666666666,145.36179661750793
3.7,30.872166666666665,79.11666666666667,9.983333333333333,169.50477027893066
3.8,31.258666666666667,78.26666666666667,9.8,193.32031846046448
3.9,31.422833333333333,78.64999999999999,10.05,218.2030975818634
4.0,31.288416666666667,78.36666666666666,9.85,242.86998844146729
4.1,30.66175,78.43333333333334,9.9,24.408851385116577
4.2,30.754083333333334,78.85,10.166666666666666,48.09751582145691
4.3,31.184,78.10000000000001,10.05,71.01200199127197
4.4,30.756666666666668,78.76666666666667,10.133333333333333,94.56358647346497
4.5,30.82725,78.78333333333333,10.25,117.95145463943481
4.6,30.154166666666665,79.43333333333334,9.816666666666666,142.7595555782318
4.7,30.248083333333334,78.9,9.983333333333333,167.2654049396515
4.8,30.61625,78.95,9.8,192.8185751438141
4.9,30.621583333333334,78.98333333333333,10.05,218.1722252368927
5.0,30.501416666666668,78.91666666666667,9.85,240.3772690296173
5.1,30.035416666666666,78.88333333333334,9.9,24.384727001190186
5.2,30.461,79.46666666666667,10.166666666666666,47.75399827957153
5.3,31.856083333333334,77.46666666666667,10.05,70.83093810081482
5.4,31.07,78.36666666666666,10.133333333333333,95.63511991500854
5.5,30.395416666666666,79.08333333333334,10.25,119.71511769294739
5.6,29.80775,79.93333333333334,9.816666666666666,145.09675574302673
5.7,30.097333333333335,79.63333333333334,9.983333333333333,170.00288915634155
5.8,30.200833333333332,79.4,9.8,193.2876091003418
5.9,30.2795,79.33333333333333,10.05,218.59833192825317
6.0,30.489333333333335,79.16666666666666,9.85,243.42447662353516
6.1,22.70975,84.05,4.15,23.678190231323242
6.2,16.869416666666666,88.35,0.0,46.95695614814758
6.3,17.061333333333334,87.66666666666667,0.0,71.0358715057373
6.4,15.871333333333334,88.9,0.0,94.31815338134766
6.5,16.19408333333333,88.9,0.0,118.2904155254364
6.6,16.05291666666667,89.45,0.0,141.22428441047668
6.7,15.785416666666666,89.1,0.0,164.1389012336731
6.8,16.428166666666666,88.44999999999999,0.0,187.11914324760437
6.9,16.252666666666666,88.81666666666666,0.0,212.29528284072876
7.0,16.448166666666665,88.33333333333333,0.0,235.78681564331055
7.1,15.795416666666666,88.66666666666667,0.0,24.479548454284668
7.2,15.869916666666667,89.23333333333333,0.0,48.622549295425415
7.3,16.843083333333333,88.3,0.0,72.74606966972351
7.4,17.034166666666668,89.13333333333333,0.0,96.21496963500977
7.5,17.0625,89.18333333333334,0.0,119.6218376159668
7.6,17.263083333333334,89.46666666666667,0.0,144.44523072242737
7.7,17.445416666666667,89.23333333333333,0.0,168.36211705207825
7.8,18.024333333333335,89.13333333333333,0.0,192.317538022995
7.9,18.656833333333335,88.98333333333333,0.0,217.24004411697388
8.0,19.325,88.16666666666667,0.0,241.72643899917603
8.1,18.990666666666666,88.68333333333334,0.0,22.677942276000977
8.2,18.731666666666666,88.91666666666667,0.0,45.5210497379303
8.3,19.979416666666665,87.81666666666666,0.0,68.20459651947021
8.4,19.286583333333333,88.88333333333334,0.0,90.99542379379272
8.5,19.22833333333333,88.88333333333334,0.016666666666666666,113.65761590003967
8.6,19.814333333333334,89.2,0.0,136.6832046508789
8.7,19.750166666666665,88.58333333333334,0.0,161.10805010795593
8.8,20.25375,88.71666666666667,0.0,184.04023790359497
8.9,20.60975,88.75,0.0,208.1911015510559
9.0,20.6725,87.94999999999999,0.0,232.40028429031372
9.1,20.7455,88.51666666666667,0.0,23.613812923431396
9.2,20.039666666666665,89.13333333333333,0.0,46.62897610664368
9.3,21.308666666666667,87.63333333333333,0.0,71.63989806175232
9.4,19.984916666666667,89.36666666666667,0.0,96.16706132888794
9.5,19.988333333333333,88.73333333333333,0.0,120.20768451690674
9.6,20.268666666666668,88.4,0.0,143.65284419059753
9.7,19.88175,88.83333333333333,0.0,166.8720302581787
9.8,20.72725,88.18333333333334,0.0,189.28826117515564
9.9,20.994416666666666,88.11666666666666,0.0,212.51793813705444
10.0,20.63825,88.33333333333333,0.0,235.9579885005951
