Epochs,Loss,Accuracy (%),Silent labels (%),Time (s)
0.1,54.17225,60.099999999999994,15.266666666666667,25.280436277389526
0.2,40.03608333333333,70.56666666666666,10.166666666666666,49.298404693603516
0.3,37.65125,72.7,10.05,72.50328469276428
0.4,36.82025,72.86666666666667,10.133333333333333,96.58792114257812
0.5,35.55408333333333,74.36666666666667,10.25,119.9332389831543
0.6,34.053916666666666,75.81666666666666,9.816666666666666,143.66971492767334
0.7,33.75375,75.94999999999999,9.983333333333333,170.19587898254395
0.8,33.96966666666667,74.7,9.8,193.69985604286194
0.9,33.35375,75.41666666666667,10.05,217.86808562278748
1.0,32.80141666666667,75.73333333333333,9.85,241.82825708389282
1.1,32.22541666666667,76.11666666666666,9.9,23.65289878845215
1.2,32.463,76.28333333333333,10.166666666666666,48.21949577331543
1.3,32.786,75.73333333333333,10.05,73.06120467185974
1.4,32.85525,76.18333333333334,10.133333333333333,97.38015365600586
1.5,32.11933333333333,76.95,10.25,120.24131107330322
1.6,31.410333333333334,77.66666666666666,9.816666666666666,143.9922616481781
1.7,31.400833333333335,77.63333333333333,9.983333333333333,167.50125670433044
1.8,31.370083333333334,76.88333333333334,9.8,192.23889875411987
1.9,31.31075,77.31666666666666,10.05,217.83151078224182
2.0,31.34425,77.13333333333333,9.85,242.30393528938293
2.1,30.825666666666667,77.4,9.9,24.810709953308105
2.2,30.611666666666668,77.91666666666667,10.166666666666666,48.969693660736084
2.3,31.36541666666667,76.66666666666667,10.05,72.2398293018341
2.4,31.254916666666666,77.45,10.133333333333333,96.70476341247559
2.5,30.596416666666666,78.06666666666666,10.25,120.62858819961548
2.6,29.98275,78.35,9.816666666666666,144.63956475257874
2.7,30.330416666666668,78.35,9.983333333333333,167.58353757858276
2.8,30.356333333333332,77.9,9.8,191.0151174068451
2.9,30.28875,77.76666666666667,10.05,214.0775580406189
3.0,30.391,77.68333333333334,9.85,236.87937808036804
3.1,29.733666666666668,78.3,9.9,23.332534313201904
3.2,29.902,78.51666666666667,10.166666666666666,47.1704306602478
3.3,30.427833333333332,77.48333333333333,10.05,70.5173659324646
3.4,30.13775,78.4,10.133333333333333,95.23300051689148
3.5,29.911083333333334,78.13333333333333,10.25,118.81863379478455
3.6,29.413083333333333,78.93333333333334,9.816666666666666,141.68059730529785
3.7,29.565583333333333,78.85,9.983333333333333,165.41348028182983
3.8,29.655166666666666,78.41666666666667,9.8,188.130131483078
3.9,29.637833333333333,78.58333333333334,10.05,211.64744305610657
4.0,29.430583333333335,78.68333333333334,9.866666666666667,234.5097222328186
4.1,28.927833333333332,78.71666666666667,9.9,25.216445207595825
4.2,29.060333333333332,79.06666666666666,10.166666666666666,48.937867879867554
4.3,29.6875,77.88333333333334,10.05,72.77740621566772
4.4,29.382833333333334,78.93333333333334,10.15,95.98390650749207
4.5,29.487083333333334,78.51666666666667,10.25,120.51440167427063
4.6,28.626083333333334,79.63333333333334,9.816666666666666,144.66713190078735
4.7,28.860916666666668,79.16666666666666,9.983333333333333,167.21182775497437
4.8,29.013416666666668,79.06666666666666,9.8,189.26190066337585
4.9,29.1625,78.8,10.05,211.51189160346985
5.0,29.271333333333335,78.93333333333334,9.85,234.631840467453
5.1,28.440583333333333,79.41666666666667,9.9,24.50221610069275
5.2,28.81825,79.38333333333333,10.166666666666666,48.232295513153076
5.3,29.530833333333334,78.16666666666666,10.05,71.35230612754822
5.4,28.739916666666666,79.3,10.133333333333333,94.98197984695435
5.5,28.90725,79.48333333333333,10.25,118.64404487609863
5.6,28.1995,79.95,9.816666666666666,142.9520082473755
5.7,28.50875,79.7,9.983333333333333,166.24360275268555
5.8,28.52325,79.41666666666667,9.8,189.2660777568817
5.9,28.550416666666667,79.36666666666666,10.05,213.48391819000244
6.0,28.617916666666666,79.11666666666667,9.85,238.00648617744446
6.1,28.166166666666665,79.56666666666666,9.9,24.52368187904358
6.2,28.354916666666668,79.86666666666666,10.166666666666666,48.005284786224365
6.3,29.057833333333335,78.55,10.05,71.98813557624817
6.4,28.348666666666666,79.93333333333334,10.133333333333333,95.98308610916138
6.5,28.460166666666666,79.7,10.266666666666667,119.27939796447754
6.6,28.023083333333332,80.21666666666667,9.833333333333332,142.8283531665802
6.7,28.311333333333334,79.91666666666667,9.983333333333333,166.86561918258667
6.8,28.018916666666666,79.86666666666666,9.8,189.55634260177612
6.9,28.53225,79.86666666666666,10.05,212.97297286987305
7.0,28.5995,79.33333333333333,9.85,237.1039698123932
7.1,27.89725,79.61666666666667,9.9,24.49395251274109
7.2,28.090416666666666,79.75,10.166666666666666,48.55602025985718
7.3,28.60925,79.11666666666667,10.05,71.9330222606659
7.4,28.02,80.16666666666666,10.133333333333333,94.65283679962158
7.5,28.233,79.7,10.25,119.70294499397278
7.6,27.543416666666666,80.48333333333333,9.816666666666666,144.32263350486755
7.7,27.906833333333335,80.01666666666667,9.983333333333333,167.90235710144043
7.8,27.694666666666667,80.36666666666666,9.8,191.5552294254303
7.9,28.17675,80.0,10.05,214.782555103302
8.0,28.22833333333333,79.43333333333334,9.85,237.48129963874817
8.1,27.460416666666667,80.21666666666667,9.9,23.586671829223633
8.2,27.891583333333333,80.38333333333333,10.166666666666666,46.66236758232117
8.3,28.412166666666668,79.45,10.05,69.26317930221558
8.4,27.789833333333334,80.65,10.133333333333333,92.25936245918274
8.5,27.7695,79.98333333333333,10.25,115.80422496795654
8.6,27.411833333333334,80.88333333333333,9.816666666666666,139.94773936271667
8.7,27.770583333333335,80.31666666666666,9.983333333333333,163.3900327682495
8.8,27.6165,80.36666666666666,9.8,187.8391489982605
8.9,27.7135,80.66666666666666,10.05,210.982572555542
9.0,27.7045,79.93333333333334,9.85,234.81099152565002
9.1,27.337583333333335,80.36666666666666,9.916666666666666,23.916436195373535
9.2,27.46975,80.53333333333333,10.166666666666666,46.754913091659546
9.3,27.95875,79.81666666666666,10.066666666666666,70.26802563667297
9.4,27.278333333333332,80.95,10.133333333333333,93.78264331817627
9.5,27.439833333333333,80.75,10.25,116.5395975112915
9.6,26.928416666666667,81.33333333333333,9.816666666666666,140.14183259010315
9.7,27.427583333333335,80.46666666666667,9.983333333333333,163.26151609420776
9.8,27.26325,80.7,9.8,186.9114055633545
9.9,27.587,80.61666666666667,10.05,211.3164439201355
10.0,27.282833333333333,80.28333333333333,9.85,234.29735779762268
