Epochs,Loss,Accuracy (%),Silent labels (%),Time (s)
0.1,55.60841666666666,59.71666666666666,14.683333333333334,21.648057222366333
0.2,47.58925,66.66666666666666,10.183333333333334,43.19849681854248
0.3,47.03825,68.2,10.05,65.00036072731018
0.4,45.81791666666667,69.55,10.15,86.70459961891174
0.5,45.00525,70.91666666666666,10.25,108.46278858184814
0.6,44.32475,72.33333333333334,9.816666666666666,130.27709770202637
0.7,44.615,73.13333333333333,9.983333333333333,152.0389814376831
0.8,45.42691666666666,72.15,9.8,173.8341760635376
0.9,45.93183333333333,71.85000000000001,10.05,195.70984601974487
1.0,45.077333333333335,71.7,9.85,217.50113773345947
1.1,46.08983333333333,71.48333333333333,9.9,22.73421025276184
1.2,46.54983333333333,71.05,10.166666666666666,44.49496650695801
1.3,47.852333333333334,70.15,10.05,66.34054398536682
1.4,47.297583333333336,70.46666666666667,10.133333333333333,88.08553004264832
1.5,47.199,71.76666666666667,10.25,109.8389847278595
1.6,47.06666666666667,72.16666666666667,9.816666666666666,131.41582012176514
1.7,45.04391666666667,72.23333333333333,7.566666666666666,153.1953206062317
1.8,35.787166666666664,76.88333333333334,0.0,175.03264951705933
1.9,37.307916666666664,75.81666666666666,0.0,196.91900181770325
2.0,38.02733333333333,75.63333333333333,0.0,218.8036367893219
2.1,38.950833333333335,74.3,0.0,21.84715700149536
2.2,41.11625,73.85000000000001,0.0,43.801429271698
2.3,44.037166666666664,69.73333333333333,0.0,65.75603985786438
2.4,44.84525,69.15,0.0,87.78570365905762
2.5,46.2365,65.13333333333333,0.0,109.89480423927307
2.6,47.634166666666665,64.88333333333334,0.0,131.96337795257568
2.7,48.62475,61.85000000000001,0.0,155.10778307914734
2.8,50.03758333333333,58.43333333333334,0.0,177.21233892440796
2.9,50.69258333333333,58.71666666666666,0.0,199.3885142803192
3.0,49.98908333333333,62.516666666666666,0.0,221.79351615905762
3.1,50.377583333333334,61.11666666666666,0.0,22.287339687347412
3.2,51.40416666666667,60.46666666666667,0.0,44.59070897102356
3.3,53.51533333333333,57.58333333333333,0.0,66.84142017364502
3.4,55.29808333333333,55.95,0.0,89.11636257171631
3.5,56.50941666666667,54.05,0.0,111.15710949897766
3.6,59.3265,52.21666666666667,0.0,133.25791764259338
3.7,60.95516666666666,50.13333333333333,0.016666666666666666,155.36993050575256
3.8,61.22575,51.38333333333334,0.0,177.4577567577362
3.9,60.05725,54.48333333333333,0.0,199.63878726959229
4.0,61.07416666666666,53.71666666666667,0.0,221.76520657539368
4.1,62.56183333333333,51.366666666666674,0.0,21.996057748794556
4.2,63.915416666666665,49.35,0.0,43.96179389953613
4.3,61.10583333333334,49.766666666666666,0.0,65.98807096481323
4.4,61.441916666666664,48.61666666666667,0.0,88.11854648590088
4.5,61.97841666666667,46.71666666666667,0.0,110.24591636657715
4.6,63.187583333333336,43.46666666666666,0.0,132.3611400127411
4.7,62.791583333333335,44.11666666666667,0.0,154.31338572502136
4.8,61.06491666666667,45.96666666666667,0.0,176.47294330596924
4.9,61.25333333333333,47.36666666666667,0.0,198.6035463809967
5.0,61.084583333333335,46.86666666666667,0.0,220.6711826324463
5.1,60.41191666666667,45.61666666666667,0.0,22.62181258201599
5.2,59.41583333333333,48.36666666666667,0.0,45.32100057601929
5.3,60.66983333333334,44.13333333333333,0.0,67.99859929084778
5.4,60.714,42.78333333333333,0.0,90.75259184837341
5.5,60.27283333333333,41.4,0.0,113.49034476280212
5.6,60.1165,38.266666666666666,0.0,136.4646818637848
5.7,60.37275,38.71666666666667,0.0,159.4902102947235
5.8,61.481833333333334,33.483333333333334,0.0,182.53759765625
5.9,61.74016666666667,33.916666666666664,0.0,205.68600273132324
6.0,62.13433333333333,32.083333333333336,0.0,228.76576781272888
6.1,63.1045,31.266666666666666,0.0,23.012022495269775
6.2,63.37883333333333,29.933333333333334,0.0,46.015289545059204
6.3,63.5945,31.233333333333334,0.0,68.96736216545105
6.4,64.85808333333334,28.133333333333333,0.0,91.94891715049744
6.5,64.83,27.85,0.0,114.96214890480042
6.6,66.36091666666667,25.033333333333335,0.0,138.05830025672913
6.7,66.54266666666666,25.2,0.0,160.97983288764954
6.8,65.97633333333333,26.23333333333333,0.0,183.99777007102966
6.9,66.60666666666667,25.583333333333336,0.016666666666666666,207.14209532737732
7.0,67.88575,25.0,0.0,230.09740781784058
7.1,67.74491666666667,25.6,0.0,22.98275876045227
7.2,67.42491666666666,26.28333333333333,0.0,45.93094205856323
7.3,70.32333333333334,25.8,0.0,68.79493188858032
7.4,71.89691666666667,23.849999999999998,0.0,91.7097954750061
7.5,71.29975,25.6,0.0,114.74899291992188
7.6,71.90341666666667,23.116666666666667,0.0,137.6370415687561
7.7,72.60616666666667,22.483333333333334,0.016666666666666666,169.24404072761536
7.8,71.20791666666666,24.2,0.0,200.93465518951416
7.9,71.35283333333334,25.333333333333336,0.0,232.4627664089203
8.0,71.65775,24.566666666666666,0.0,263.90777683258057
8.1,71.79708333333333,25.066666666666666,0.0,31.507827520370483
8.2,71.99208333333333,24.48333333333333,0.0,62.952582120895386
8.3,72.50583333333333,24.96666666666667,0.0,94.4336109161377
8.4,72.44641666666666,25.05,0.0,126.15602540969849
8.5,71.16541666666667,26.73333333333333,0.0,157.62176704406738
8.6,74.10683333333333,25.816666666666666,0.0,189.00781106948853
8.7,74.79325,25.816666666666666,0.016666666666666666,220.41028571128845
8.8,74.47666666666667,26.0,0.0,251.785719871521
8.9,75.31133333333334,25.6,0.0,283.2555830478668
9.0,75.53783333333334,24.55,0.0,314.5575318336487
9.1,74.66308333333333,25.983333333333334,0.0,31.73052978515625
9.2,73.583,26.516666666666666,0.0,63.50445318222046
9.3,74.11275,27.116666666666667,0.0,95.32476854324341
9.4,74.1335,27.250000000000004,0.0,127.07316708564758
9.5,73.04416666666667,28.849999999999998,0.0,158.7278196811676
9.6,74.08775,27.46666666666667,0.0,190.35779738426208
9.7,75.18391666666666,26.950000000000003,0.0,222.22393894195557
9.8,73.90058333333333,27.816666666666666,0.0,253.76007628440857
9.9,72.81758333333333,30.166666666666668,0.0,285.3948059082031
10.0,72.83766666666666,30.166666666666668,0.03333333333333333,316.8230085372925
