Epochs,Loss,Accuracy (%),Silent labels (%),Time (s)
0.1,55.763,58.95,16.516666666666666,25.006773471832275
0.2,40.056416666666664,70.93333333333334,10.166666666666666,50.51301312446594
0.3,37.88725,72.68333333333334,10.05,76.5201027393341
0.4,36.89966666666667,73.25,10.133333333333333,102.17798781394958
0.5,35.90975,74.2,10.25,127.04636001586914
0.6,34.099916666666665,75.43333333333334,9.816666666666666,150.77121472358704
0.7,33.89666666666667,75.75,10.016666666666667,174.0213966369629
0.8,33.97808333333333,75.14999999999999,9.8,197.63715195655823
0.9,34.063916666666664,74.95,10.05,222.3874270915985
1.0,33.02825,75.56666666666668,9.85,246.2370445728302
1.1,32.4125,76.25,9.916666666666666,23.96215033531189
1.2,32.75216666666667,76.01666666666667,10.166666666666666,49.136443853378296
1.3,32.70225,75.5,10.05,73.76604652404785
1.4,32.4045,76.11666666666666,10.133333333333333,98.04219436645508
1.5,31.96575,76.88333333333334,10.25,122.57087993621826
1.6,31.074416666666668,77.46666666666667,9.816666666666666,146.3253457546234
1.7,31.378416666666666,77.56666666666666,9.983333333333333,170.35514211654663
1.8,31.44175,76.86666666666667,9.8,194.3435447216034
1.9,31.46141666666667,77.05,10.05,218.95632433891296
2.0,31.119583333333335,76.98333333333333,9.85,243.74368691444397
2.1,30.6695,77.35,9.9,26.115344524383545
2.2,31.194416666666665,77.46666666666667,10.166666666666666,51.32086181640625
2.3,31.28075,76.6,10.05,75.12109303474426
2.4,30.66025,77.86666666666666,10.133333333333333,98.28937220573425
2.5,30.76375,78.13333333333333,10.25,121.59292149543762
2.6,30.537333333333333,77.83333333333333,9.816666666666666,144.77078890800476
2.7,30.29825,77.81666666666666,9.983333333333333,167.86699724197388
2.8,30.451,77.73333333333333,9.8,191.25756311416626
2.9,30.451416666666667,77.9,10.05,214.88467288017273
3.0,30.284416666666665,78.0,9.85,238.2780168056488
3.1,30.041833333333333,77.93333333333334,9.9,23.636488676071167
3.2,30.176166666666667,78.41666666666667,10.166666666666666,46.6034779548645
3.3,30.581416666666666,77.13333333333333,10.05,69.83842015266418
3.4,29.975833333333334,78.33333333333333,10.133333333333333,92.8752372264862
3.5,30.1535,78.21666666666667,10.266666666666667,115.92395830154419
3.6,29.585083333333333,78.91666666666667,9.816666666666666,139.16349744796753
3.7,29.613333333333333,78.71666666666667,9.983333333333333,163.24034070968628
3.8,29.744,78.14999999999999,9.8,186.05029034614563
3.9,29.691166666666668,78.45,10.05,210.63071608543396
4.0,29.558833333333332,78.48333333333333,9.85,235.11685705184937
4.1,29.187,78.55,9.9,22.106648683547974
4.2,29.682416666666665,78.91666666666667,10.166666666666666,43.87152624130249
4.3,19.438416666666665,85.43333333333332,1.6,65.46349215507507
4.4,15.461416666666667,87.76666666666667,0.0,86.81318020820618
4.5,15.131333333333334,88.25,0.0,108.43495750427246
4.6,15.006583333333333,88.58333333333334,0.0,129.79068636894226
4.7,15.093583333333333,88.25,0.0,151.25227642059326
4.8,15.001666666666667,88.03333333333333,0.0,172.64803528785706
4.9,15.160333333333334,88.01666666666667,0.0,194.45108079910278
5.0,15.133583333333334,87.96666666666667,0.0,216.15170693397522
5.1,14.6555,88.08333333333334,0.0,22.000685930252075
5.2,14.3215,89.11666666666666,0.0,44.297197341918945
5.3,15.057416666666667,87.7,0.0,66.36068987846375
5.4,14.487833333333333,88.6,0.016666666666666666,89.35872912406921
5.5,14.198416666666667,88.91666666666667,0.0,113.4442412853241
5.6,14.3825,88.94999999999999,0.016666666666666666,136.11508703231812
5.7,14.180333333333333,88.93333333333334,0.0,158.51671051979065
5.8,14.234333333333334,88.48333333333333,0.0,182.08937239646912
5.9,14.459916666666667,88.43333333333334,0.0,205.36018061637878
6.0,14.4055,88.78333333333333,0.0,227.81593251228333
6.1,13.8985,88.85,0.0,24.449211835861206
6.2,13.944166666666666,89.45,0.0,47.43043041229248
6.3,14.501,88.03333333333333,0.0,68.9096999168396
6.4,13.7835,89.41666666666667,0.0,90.1240541934967
6.5,13.847166666666666,89.2,0.0,111.7294807434082
6.6,13.615,89.78333333333333,0.0,134.45900869369507
6.7,13.786666666666667,89.2,0.0,157.559565782547
6.8,13.866916666666667,89.1,0.0,179.4240791797638
6.9,13.97225,89.38333333333334,0.0,201.76176190376282
7.0,14.034916666666666,88.7,0.0,225.4389672279358
7.1,13.166333333333334,89.23333333333333,0.0,22.829833984375
7.2,13.180416666666666,90.25,0.0,44.869882345199585
7.3,14.031416666666667,88.56666666666668,0.0,67.48845672607422
7.4,13.283,89.76666666666667,0.0,89.19452285766602
7.5,13.518833333333333,89.45,0.0,111.04812669754028
7.6,13.27625,89.8,0.0,132.67487788200378
7.7,13.070083333333333,90.06666666666666,0.0,155.41411972045898
7.8,13.322083333333333,89.53333333333333,0.0,178.55197262763977
7.9,13.701583333333334,89.43333333333334,0.0,201.12717056274414
8.0,13.78075,89.08333333333334,0.0,223.75934839248657
8.1,12.931166666666666,89.4,0.0,23.324938774108887
8.2,12.837166666666667,90.10000000000001,0.0,45.44102382659912
8.3,13.589916666666667,88.86666666666667,0.0,67.84185814857483
8.4,12.728416666666666,90.13333333333333,0.0,90.77039289474487
8.5,12.729666666666667,90.35,0.0,113.64186501502991
8.6,12.86125,90.28333333333333,0.0,137.35872721672058
8.7,12.862083333333333,89.91666666666667,0.0,160.46142864227295
8.8,13.019083333333333,89.86666666666666,0.0,183.12013578414917
8.9,13.054666666666666,89.73333333333333,0.0,205.3328697681427
9.0,14.06175,88.61666666666666,0.0,228.08345341682434
9.1,12.603583333333333,89.83333333333333,0.0,24.406769275665283
9.2,12.598083333333333,90.48333333333333,0.0,47.21080160140991
9.3,13.66475,88.9,0.0,70.30730438232422
9.4,12.45475,90.55,0.0,93.73489332199097
9.5,12.379083333333334,90.51666666666667,0.0,117.65979981422424
9.6,12.449916666666667,90.66666666666666,0.0,139.86530423164368
9.7,12.48875,90.56666666666666,0.0,162.48088264465332
9.8,12.64475,90.25,0.0,191.26064682006836
9.9,12.714833333333333,90.21666666666667,0.016666666666666666,222.10048866271973
10.0,13.090166666666667,89.56666666666668,0.0,253.60994696617126
