0.02,0.03,0.05,0.08,0.1,0.13,0.15,0.18,0.2
0.0,0.0,0.016,0.12666666666666665,0.22866666666666663,0.40666666666666673,0.5366666666666666,0.7273333333333335,0.8533333333333333
0.0,0.0,0.019333333333333334,0.13866666666666663,0.244,0.4333333333333333,0.5666666666666667,0.7686666666666667,0.9019999999999999
0.0,0.0,0.022666666666666672,0.144,0.2593333333333333,0.4446666666666667,0.5826666666666666,0.7866666666666668,0.914
0.0,0.0,0.024666666666666667,0.1533333333333333,0.2626666666666666,0.4546666666666666,0.5906666666666666,0.7933333333333334,0.9206666666666666
0.0,0.0,0.03,0.16999999999999996,0.284,0.47533333333333333,0.6079999999999999,0.8093333333333335,0.9313333333333333
0.0,0.0,0.051333333333333335,0.19599999999999998,0.3146666666666666,0.5066666666666667,0.6346666666666667,0.8173333333333335,0.9413333333333332
0.0,0.004666666666666667,0.08333333333333331,0.24399999999999994,0.3653333333333334,0.5493333333333332,0.6693333333333331,0.8433333333333334,0.9533333333333333
0.0,0.016,0.09999999999999998,0.26266666666666666,0.37733333333333335,0.564,0.6779999999999998,0.8473333333333335,0.956
0.0,0.018000000000000002,0.09266666666666666,0.244,0.3593333333333334,0.5353333333333333,0.6606666666666666,0.8353333333333335,0.944
0.0,0.008,0.078,0.2133333333333333,0.3306666666666666,0.522,0.6546666666666665,0.8440000000000001,0.9666666666666666
