Epochs,Loss,Accuracy (%),Silent labels (%),Time (s)
0.1,52.230333333333334,67.98333333333333,7.5166666666666675,15.96577501296997
0.2,25.04775,89.86666666666666,0.06666666666666667,32.117592334747314
0.3,19.99175,92.05,0.016666666666666666,47.03759956359863
0.4,17.7025,92.58333333333333,0.0,60.70248746871948
0.5,16.02875,93.81666666666668,0.016666666666666666,73.57720923423767
0.6,14.816083333333333,94.33333333333334,0.0,85.89591431617737
0.7,13.856416666666666,94.63333333333334,0.0,97.49199891090393
0.8,13.129166666666666,95.01666666666667,0.0,108.57371211051941
0.9,12.757333333333333,95.28333333333333,0.0,119.21849656105042
1.0,12.080083333333333,95.68333333333334,0.0,129.47697925567627
1.1,11.506833333333333,95.95,0.016666666666666666,9.879482746124268
1.2,10.902416666666667,96.11666666666666,0.016666666666666666,19.462129831314087
1.3,10.405833333333334,96.65,0.0,28.877036333084106
1.4,10.278166666666667,96.65,0.016666666666666666,38.141160011291504
1.5,10.398,96.21666666666667,0.0,47.222012758255005
1.6,9.846833333333333,96.83333333333334,0.0,56.14012670516968
1.7,10.013,96.38333333333333,0.0,64.89139151573181
1.8,9.618083333333333,96.63333333333334,0.016666666666666666,73.51306247711182
1.9,9.256666666666666,96.83333333333334,0.0,81.89848947525024
2.0,9.428083333333333,96.71666666666667,0.016666666666666666,90.16018962860107
2.1,8.601833333333333,97.41666666666666,0.0,8.133496761322021
2.2,8.588916666666666,97.39999999999999,0.0,16.216984272003174
2.3,8.57275,97.0,0.0,24.155226707458496
2.4,8.6425,97.08333333333333,0.0,32.05152988433838
2.5,8.176416666666666,97.6,0.016666666666666666,39.84626507759094
2.6,8.262416666666667,97.1,0.0,47.5365264415741
2.7,7.84975,97.56666666666666,0.0,55.134765625
2.8,8.2225,97.23333333333333,0.0,62.6743860244751
2.9,7.94075,97.46666666666667,0.0,70.23852252960205
3.0,7.797833333333333,97.75,0.0,77.73481154441833
3.1,7.218166666666667,97.96666666666667,0.0,7.467177867889404
3.2,7.5023333333333335,97.56666666666666,0.0,14.887036800384521
3.3,7.310083333333333,97.8,0.0,22.24650263786316
3.4,7.3133333333333335,97.58333333333333,0.0,29.505297422409058
3.5,7.249916666666667,97.88333333333334,0.0,36.730912923812866
3.6,7.180666666666666,97.76666666666667,0.0,43.9115469455719
3.7,7.182666666666667,97.78333333333333,0.0,51.048635482788086
3.8,7.194083333333333,97.78333333333333,0.0,58.126479625701904
3.9,7.269833333333334,97.5,0.016666666666666666,65.13900327682495
4.0,6.86875,98.01666666666667,0.016666666666666666,72.12688040733337
4.1,6.403083333333333,98.53333333333333,0.0,6.9221415519714355
4.2,6.812416666666667,97.96666666666667,0.0,13.791078329086304
4.3,6.657416666666666,97.95,0.0,20.63089156150818
4.4,6.442,98.31666666666666,0.0,27.44919753074646
4.5,6.539583333333334,97.91666666666666,0.0,34.17595314979553
4.6,6.413916666666666,98.06666666666666,0.016666666666666666,40.889169454574585
4.7,6.5320833333333335,97.96666666666667,0.0,47.559261083602905
4.8,6.491333333333333,97.91666666666666,0.0,54.19287419319153
4.9,6.0735,98.26666666666667,0.0,60.758137226104736
5.0,6.049916666666666,98.05,0.0,67.27174401283264
5.1,5.931166666666667,98.21666666666667,0.0,6.566613435745239
5.2,5.793083333333334,98.45,0.0,13.12820029258728
5.3,5.895583333333334,98.38333333333334,0.0,19.65369725227356
5.4,5.7908333333333335,98.58333333333333,0.0,26.159483909606934
5.5,5.969666666666667,98.25,0.0,32.63421034812927
5.6,6.0553333333333335,98.2,0.0,39.05849051475525
5.7,5.8705,98.2,0.0,45.47130513191223
5.8,5.7179166666666665,98.46666666666667,0.0,51.82165765762329
5.9,5.78,98.36666666666667,0.0,58.17483949661255
6.0,6.017,98.16666666666667,0.0,64.53709697723389
6.1,5.577583333333333,98.51666666666667,0.0,6.341438055038452
6.2,5.7365,98.35000000000001,0.0,12.676254272460938
6.3,5.527916666666667,98.55000000000001,0.016666666666666666,18.973683834075928
6.4,5.571166666666667,98.78333333333333,0.0,25.319509267807007
6.5,5.652583333333333,98.53333333333333,0.0,31.58999752998352
6.6,5.8918333333333335,98.5,0.0,37.93647623062134
6.7,6.187916666666666,98.36666666666667,0.016666666666666666,44.29602932929993
6.8,6.2035,98.4,0.0,50.6462140083313
6.9,6.054833333333334,98.88333333333334,0.0,57.03221821784973
7.0,6.517333333333333,98.6,0.0,63.372822284698486
7.1,6.093333333333334,98.75,0.0,6.320749998092651
7.2,6.412916666666667,98.7,0.0,12.643990516662598
7.3,6.613,98.65,0.0,18.991137742996216
7.4,6.711333333333333,98.71666666666667,0.016666666666666666,25.37211775779724
7.5,7.0689166666666665,98.45,0.0,31.778719186782837
7.6,6.643083333333333,98.88333333333334,0.0,38.1638023853302
7.7,7.006833333333334,98.75,0.0,44.50912094116211
7.8,7.317083333333334,98.56666666666666,0.016666666666666666,50.8461127281189
7.9,7.171083333333334,98.83333333333333,0.0,57.18922710418701
8.0,7.385,98.36666666666667,0.03333333333333333,63.545371294021606
8.1,6.711666666666667,99.08333333333333,0.0,6.328102350234985
8.2,6.954416666666667,98.85000000000001,0.0,12.676416873931885
8.3,7.06225,98.88333333333334,0.016666666666666666,19.049511671066284
8.4,7.232583333333333,98.71666666666667,0.0,25.401294946670532
8.5,7.729333333333333,98.46666666666667,0.016666666666666666,31.77531623840332
8.6,7.721583333333333,98.75,0.016666666666666666,38.10761785507202
8.7,7.820166666666666,98.88333333333334,0.016666666666666666,44.41781997680664
8.8,8.3,98.78333333333333,0.0,50.75078988075256
8.9,8.529916666666667,98.88333333333334,0.0,57.08413124084473
9.0,8.6915,98.71666666666667,0.016666666666666666,63.44747352600098
9.1,8.800416666666667,98.9,0.0,6.3531224727630615
9.2,9.028333333333334,99.06666666666666,0.03333333333333333,12.73394227027893
9.3,9.460416666666667,98.9,0.016666666666666666,19.09447741508484
9.4,10.105833333333333,98.86666666666667,0.016666666666666666,25.426422595977783
9.5,10.211583333333333,98.95,0.03333333333333333,31.784016847610474
9.6,10.47275,99.03333333333333,0.0,38.115872621536255
9.7,10.679416666666667,98.61666666666666,0.016666666666666666,44.447848320007324
9.8,10.522583333333333,98.73333333333333,0.0,50.73072624206543
9.9,10.023833333333334,99.11666666666666,0.0,56.940497636795044
10.0,9.482333333333333,99.16666666666667,0.0,63.13200759887695
