Epochs,Loss,Accuracy (%),Silent labels (%),Time (s)
0.1,53.203916666666665,67.93333333333334,9.466666666666667,17.449472904205322
0.2,25.96525,88.96666666666667,0.06666666666666667,35.66084909439087
0.3,20.054333333333332,92.23333333333333,0.016666666666666666,52.51131796836853
0.4,17.69708333333333,93.01666666666667,0.0,67.97487545013428
0.5,16.025583333333334,93.43333333333334,0.0,82.4274435043335
0.6,14.944666666666667,94.0,0.0,96.22810220718384
0.7,13.92625,94.78333333333333,0.0,109.54686379432678
0.8,13.289916666666667,95.03333333333333,0.0,122.22169327735901
0.9,12.82075,95.19999999999999,0.0,134.34368658065796
1.0,12.455,95.43333333333334,0.0,146.12205624580383
1.1,11.329166666666667,96.36666666666667,0.0,11.337499141693115
1.2,10.87025,96.48333333333333,0.0,22.24640989303589
1.3,11.139333333333333,95.93333333333334,0.0,32.94201922416687
1.4,10.924583333333333,95.91666666666666,0.0,43.37458920478821
1.5,10.326916666666667,96.68333333333334,0.0,53.50986099243164
1.6,9.8485,96.65,0.0,63.46831727027893
1.7,9.963333333333333,96.43333333333334,0.0,73.16982579231262
1.8,9.990916666666667,96.46666666666667,0.0,82.70836615562439
1.9,9.744416666666666,96.58333333333333,0.0,92.14795303344727
2.0,9.465916666666667,96.75,0.016666666666666666,101.4426281452179
2.1,8.90925,97.25,0.0,9.125242710113525
2.2,9.008833333333333,96.96666666666667,0.0,18.094632625579834
2.3,8.787083333333333,97.15,0.0,26.961451292037964
2.4,8.56725,97.51666666666667,0.0,35.77861022949219
2.5,8.823166666666667,96.63333333333334,0.0,44.32286357879639
2.6,8.260583333333333,97.2,0.0,52.80973196029663
2.7,8.102333333333334,97.51666666666667,0.0,61.20371985435486
2.8,8.2375,97.65,0.0,69.4879674911499
2.9,8.019916666666667,97.76666666666667,0.0,77.72717523574829
3.0,8.106083333333334,97.36666666666667,0.0,85.85044193267822
3.1,7.814166666666667,97.71666666666667,0.0,8.158762454986572
3.2,7.3545,98.0,0.0,16.223833084106445
3.3,7.813166666666667,97.45,0.0,24.259268283843994
3.4,7.373166666666667,97.7,0.0,32.20422410964966
3.5,7.42425,97.66666666666667,0.0,40.01958727836609
3.6,7.214416666666667,98.0,0.0,47.90338397026062
3.7,7.541083333333333,97.53333333333333,0.0,55.696330070495605
3.8,7.30625,97.8,0.0,63.37333416938782
3.9,7.2973333333333334,97.75,0.0,70.9639835357666
4.0,6.779916666666667,98.2,0.0,78.482581615448
4.1,6.74625,98.2,0.0,7.469592571258545
4.2,6.714583333333334,98.03333333333333,0.0,14.893855094909668
4.3,6.7945,98.13333333333333,0.0,22.290318727493286
4.4,6.496166666666666,98.46666666666667,0.0,29.661683082580566
4.5,6.6946666666666665,97.95,0.0,36.97914671897888
4.6,6.63875,98.0,0.0,44.25297212600708
4.7,6.431416666666666,98.1,0.0,51.48780655860901
4.8,6.553416666666666,98.13333333333333,0.0,58.70663595199585
4.9,6.803833333333333,97.65,0.0,65.83684206008911
5.0,6.559916666666667,98.0,0.0,72.93830728530884
5.1,5.881916666666666,98.48333333333333,0.0,7.081660032272339
5.2,6.10325,98.25,0.0,14.218949556350708
5.3,5.8525833333333335,98.93333333333332,0.0,21.2741641998291
5.4,6.447583333333333,98.15,0.0,28.27324652671814
5.5,6.081916666666666,98.08333333333333,0.0,35.269145011901855
5.6,6.144833333333334,98.3,0.0,42.27412247657776
5.7,6.141,98.33333333333333,0.016666666666666666,49.23986268043518
5.8,6.09575,98.28333333333333,0.0,56.15416860580444
5.9,6.216916666666667,98.21666666666667,0.0,63.061384201049805
6.0,6.0795,98.43333333333332,0.0,69.9731559753418
6.1,5.6445,98.56666666666666,0.0,6.885354280471802
6.2,5.52325,98.68333333333334,0.0,13.751643896102905
6.3,5.914416666666667,98.15,0.0,20.5978581905365
6.4,5.806583333333333,98.51666666666667,0.0,27.39530110359192
6.5,5.701333333333333,98.53333333333333,0.0,34.19360089302063
6.6,5.527666666666667,98.83333333333333,0.0,40.992228984832764
6.7,5.7095,98.48333333333333,0.0,47.76018571853638
6.8,5.628833333333334,98.71666666666667,0.0,54.49318742752075
6.9,5.642416666666667,98.51666666666667,0.0,61.18807649612427
7.0,5.564916666666667,98.63333333333333,0.0,67.88762736320496
7.1,5.084,98.98333333333333,0.0,6.6458375453948975
7.2,5.457833333333333,98.55000000000001,0.0,13.347238779067993
7.3,5.297666666666666,98.6,0.0,19.99472165107727
7.4,5.331833333333333,98.53333333333333,0.0,26.624036073684692
7.5,5.5645,98.46666666666667,0.0,33.24920463562012
7.6,5.440666666666667,98.56666666666666,0.0,39.85748624801636
7.7,5.467333333333333,98.63333333333333,0.016666666666666666,46.43808150291443
7.8,5.385583333333333,98.58333333333333,0.0,52.99315404891968
7.9,5.2415,98.9,0.0,59.548500776290894
8.0,4.980166666666666,99.21666666666667,0.0,66.1011872291565
8.1,4.910333333333333,98.85000000000001,0.0,6.52579927444458
8.2,4.89575,99.01666666666667,0.0,13.025797605514526
8.3,5.1105,98.63333333333333,0.0,19.44011116027832
8.4,5.000083333333333,98.93333333333332,0.0,25.81924319267273
8.5,4.904333333333334,98.91666666666666,0.0,32.193116188049316
8.6,5.0455,98.73333333333333,0.0,38.5748565196991
8.7,5.069916666666667,98.88333333333334,0.0,44.98440432548523
8.8,5.102,98.8,0.0,51.357094526290894
8.9,5.201583333333334,98.55000000000001,0.0,57.74716758728027
9.0,4.9478333333333335,98.96666666666667,0.0,64.04445290565491
9.1,4.64675,99.06666666666666,0.0,6.257312297821045
9.2,4.741666666666666,98.93333333333332,0.0,12.407966375350952
9.3,4.768,98.93333333333332,0.0,18.62370276451111
9.4,4.8933333333333335,98.73333333333333,0.0,24.886753797531128
9.5,4.613416666666667,99.16666666666667,0.0,31.147682428359985
9.6,4.703666666666667,98.9,0.0,37.44715690612793
9.7,4.735416666666667,98.98333333333333,0.0,43.571398973464966
9.8,4.734916666666667,98.91666666666666,0.0,49.72528839111328
9.9,4.977833333333334,98.7,0.0,55.83846735954285
10.0,4.724083333333334,98.9,0.0,61.952205657958984
