Epochs,Loss,Accuracy (%),Silent labels (%),Time (s)
0.1,54.57216666666667,66.28333333333333,10.233333333333333,17.37196159362793
0.2,27.038166666666665,88.81666666666666,0.08333333333333334,35.89994144439697
0.3,23.359,90.86666666666666,0.03333333333333333,53.5406551361084
0.4,24.164833333333334,90.85,0.0,70.27661967277527
0.5,24.353583333333333,89.81666666666666,0.0,86.15089917182922
0.6,25.622083333333332,89.11666666666666,0.0,101.36465787887573
0.7,26.381083333333333,88.38333333333334,0.0,116.29378342628479
0.8,27.901833333333332,87.03333333333333,0.016666666666666666,130.7982325553894
0.9,28.61375,86.26666666666667,0.016666666666666666,144.72253370285034
1.0,29.829666666666668,84.78333333333333,0.016666666666666666,158.2051498889923
1.1,30.34175,84.78333333333333,0.0,13.199538707733154
1.2,31.744416666666666,83.33333333333334,0.0,26.23831820487976
1.3,32.41975,80.83333333333333,0.05,39.16236448287964
1.4,33.779,79.28333333333333,0.0,51.90372896194458
1.5,34.14233333333333,78.91666666666667,0.0,64.3958191871643
1.6,35.537083333333335,78.21666666666667,0.0,76.78126788139343
1.7,35.50266666666667,76.95,0.0,88.9269449710846
1.8,36.49066666666667,75.86666666666667,0.0,100.96923160552979
1.9,37.298833333333334,74.98333333333333,0.0,112.78680062294006
2.0,37.35458333333333,74.55000000000001,0.03333333333333333,124.59001851081848
2.1,37.45816666666666,73.93333333333332,0.016666666666666666,11.7584228515625
2.2,38.61925,72.66666666666667,0.016666666666666666,23.323744535446167
2.3,39.40416666666667,71.33333333333334,0.0,34.91612124443054
2.4,39.76741666666667,70.66666666666667,0.0,46.280908823013306
2.5,39.89775,70.6,0.0,57.38242149353027
2.6,39.78241666666667,70.73333333333333,0.016666666666666666,68.53398132324219
2.7,40.64191666666667,69.83333333333334,0.0,79.59922194480896
2.8,41.15716666666667,68.13333333333334,0.0,90.50665521621704
2.9,41.417833333333334,68.18333333333332,0.0,101.33486485481262
3.0,42.51233333333333,66.5,0.016666666666666666,112.12682366371155
3.1,41.518,67.60000000000001,0.0,10.69372272491455
3.2,42.862833333333334,65.7,0.0,21.312909364700317
3.3,42.7095,65.73333333333333,0.0,31.90375781059265
3.4,43.71575,64.64999999999999,0.0,42.45717191696167
3.5,43.00383333333333,64.31666666666666,0.0,52.937381744384766
3.6,44.382583333333336,62.866666666666674,0.0,63.375962018966675
3.7,43.7025,63.366666666666674,0.0,73.66808915138245
3.8,44.138,63.06666666666667,0.0,83.93511629104614
3.9,44.989333333333335,61.68333333333334,0.0,94.05421423912048
4.0,44.91166666666667,61.516666666666666,0.0,104.09671306610107
4.1,45.457,61.11666666666666,0.0,9.978825807571411
4.2,45.095166666666664,60.73333333333333,0.016666666666666666,19.91031002998352
4.3,45.980333333333334,59.71666666666666,0.0,29.84579586982727
4.4,45.26116666666667,60.5,0.0,39.67931389808655
4.5,45.97416666666667,59.599999999999994,0.016666666666666666,49.481504917144775
4.6,46.38425,59.550000000000004,0.0,59.178868532180786
4.7,46.460166666666666,58.93333333333334,0.0,68.7943685054779
4.8,46.71816666666667,57.199999999999996,0.0,78.40191292762756
4.9,47.48408333333333,57.01666666666667,0.0,87.94798421859741
5.0,46.58091666666667,58.28333333333333,0.0,97.38363909721375
5.1,47.80141666666667,55.833333333333336,0.0,9.415154933929443
5.2,46.744166666666665,56.95,0.016666666666666666,18.830944299697876
5.3,47.677416666666666,56.699999999999996,0.0,28.222662210464478
5.4,47.172,56.45,0.016666666666666666,37.52958869934082
5.5,47.492916666666666,56.81666666666667,0.0,46.840519428253174
5.6,48.24883333333333,55.383333333333326,0.0,56.15813970565796
5.7,48.410916666666665,54.949999999999996,0.0,65.41670751571655
5.8,48.242666666666665,55.75,0.0,74.57532525062561
5.9,48.742666666666665,54.6,0.0,83.69317674636841
6.0,47.811,55.45,0.0,92.76405429840088
6.1,47.924083333333336,55.55,0.0,8.985570430755615
6.2,49.32391666666667,53.63333333333333,0.0,18.06469202041626
6.3,49.06166666666667,53.266666666666666,0.016666666666666666,27.10358691215515
6.4,48.492916666666666,55.06666666666666,0.0,36.07066464424133
6.5,48.63875,54.03333333333333,0.016666666666666666,45.0221848487854
6.6,48.8515,54.233333333333334,0.0,53.88815188407898
6.7,49.50233333333333,52.5,0.0,62.79954242706299
6.8,49.52875,51.9,0.0,71.6849627494812
6.9,50.08533333333333,52.43333333333333,0.0,80.44460940361023
7.0,49.7875,51.63333333333333,0.0,89.22172856330872
7.1,49.5155,52.25,0.0,8.688989162445068
7.2,49.595333333333336,52.349999999999994,0.0,17.36595606803894
7.3,49.52283333333333,52.6,0.0,25.993530750274658
7.4,50.57075,51.21666666666667,0.0,34.606096506118774
7.5,49.46633333333333,51.866666666666674,0.0,43.193899154663086
7.6,50.02625,52.21666666666667,0.0,51.762892961502075
7.7,49.761583333333334,51.866666666666674,0.0,60.28641319274902
7.8,50.15841666666667,51.233333333333334,0.0,68.84058475494385
7.9,50.80891666666667,50.349999999999994,0.0,77.38940477371216
8.0,50.4935,50.53333333333333,0.0,85.9314513206482
8.1,50.62558333333333,50.74999999999999,0.0,8.4673490524292
8.2,50.533833333333334,50.866666666666674,0.0,16.977298974990845
8.3,50.05,51.849999999999994,0.0,25.4654757976532
8.4,49.76808333333334,51.866666666666674,0.0,33.93476152420044
8.5,50.24733333333333,51.18333333333334,0.0,42.35166049003601
8.6,49.48641666666666,52.26666666666666,0.0,50.67694640159607
8.7,49.519416666666665,51.583333333333336,0.0,58.94063138961792
8.8,49.00383333333333,53.46666666666666,0.0,67.08934593200684
8.9,49.11625,52.900000000000006,0.0,75.22695899009705
9.0,47.94408333333333,54.96666666666666,0.0,83.3890438079834
9.1,47.3185,54.733333333333334,0.0,8.116763591766357
9.2,47.879416666666664,54.85,0.0,16.300254821777344
9.3,47.476083333333335,55.51666666666667,0.0,24.46232008934021
9.4,47.233916666666666,55.85,0.0,32.60228633880615
9.5,46.08991666666667,57.199999999999996,0.0,40.71166658401489
9.6,46.57975,57.08333333333333,0.0,48.79343008995056
9.7,46.46208333333333,56.98333333333333,0.0,56.8432822227478
9.8,45.20733333333333,59.233333333333334,0.0,64.88715934753418
9.9,44.14675,59.550000000000004,0.0,72.8763062953949
10.0,44.406416666666665,59.81666666666666,0.0,80.94534945487976
