Epochs,Loss,Accuracy (%),Silent labels (%),Time (s)
0.1,54.49316666666667,67.01666666666667,10.5,17.25968837738037
0.2,26.003,89.05,0.06666666666666667,35.18363904953003
0.3,20.090083333333332,92.0,0.016666666666666666,51.775898456573486
0.4,17.76033333333333,92.95,0.0,67.07637190818787
0.5,16.042166666666667,93.5,0.0,81.22475910186768
0.6,14.9285,94.16666666666667,0.0,94.59366106987
0.7,13.937583333333333,94.51666666666667,0.0,107.31653547286987
0.8,13.199666666666667,95.31666666666668,0.0,119.46141219139099
0.9,12.764666666666667,95.1,0.0,131.10655283927917
1.0,12.474333333333334,95.15,0.0,142.3443124294281
1.1,11.191083333333333,96.38333333333333,0.0,10.756063461303711
1.2,10.830083333333333,96.39999999999999,0.0,21.309027433395386
1.3,11.149333333333333,95.91666666666666,0.016666666666666666,31.713004112243652
1.4,10.8955,95.85000000000001,0.016666666666666666,41.86154055595398
1.5,10.297833333333333,96.56666666666666,0.0,51.75309371948242
1.6,9.837,96.61666666666666,0.0,61.47514057159424
1.7,9.95725,96.58333333333333,0.0,70.9713203907013
1.8,9.969083333333334,96.68333333333334,0.0,80.32236909866333
1.9,9.721333333333334,96.41666666666666,0.0,89.51292991638184
2.0,9.487,96.71666666666667,0.0,98.58445739746094
2.1,8.941166666666666,97.23333333333333,0.0,8.98580002784729
2.2,8.988666666666667,96.95,0.0,17.84157705307007
2.3,8.671,97.31666666666666,0.0,26.598713159561157
2.4,8.530333333333333,97.56666666666666,0.016666666666666666,35.20549201965332
2.5,8.70475,96.75,0.0,43.682034492492676
2.6,8.241333333333333,97.08333333333333,0.0,52.09269118309021
2.7,8.073,97.55,0.0,60.416252851486206
2.8,8.220833333333333,97.51666666666667,0.0,68.59674644470215
2.9,7.965583333333333,97.78333333333333,0.0,76.70192193984985
3.0,8.145583333333333,97.2,0.0,84.71915555000305
3.1,7.775083333333333,97.68333333333334,0.0,7.994326829910278
3.2,7.376666666666667,97.95,0.0,15.948919773101807
3.3,7.717,97.71666666666667,0.0,23.83844017982483
3.4,7.427333333333333,97.73333333333333,0.0,31.628832817077637
3.5,7.40975,97.65,0.0,39.34844613075256
3.6,7.214666666666667,98.05,0.0,46.99789524078369
3.7,7.534416666666667,97.5,0.0,54.67046904563904
3.8,7.317833333333334,97.76666666666667,0.0,62.313326597213745
3.9,7.284416666666667,97.83333333333334,0.0,69.81927061080933
4.0,6.804666666666667,98.1,0.0,77.30033349990845
4.1,6.68825,98.13333333333333,0.0,7.447937726974487
4.2,6.7275833333333335,98.06666666666666,0.0,14.894441604614258
4.3,6.80075,98.13333333333333,0.0,22.32461953163147
4.4,6.453166666666666,98.45,0.0,29.728312253952026
4.5,6.7050833333333335,98.03333333333333,0.0,37.07142639160156
4.6,6.65975,98.25,0.0,44.397406816482544
4.7,6.473166666666667,98.15,0.0,51.60766077041626
4.8,6.5906666666666665,98.11666666666666,0.0,58.806485414505005
4.9,6.779166666666667,97.66666666666667,0.0,66.00364017486572
5.0,6.548583333333333,97.89999999999999,0.0,73.17262291908264
5.1,5.819333333333334,98.58333333333333,0.0,7.1172215938568115
5.2,6.138916666666667,98.33333333333333,0.0,14.228126764297485
5.3,5.8174166666666665,98.8,0.0,21.278815031051636
5.4,6.400833333333333,98.03333333333333,0.0,28.336180686950684
5.5,6.13075,98.06666666666666,0.0,35.356751441955566
5.6,6.10125,98.43333333333332,0.0,42.39283990859985
5.7,6.107,98.38333333333334,0.0,49.398592948913574
5.8,6.099583333333333,98.2,0.016666666666666666,56.34744572639465
5.9,6.217,98.13333333333333,0.0,63.278088092803955
6.0,6.136833333333334,98.5,0.0,70.20483779907227
6.1,5.715,98.35000000000001,0.0,6.885565519332886
6.2,5.5555,98.66666666666667,0.0,13.737459897994995
6.3,5.920166666666667,98.08333333333333,0.0,20.573717832565308
6.4,5.762666666666667,98.58333333333333,0.0,27.403088808059692
6.5,5.697166666666667,98.5,0.0,34.23253059387207
6.6,5.576416666666667,98.68333333333334,0.0,41.030661821365356
6.7,5.691583333333333,98.53333333333333,0.0,47.805962562561035
6.8,5.6074166666666665,98.71666666666667,0.0,54.52027344703674
6.9,5.634416666666667,98.4,0.0,61.20414996147156
7.0,5.605916666666666,98.63333333333333,0.0,67.88743710517883
7.1,5.099166666666667,99.0,0.0,6.6294310092926025
7.2,5.498666666666667,98.4,0.0,13.262715578079224
7.3,5.297583333333334,98.68333333333334,0.0,19.899532318115234
7.4,5.362833333333334,98.53333333333333,0.0,26.48825979232788
7.5,5.546666666666667,98.53333333333333,0.0,33.105249881744385
7.6,5.4145,98.46666666666667,0.0,39.64450645446777
7.7,5.393916666666667,98.71666666666667,0.0,46.218475103378296
7.8,5.385,98.51666666666667,0.0,52.771838665008545
7.9,5.245,98.91666666666666,0.0,59.30461096763611
8.0,5.074166666666667,99.03333333333333,0.0,65.79796552658081
8.1,4.893,98.93333333333332,0.0,6.41172981262207
8.2,4.967,98.88333333333334,0.0,12.810922861099243
8.3,5.081666666666667,98.71666666666667,0.0,19.230512619018555
8.4,5.02225,98.75,0.0,25.545872926712036
8.5,4.963,98.81666666666666,0.0,31.82864499092102
8.6,5.076666666666667,98.78333333333333,0.0,38.126012086868286
8.7,5.085083333333333,98.83333333333333,0.0,44.41180992126465
8.8,5.0805,98.91666666666666,0.0,50.62172055244446
8.9,5.189583333333333,98.5,0.0,56.82149529457092
9.0,4.959666666666666,98.95,0.0,63.014466285705566
9.1,4.664833333333333,99.03333333333333,0.0,6.190051555633545
9.2,4.813,99.0,0.0,12.322326183319092
9.3,4.7964166666666666,98.91666666666666,0.0,18.393731355667114
9.4,4.9134166666666665,98.78333333333333,0.0,24.444154024124146
9.5,4.63775,99.1,0.0,30.5528507232666
9.6,4.75125,98.7,0.0,36.63821506500244
9.7,4.754166666666666,98.96666666666667,0.0,42.67660665512085
9.8,4.725083333333333,99.05000000000001,0.0,48.6405668258667
9.9,5.026,98.65,0.0,54.55118489265442
10.0,4.75425,98.91666666666666,0.0,60.51553177833557
