Epochs,Loss,Accuracy (%),Silent labels (%),Time (s)
0.1,53.42675,67.80000000000001,9.8,17.315004110336304
0.2,25.690666666666665,89.16666666666667,0.05,35.16210198402405
0.3,19.986166666666666,92.23333333333333,0.016666666666666666,51.687278270721436
0.4,17.707333333333334,93.10000000000001,0.016666666666666666,66.70652341842651
0.5,16.009916666666665,93.53333333333333,0.0,80.71340823173523
0.6,14.971833333333333,94.15,0.0,93.84408068656921
0.7,13.919666666666666,94.75,0.0,106.33298015594482
0.8,13.148333333333333,95.25,0.0,118.11582040786743
0.9,12.735416666666667,95.15,0.0,129.39810991287231
1.0,12.440166666666666,95.33333333333334,0.016666666666666666,140.34836721420288
1.1,11.112666666666666,96.6,0.0,10.586355447769165
1.2,10.792833333333334,96.46666666666667,0.0,20.915416479110718
1.3,11.092916666666667,95.91666666666666,0.0,31.127522945404053
1.4,10.866333333333333,95.95,0.0,41.06312823295593
1.5,10.267166666666666,96.8,0.0,50.66398096084595
1.6,9.768166666666668,96.83333333333334,0.0,60.01463294029236
1.7,9.918166666666666,96.66666666666667,0.0,69.15529561042786
1.8,9.962666666666667,96.5,0.0,78.11206102371216
1.9,9.736416666666667,96.55,0.0,86.92334055900574
2.0,9.40125,96.93333333333334,0.016666666666666666,95.61111950874329
2.1,8.8605,97.28333333333333,0.0,8.548217535018921
2.2,8.902583333333334,97.03333333333333,0.0,16.993356466293335
2.3,8.639416666666667,97.31666666666666,0.0,25.369280099868774
2.4,8.464583333333334,97.65,0.0,33.65455627441406
2.5,8.699833333333334,96.88333333333333,0.0,41.826470375061035
2.6,8.22275,97.21666666666667,0.0,49.988263845443726
2.7,8.0575,97.63333333333334,0.0,58.02909231185913
2.8,8.1865,97.63333333333334,0.0,65.95974326133728
2.9,7.972166666666666,97.66666666666667,0.0,73.79624032974243
3.0,8.076583333333334,97.36666666666667,0.0,81.5766031742096
3.1,7.746583333333334,97.76666666666667,0.0,7.779299736022949
3.2,7.3155833333333335,97.85000000000001,0.0,15.500467300415039
3.3,7.70525,97.76666666666667,0.0,23.18431806564331
3.4,7.383416666666666,97.58333333333333,0.0,30.78730344772339
3.5,7.412416666666667,97.75,0.0,38.32042217254639
3.6,7.145583333333334,97.95,0.0,45.73746848106384
3.7,7.463166666666667,97.56666666666666,0.0,53.141191244125366
3.8,7.257416666666667,97.95,0.0,60.48997497558594
3.9,7.242166666666667,97.7,0.016666666666666666,67.80688810348511
4.0,6.754333333333333,98.16666666666667,0.0,75.08433842658997
4.1,6.635583333333333,98.23333333333333,0.0,7.249282360076904
4.2,6.679166666666666,98.06666666666666,0.0,14.46152400970459
4.3,6.7565,98.06666666666666,0.0,21.627568006515503
4.4,6.40025,98.4,0.0,28.769651889801025
4.5,6.652416666666666,98.18333333333334,0.0,35.844013929367065
4.6,6.507666666666666,98.13333333333333,0.0,42.87149500846863
4.7,6.356583333333333,98.2,0.0,49.85843896865845
4.8,6.41525,98.23333333333333,0.0,56.81494116783142
4.9,6.649583333333333,97.71666666666667,0.0,63.734424352645874
5.0,6.378166666666667,97.93333333333332,0.0,70.62242197990417
5.1,5.69925,98.48333333333333,0.0,6.840667724609375
5.2,5.9526666666666666,98.45,0.0,13.703511238098145
5.3,5.775833333333333,98.85000000000001,0.016666666666666666,20.524221420288086
5.4,6.355083333333333,98.13333333333333,0.016666666666666666,27.305128574371338
5.5,5.982583333333333,98.11666666666666,0.0,34.02552008628845
5.6,6.000416666666666,98.33333333333333,0.0,40.730915784835815
5.7,6.0835,98.25,0.0,47.38831686973572
5.8,6.061416666666666,98.18333333333334,0.0,54.017427921295166
5.9,6.2385,98.2,0.0,60.679136753082275
6.0,6.13525,98.45,0.0,67.32773995399475
6.1,5.744583333333333,98.51666666666667,0.0,6.583127975463867
6.2,5.602083333333334,98.7,0.0,13.193119525909424
6.3,5.873166666666667,98.35000000000001,0.0,19.78716731071472
6.4,5.914666666666666,98.5,0.0,26.354392051696777
6.5,5.826666666666667,98.5,0.0,32.90852475166321
6.6,5.612,98.71666666666667,0.0,39.521546840667725
6.7,5.799666666666667,98.6,0.0,46.10347080230713
6.8,5.707833333333333,98.7,0.0,52.67125177383423
6.9,5.752,98.46666666666667,0.0,59.18342304229736
7.0,5.6513333333333335,98.71666666666667,0.0,65.70299744606018
7.1,5.170166666666667,98.86666666666667,0.0,6.491451263427734
7.2,5.5105,98.48333333333333,0.0,12.971402168273926
7.3,5.381083333333334,98.63333333333333,0.0,19.45825219154358
7.4,5.3029166666666665,98.63333333333333,0.0,25.927364110946655
7.5,5.5655,98.51666666666667,0.0,32.39645314216614
7.6,5.456166666666666,98.46666666666667,0.0,38.84387731552124
7.7,5.408083333333333,98.7,0.0,45.276793479919434
7.8,5.361833333333333,98.58333333333333,0.0,51.654558181762695
7.9,5.253,98.83333333333333,0.0,58.039838552474976
8.0,5.03375,99.06666666666666,0.0,64.39928030967712
8.1,4.87175,98.93333333333332,0.0,6.3075830936431885
8.2,4.894166666666667,98.9,0.0,12.6482994556427
8.3,5.068416666666667,98.58333333333333,0.016666666666666666,18.98918843269348
8.4,5.026166666666667,98.78333333333333,0.0,25.33792018890381
8.5,4.91375,98.8,0.0,31.66684055328369
8.6,5.0445,98.75,0.0,38.029162883758545
8.7,5.0065,98.73333333333333,0.0,44.373955726623535
8.8,5.03225,98.86666666666667,0.0,50.695125579833984
8.9,5.096666666666667,98.58333333333333,0.0,56.99970722198486
9.0,4.901583333333333,98.83333333333333,0.0,63.27358794212341
9.1,4.5995,99.05000000000001,0.0,6.26403284072876
9.2,4.712416666666667,98.86666666666667,0.0,12.471004247665405
9.3,4.688916666666667,98.91666666666666,0.0,18.641011238098145
9.4,4.837916666666667,98.85000000000001,0.0,24.829161167144775
9.5,4.51425,99.11666666666666,0.0,31.016464710235596
9.6,4.611666666666666,98.73333333333333,0.0,37.19986629486084
9.7,4.7105,98.86666666666667,0.0,43.34383416175842
9.8,4.5975,98.95,0.0,49.476320028305054
9.9,4.890666666666666,98.85000000000001,0.0,55.60873222351074
10.0,4.63875,98.86666666666667,0.0,61.70542931556702
