Epochs,Loss,Accuracy (%),Silent labels (%),Time (s)
0.1,55.8895,66.46666666666667,11.75,17.16939425468445
0.2,25.997,88.98333333333333,0.06666666666666667,35.116695404052734
0.3,20.07475,91.98333333333333,0.03333333333333333,51.66660666465759
0.4,17.792,93.16666666666666,0.0,67.18969202041626
0.5,16.063916666666668,93.25,0.0,81.75362706184387
0.6,14.99725,94.05,0.0,95.5789213180542
0.7,13.926,94.75,0.0,108.67951798439026
0.8,13.263666666666667,95.03333333333333,0.0,121.1958236694336
0.9,12.783,95.06666666666666,0.0,133.2947108745575
1.0,12.503833333333333,95.19999999999999,0.0,145.06739044189453
1.1,11.170333333333334,96.38333333333333,0.016666666666666666,11.292235136032104
1.2,10.87775,96.48333333333333,0.0,22.322238445281982
1.3,11.130833333333333,96.03333333333333,0.0,33.23678755760193
1.4,10.911083333333334,95.89999999999999,0.0,43.87133073806763
1.5,10.244666666666667,96.63333333333334,0.0,54.17032718658447
1.6,9.890916666666667,96.75,0.0,64.21858716011047
1.7,9.953916666666666,96.46666666666667,0.0,74.06414532661438
1.8,10.003916666666667,96.53333333333333,0.0,83.76126003265381
1.9,9.74775,96.5,0.0,93.29763340950012
2.0,9.417166666666667,96.83333333333334,0.016666666666666666,102.66481328010559
2.1,8.954916666666668,97.23333333333333,0.0,9.227935791015625
2.2,8.938916666666668,97.15,0.0,18.25149178504944
2.3,8.700916666666666,97.31666666666666,0.0,27.208762407302856
2.4,8.5215,97.5,0.0,36.057117223739624
2.5,8.766916666666667,96.65,0.0,44.762707471847534
2.6,8.24175,97.18333333333334,0.0,53.411945104599
2.7,8.106416666666666,97.53333333333333,0.0,61.94923162460327
2.8,8.2175,97.56666666666666,0.0,70.45034170150757
2.9,8.005,97.58333333333333,0.0,78.84694528579712
3.0,8.169083333333333,97.35000000000001,0.016666666666666666,87.06475067138672
3.1,7.813583333333334,97.66666666666667,0.0,8.178376197814941
3.2,7.34425,97.86666666666667,0.0,16.253106117248535
3.3,7.726833333333333,97.68333333333334,0.0,24.28652834892273
3.4,7.378416666666666,97.71666666666667,0.0,32.258256912231445
3.5,7.482333333333333,97.65,0.0,40.201756954193115
3.6,7.2629166666666665,98.08333333333333,0.0,48.10035252571106
3.7,7.446166666666667,97.63333333333334,0.0,55.97173547744751
3.8,7.328666666666667,97.76666666666667,0.0,63.79115700721741
3.9,7.310333333333333,97.68333333333334,0.0,71.55440592765808
4.0,6.80425,98.23333333333333,0.016666666666666666,79.28856444358826
4.1,6.711833333333334,98.15,0.0,7.680852890014648
4.2,6.736583333333333,98.21666666666667,0.0,15.363549709320068
4.3,6.841916666666667,98.08333333333333,0.0,22.95787024497986
4.4,6.47825,98.55000000000001,0.0,30.512999534606934
4.5,6.759333333333333,98.0,0.0,38.027536153793335
4.6,6.645583333333334,98.13333333333333,0.0,45.467612981796265
4.7,6.482083333333334,98.21666666666667,0.0,52.88047456741333
4.8,6.580416666666666,98.1,0.0,60.26324009895325
4.9,6.818333333333333,97.75,0.0,67.57828378677368
5.0,6.625666666666667,97.91666666666666,0.0,74.8532829284668
5.1,5.891416666666666,98.51666666666667,0.0,7.2556538581848145
5.2,6.123,98.41666666666666,0.0,14.50290036201477
5.3,5.889,98.63333333333333,0.0,21.68430185317993
5.4,6.470416666666667,98.11666666666666,0.0,28.86209535598755
5.5,6.125916666666667,98.13333333333333,0.0,36.03158354759216
5.6,6.1005,98.31666666666666,0.0,43.20733284950256
5.7,6.129166666666666,98.35000000000001,0.0,50.35236716270447
5.8,6.084583333333334,98.25,0.0,57.497191190719604
5.9,6.249666666666666,98.15,0.0,64.64240384101868
6.0,6.06925,98.55000000000001,0.0,71.7563066482544
6.1,5.697,98.43333333333332,0.0,6.996699810028076
6.2,5.528833333333333,98.7,0.0,13.993641138076782
6.3,5.8715,98.23333333333333,0.0,20.963523387908936
6.4,5.8065,98.53333333333333,0.0,27.910934925079346
6.5,5.709416666666667,98.61666666666666,0.0,34.920395374298096
6.6,5.598083333333333,98.71666666666667,0.0,41.88693404197693
6.7,5.70125,98.5,0.0,48.84756803512573
6.8,5.648083333333333,98.51666666666667,0.0,55.768765449523926
6.9,5.696916666666667,98.43333333333332,0.0,62.65182971954346
7.0,5.548416666666666,98.8,0.0,69.52941823005676
7.1,5.1338333333333335,98.93333333333332,0.0,6.825150966644287
7.2,5.50575,98.35000000000001,0.0,13.65298342704773
7.3,5.31625,98.66666666666667,0.0,20.46282196044922
7.4,5.381,98.61666666666666,0.0,27.22876739501953
7.5,5.56425,98.38333333333334,0.016666666666666666,33.99215912818909
7.6,5.4446666666666665,98.6,0.0,40.72926378250122
7.7,5.455583333333333,98.66666666666667,0.0,47.486098527908325
7.8,5.450166666666667,98.53333333333333,0.0,54.18071508407593
7.9,5.25675,98.9,0.0,60.85924410820007
8.0,5.011083333333334,99.1,0.0,67.54573321342468
8.1,4.9318333333333335,98.85000000000001,0.0,6.660785436630249
8.2,4.915916666666667,98.86666666666667,0.0,13.321950435638428
8.3,5.1185833333333335,98.7,0.0,19.97572898864746
8.4,5.08,98.86666666666667,0.016666666666666666,26.635436296463013
8.5,4.9945,98.81666666666666,0.0,33.310758113861084
8.6,5.1085,98.76666666666667,0.0,39.91740441322327
8.7,5.089166666666666,98.83333333333333,0.0,46.52112603187561
8.8,5.0655833333333335,98.83333333333333,0.0,53.060397148132324
8.9,5.2135,98.51666666666667,0.0,59.60737228393555
9.0,5.0285,98.81666666666666,0.0,66.07292151451111
9.1,4.728666666666666,98.95,0.0,6.492310047149658
9.2,4.821166666666667,98.96666666666667,0.0,12.934292554855347
9.3,4.811333333333334,98.88333333333334,0.0,19.344725608825684
9.4,4.928,98.8,0.0,25.761866569519043
9.5,4.633416666666666,99.1,0.0,32.201680183410645
9.6,4.804333333333333,98.96666666666667,0.0,38.60612082481384
9.7,4.8,98.98333333333333,0.0,45.017324686050415
9.8,4.795416666666667,98.96666666666667,0.0,51.42208385467529
9.9,5.079583333333333,98.66666666666667,0.0,57.72259831428528
10.0,4.7789166666666665,98.86666666666667,0.0,64.03773546218872
