Epochs,Loss,Accuracy (%),Silent labels (%),Time (s)
0.1,54.691916666666664,66.81666666666666,10.95,17.08948826789856
0.2,25.728166666666667,89.31666666666666,0.06666666666666667,34.70697474479675
0.3,19.769,92.26666666666667,0.016666666666666666,50.960684299468994
0.4,17.5455,93.25,0.0,65.95662069320679
0.5,15.886666666666667,93.55,0.0,80.01731419563293
0.6,14.822583333333334,94.21666666666667,0.0,93.27459526062012
0.7,13.85675,94.8,0.0,105.97826027870178
0.8,13.123083333333334,95.21666666666667,0.0,118.20197534561157
0.9,12.634166666666667,95.13333333333334,0.0,129.8770980834961
1.0,12.384916666666667,95.3,0.0,141.19294476509094
1.1,10.983833333333333,96.41666666666666,0.0,10.93029522895813
1.2,10.69525,96.45,0.0,21.542102813720703
1.3,11.01625,96.03333333333333,0.05,31.923101902008057
1.4,10.76325,95.98333333333333,0.0,41.998126745224
1.5,10.157583333333333,96.81666666666666,0.0,51.76237177848816
1.6,9.71975,96.76666666666667,0.0,61.32532811164856
1.7,9.858,96.55,0.0,70.70237565040588
1.8,9.91125,96.51666666666667,0.0,79.98429155349731
1.9,9.683166666666667,96.5,0.0,89.09280514717102
2.0,9.326416666666667,96.68333333333334,0.0,98.10035681724548
2.1,8.854833333333334,97.23333333333333,0.016666666666666666,8.83006238937378
2.2,8.887833333333333,97.01666666666667,0.0,17.537226676940918
2.3,8.630416666666667,97.35000000000001,0.0,26.14639711380005
2.4,8.408833333333334,97.56666666666666,0.0,34.632283210754395
2.5,8.669833333333333,96.89999999999999,0.0,43.033015727996826
2.6,8.201416666666667,97.11666666666666,0.0,51.3589231967926
2.7,7.9995,97.56666666666666,0.0,59.5360906124115
2.8,8.139666666666667,97.63333333333334,0.0,67.60239672660828
2.9,7.953333333333333,97.93333333333332,0.0,75.64245414733887
3.0,8.026583333333333,97.33333333333334,0.0,83.56276559829712
3.1,7.684666666666667,97.81666666666666,0.0,7.859824895858765
3.2,7.312833333333334,98.01666666666667,0.0,15.705701112747192
3.3,7.661583333333334,97.7,0.0,23.50027298927307
3.4,7.384166666666666,97.88333333333334,0.016666666666666666,31.25080680847168
3.5,7.36425,97.75,0.0,38.965811014175415
3.6,7.153333333333333,97.98333333333333,0.0,46.604527950286865
3.7,7.412333333333334,97.61666666666666,0.0,54.23691511154175
3.8,7.231916666666667,97.8,0.016666666666666666,61.7956178188324
3.9,7.223083333333333,97.75,0.0,69.3093364238739
4.0,6.69025,98.06666666666666,0.0,76.79438924789429
4.1,6.6675,98.23333333333333,0.0,7.418590784072876
4.2,6.714833333333333,98.03333333333333,0.0,14.76335597038269
4.3,6.755416666666667,98.05,0.0,22.068735599517822
4.4,6.445166666666666,98.55000000000001,0.0,29.351165056228638
4.5,6.676166666666667,97.96666666666667,0.0,36.61106324195862
4.6,6.5665,98.28333333333333,0.0,43.843430042266846
4.7,6.39875,98.26666666666667,0.0,51.06517481803894
4.8,6.523166666666667,98.06666666666666,0.0,58.210575580596924
4.9,6.716666666666667,97.8,0.0,65.33197546005249
5.0,6.425166666666667,97.91666666666666,0.016666666666666666,72.42554521560669
5.1,5.80675,98.53333333333333,0.0,7.034295082092285
5.2,6.006583333333333,98.31666666666666,0.016666666666666666,14.114318609237671
5.3,5.784083333333333,98.75,0.016666666666666666,21.137112379074097
5.4,6.363166666666666,98.2,0.0,28.113576650619507
5.5,6.04975,98.23333333333333,0.0,35.01412868499756
5.6,6.035083333333334,98.43333333333332,0.0,41.90391707420349
5.7,6.13325,98.25,0.0,48.75868034362793
5.8,6.098583333333333,98.16666666666667,0.0,55.56073832511902
5.9,6.21225,98.03333333333333,0.0,62.344757318496704
6.0,6.021833333333333,98.5,0.0,69.18246531486511
6.1,5.680916666666667,98.51666666666667,0.0,6.72464919090271
6.2,5.500666666666667,98.71666666666667,0.0,13.432801008224487
6.3,5.846583333333333,98.2,0.0,20.119863510131836
6.4,5.791833333333333,98.58333333333333,0.0,26.81514048576355
6.5,5.713666666666667,98.46666666666667,0.0,33.488574266433716
6.6,5.515333333333333,98.78333333333333,0.0,40.16440510749817
6.7,5.671916666666666,98.46666666666667,0.0,46.82076954841614
6.8,5.624333333333333,98.63333333333333,0.0,53.40531086921692
6.9,5.586166666666666,98.46666666666667,0.0,59.99274516105652
7.0,5.540583333333333,98.66666666666667,0.0,66.58235096931458
7.1,4.999416666666667,98.96666666666667,0.0,6.575958013534546
7.2,5.441666666666666,98.41666666666666,0.0,13.128511667251587
7.3,5.222666666666667,98.8,0.0,19.65575122833252
7.4,5.2660833333333334,98.48333333333333,0.0,26.182381868362427
7.5,5.46525,98.46666666666667,0.0,32.71089148521423
7.6,5.414166666666667,98.45,0.0,39.189574241638184
7.7,5.352,98.71666666666667,0.0,45.663623571395874
7.8,5.345166666666667,98.5,0.0,52.103532791137695
7.9,5.1626666666666665,98.93333333333332,0.0,58.5370876789093
8.0,4.973416666666667,99.03333333333333,0.0,64.95141291618347
8.1,4.8821666666666665,98.81666666666666,0.0,6.387016534805298
8.2,4.857666666666667,98.9,0.0,12.781515836715698
8.3,5.034666666666666,98.65,0.0,19.141945362091064
8.4,5.038833333333334,98.81666666666666,0.0,25.485365629196167
8.5,4.91025,98.8,0.0,31.821362018585205
8.6,5.056333333333333,98.76666666666667,0.0,38.12283253669739
8.7,5.036,98.86666666666667,0.0,44.477436542510986
8.8,5.066583333333333,98.9,0.0,50.74463486671448
8.9,5.227666666666667,98.51666666666667,0.0,57.01389241218567
9.0,4.976083333333333,99.0,0.0,63.272573709487915
9.1,4.716916666666667,99.03333333333333,0.0,6.238749265670776
9.2,4.845166666666667,99.0,0.0,12.501495599746704
9.3,4.777333333333333,98.86666666666667,0.0,18.76016330718994
9.4,4.91425,98.8,0.0,25.00450587272644
9.5,4.572,99.06666666666666,0.0,31.284578800201416
9.6,4.710833333333333,98.85000000000001,0.0,37.52618908882141
9.7,4.720666666666666,98.95,0.0,43.7694833278656
9.8,4.690666666666667,98.93333333333332,0.0,49.98260688781738
9.9,4.925916666666667,98.68333333333334,0.0,56.18844699859619
10.0,4.646833333333333,98.93333333333332,0.0,62.39858055114746
