Epochs,Loss,Accuracy (%),Silent labels (%),Time (s)
0.1,53.72141666666667,67.86666666666666,10.033333333333333,17.272623777389526
0.2,25.87875,89.0,0.06666666666666667,35.29818344116211
0.3,20.060333333333332,92.23333333333333,0.03333333333333333,52.25206136703491
0.4,17.732,93.15,0.016666666666666666,67.88420271873474
0.5,16.0655,93.38333333333333,0.0,82.60967516899109
0.6,15.002166666666668,94.03333333333333,0.0,96.70496797561646
0.7,13.977166666666667,94.78333333333333,0.0,110.19169092178345
0.8,13.294833333333333,95.05,0.0,122.9945559501648
0.9,12.84425,95.0,0.0,135.25662803649902
1.0,12.500083333333333,95.31666666666668,0.0,147.09265804290771
1.1,11.17125,96.43333333333334,0.0,11.441548347473145
1.2,10.828333333333333,96.5,0.0,22.53729820251465
1.3,11.169583333333334,95.85000000000001,0.03333333333333333,33.3874351978302
1.4,10.88525,96.01666666666667,0.0,43.98922848701477
1.5,10.268333333333333,96.7,0.0,54.28960943222046
1.6,9.8,96.83333333333334,0.0,64.38659739494324
1.7,9.936083333333332,96.5,0.0,74.2871196269989
1.8,9.944666666666667,96.51666666666667,0.0,84.08166790008545
1.9,9.808583333333333,96.38333333333333,0.0,93.62388229370117
2.0,9.396833333333333,96.88333333333333,0.016666666666666666,102.96052408218384
2.1,8.9095,97.18333333333334,0.0,9.24259328842163
2.2,8.97025,96.98333333333333,0.0,18.374218463897705
2.3,8.6845,97.15,0.0,27.34878420829773
2.4,8.5565,97.53333333333333,0.0,36.18968844413757
2.5,8.786333333333333,96.58333333333333,0.0,44.90215253829956
2.6,8.207583333333334,97.13333333333334,0.0,53.54927659034729
2.7,8.090416666666666,97.51666666666667,0.0,62.053277015686035
2.8,8.1855,97.63333333333334,0.0,70.45802044868469
2.9,8.024,97.55,0.0,78.76151275634766
3.0,8.124916666666667,97.38333333333333,0.0,86.96532368659973
3.1,7.8293333333333335,97.61666666666666,0.0,8.19823145866394
3.2,7.31375,97.98333333333333,0.0,16.30654811859131
3.3,7.744416666666667,97.68333333333334,0.0,24.3548264503479
3.4,7.435,97.68333333333334,0.0,32.35178089141846
3.5,7.447416666666666,97.6,0.0,40.316192865371704
3.6,7.186416666666666,97.81666666666666,0.0,48.22705364227295
3.7,7.55475,97.61666666666666,0.0,56.06677985191345
3.8,7.295583333333333,97.93333333333332,0.0,63.834553241729736
3.9,7.2515833333333335,97.75,0.0,71.54125308990479
4.0,6.772,98.2,0.0,79.2131609916687
4.1,6.665333333333334,98.18333333333334,0.0,7.615201950073242
4.2,6.729166666666667,98.03333333333333,0.0,15.20533299446106
4.3,6.77775,98.0,0.0,22.7540020942688
4.4,6.436166666666667,98.56666666666666,0.0,30.267913818359375
4.5,6.736666666666666,98.1,0.0,37.743512868881226
4.6,6.643666666666666,98.1,0.0,45.145912170410156
4.7,6.465916666666667,98.11666666666666,0.0,52.48855185508728
4.8,6.544083333333333,98.08333333333333,0.0,59.74972605705261
4.9,6.714416666666667,97.78333333333333,0.0,66.99830460548401
5.0,6.573166666666666,97.8,0.0,74.20243215560913
5.1,5.776083333333333,98.51666666666667,0.0,7.197916269302368
5.2,6.0616666666666665,98.51666666666667,0.0,14.417677640914917
5.3,5.8365833333333335,98.76666666666667,0.0,21.568435668945312
5.4,6.369416666666667,98.21666666666667,0.0,28.696247100830078
5.5,6.091833333333334,98.23333333333333,0.0,35.78385090827942
5.6,6.1115,98.33333333333333,0.0,42.89287495613098
5.7,6.10675,98.23333333333333,0.0,49.94847893714905
5.8,6.1045,98.13333333333333,0.0,56.98333239555359
5.9,6.213166666666667,98.11666666666666,0.0,63.99087929725647
6.0,6.076583333333334,98.46666666666667,0.0,70.99193000793457
6.1,5.66675,98.53333333333333,0.0,6.92155647277832
6.2,5.528083333333333,98.68333333333334,0.0,13.847655773162842
6.3,5.8795,98.11666666666666,0.0,20.741211652755737
6.4,5.828833333333334,98.55000000000001,0.0,27.595696687698364
6.5,5.67725,98.48333333333333,0.0,34.45918583869934
6.6,5.535,98.63333333333333,0.0,41.32193636894226
6.7,5.65375,98.6,0.0,48.15329647064209
6.8,5.659583333333333,98.63333333333333,0.0,54.92571973800659
6.9,5.616083333333333,98.51666666666667,0.0,61.657588958740234
7.0,5.51925,98.73333333333333,0.0,68.41441941261292
7.1,5.0873333333333335,99.0,0.0,6.703287363052368
7.2,5.469833333333334,98.51666666666667,0.0,13.410964250564575
7.3,5.26725,98.68333333333334,0.0,20.106322526931763
7.4,5.316333333333334,98.61666666666666,0.0,26.75357961654663
7.5,5.514333333333333,98.58333333333333,0.0,33.41037702560425
7.6,5.441,98.53333333333333,0.0,40.060903787612915
7.7,5.390583333333334,98.73333333333333,0.0,46.694902658462524
7.8,5.342666666666666,98.5,0.0,53.297980546951294
7.9,5.217833333333333,99.01666666666667,0.0,59.873170614242554
8.0,4.992083333333333,99.11666666666666,0.0,66.44157433509827
8.1,4.893833333333333,98.81666666666666,0.016666666666666666,6.5189080238342285
8.2,4.882333333333333,98.91666666666666,0.0,13.063825845718384
8.3,5.086333333333333,98.63333333333333,0.0,19.588560104370117
8.4,5.040416666666666,98.83333333333333,0.0,26.147141456604004
8.5,4.8845833333333335,98.98333333333333,0.0,32.6801860332489
8.6,5.032916666666667,98.8,0.0,39.17767882347107
8.7,5.040166666666667,98.91666666666666,0.0,45.693939208984375
8.8,5.0245,98.95,0.0,52.158265829086304
8.9,5.18325,98.55000000000001,0.0,58.58145999908447
9.0,4.983416666666667,98.81666666666666,0.0,64.99671387672424
9.1,4.686,99.08333333333333,0.0,6.360065221786499
9.2,4.800583333333333,99.06666666666666,0.0,12.741376638412476
9.3,4.798416666666666,98.93333333333332,0.0,19.08597207069397
9.4,4.878166666666667,98.88333333333334,0.0,25.425999879837036
9.5,4.61375,99.08333333333333,0.0,31.776410818099976
9.6,4.765333333333333,98.9,0.0,38.12247133255005
9.7,4.7925,98.91666666666666,0.0,44.46320462226868
9.8,4.74225,99.0,0.0,50.80875897407532
9.9,5.006833333333334,98.73333333333333,0.0,57.17039203643799
10.0,4.7861666666666665,98.85000000000001,0.0,63.503472328186035
