Epochs,Loss,Accuracy (%),Silent labels (%),Time (s)
0.1,54.47408333333333,67.13333333333334,10.616666666666667,17.153484344482422
0.2,25.828583333333334,89.05,0.06666666666666667,35.004189252853394
0.3,19.93775,92.03333333333333,0.016666666666666666,51.54053092002869
0.4,17.61541666666667,93.16666666666666,0.0,66.91638660430908
0.5,16.03325,93.60000000000001,0.0,81.31138062477112
0.6,14.910833333333333,94.05,0.016666666666666666,95.01055073738098
0.7,13.90275,94.61666666666667,0.0,108.14158868789673
0.8,13.171916666666666,95.05,0.0,120.61838436126709
0.9,12.718583333333333,95.25,0.0,132.67518663406372
1.0,12.397083333333333,95.19999999999999,0.0,144.31713199615479
1.1,11.147083333333333,96.28333333333333,0.0,11.256890535354614
1.2,10.77525,96.45,0.0,22.227280139923096
1.3,11.105416666666667,96.11666666666666,0.0,32.992491483688354
1.4,10.907583333333333,95.91666666666666,0.0,43.441309452056885
1.5,10.30375,96.71666666666667,0.0,53.59015727043152
1.6,9.818833333333334,96.58333333333333,0.0,63.58063983917236
1.7,9.990166666666667,96.58333333333333,0.0,73.34547162055969
1.8,10.013333333333334,96.5,0.0,82.96500992774963
1.9,9.699333333333334,96.46666666666667,0.0,92.410484790802
2.0,9.415333333333333,96.89999999999999,0.0,101.64995265007019
2.1,8.881333333333334,97.18333333333334,0.0,9.156085014343262
2.2,8.91925,97.13333333333334,0.0,18.14476203918457
2.3,8.667166666666667,97.26666666666667,0.0,27.034321546554565
2.4,8.456833333333334,97.48333333333333,0.0,35.84532070159912
2.5,8.742416666666667,96.66666666666667,0.0,44.48964786529541
2.6,8.228833333333334,97.2,0.0,53.088857889175415
2.7,8.04525,97.6,0.0,61.520970582962036
2.8,8.182416666666667,97.66666666666667,0.0,69.85550022125244
2.9,7.936166666666667,97.83333333333334,0.0,78.15890049934387
3.0,8.056083333333333,97.31666666666666,0.0,86.33873987197876
3.1,7.796333333333333,97.76666666666667,0.0,8.168349504470825
3.2,7.350583333333334,97.81666666666666,0.0,16.230507373809814
3.3,7.679,97.66666666666667,0.0,24.25890278816223
3.4,7.344333333333333,97.65,0.0,32.21552872657776
3.5,7.389583333333333,97.76666666666667,0.0,40.155160665512085
3.6,7.160583333333333,98.0,0.0,47.9898738861084
3.7,7.4839166666666666,97.56666666666666,0.0,55.83112120628357
3.8,7.2335,97.8,0.0,63.58981657028198
3.9,7.26575,97.75,0.0,71.31848526000977
4.0,6.736,98.3,0.0,78.9519591331482
4.1,6.65925,98.23333333333333,0.0,7.57468056678772
4.2,6.718,98.13333333333333,0.0,15.115991353988647
4.3,6.783166666666666,98.13333333333333,0.0,22.6372230052948
4.4,6.442916666666667,98.43333333333332,0.0,30.12839150428772
4.5,6.727,98.03333333333333,0.0,37.59230184555054
4.6,6.614,98.01666666666667,0.0,44.98053002357483
4.7,6.44625,98.15,0.0,52.30675148963928
4.8,6.5505,98.0,0.0,59.583457946777344
4.9,6.737416666666666,97.73333333333333,0.0,66.83295607566833
5.0,6.53075,97.81666666666666,0.0,74.05045771598816
5.1,5.845166666666667,98.45,0.0,7.168278217315674
5.2,6.0689166666666665,98.4,0.0,14.3741135597229
5.3,5.793916666666667,98.78333333333333,0.0,21.533360958099365
5.4,6.445583333333333,98.08333333333333,0.0,28.689510345458984
5.5,6.108083333333333,98.13333333333333,0.0,35.78871393203735
5.6,6.123166666666667,98.33333333333333,0.0,42.86294937133789
5.7,6.056916666666667,98.28333333333333,0.0,49.897075176239014
5.8,6.05125,98.25,0.0,56.90389609336853
5.9,6.19575,98.1,0.0,63.86130952835083
6.0,6.0529166666666665,98.43333333333332,0.0,70.81788945198059
6.1,5.609666666666667,98.38333333333334,0.0,6.913556098937988
6.2,5.466,98.65,0.0,13.864534378051758
6.3,5.804083333333334,98.08333333333333,0.0,20.770827531814575
6.4,5.807916666666666,98.53333333333333,0.0,27.64263939857483
6.5,5.679083333333334,98.46666666666667,0.0,34.49809241294861
6.6,5.560833333333333,98.68333333333334,0.0,41.31718063354492
6.7,5.724083333333334,98.4,0.0,48.08981418609619
6.8,5.5835,98.63333333333333,0.0,54.84737777709961
6.9,5.640666666666666,98.51666666666667,0.0,61.583903551101685
7.0,5.5335,98.63333333333333,0.0,68.29076027870178
7.1,5.033166666666666,99.06666666666666,0.0,6.692088603973389
7.2,5.471,98.5,0.0,13.378955841064453
7.3,5.287916666666667,98.6,0.0,20.041545629501343
7.4,5.318583333333334,98.5,0.0,26.69913625717163
7.5,5.48375,98.55000000000001,0.0,33.35171031951904
7.6,5.418916666666667,98.51666666666667,0.016666666666666666,40.00109601020813
7.7,5.389166666666667,98.65,0.0,46.626768350601196
7.8,5.398583333333334,98.53333333333333,0.0,53.20829749107361
7.9,5.222916666666666,98.9,0.0,59.75002598762512
8.0,4.968666666666667,99.11666666666666,0.0,66.30916786193848
8.1,4.876333333333333,98.9,0.0,6.499165773391724
8.2,4.9191666666666665,98.93333333333332,0.0,13.059423685073853
8.3,5.092416666666667,98.61666666666666,0.0,19.57008171081543
8.4,5.022,98.68333333333334,0.0,26.075244665145874
8.5,4.9385,98.86666666666667,0.0,32.582393169403076
8.6,5.046666666666667,98.81666666666666,0.0,39.06242537498474
8.7,5.06575,98.85000000000001,0.016666666666666666,45.552478313446045
8.8,5.082666666666666,98.9,0.0,51.973731994628906
8.9,5.14375,98.55000000000001,0.0,58.413881063461304
9.0,4.905583333333333,98.96666666666667,0.0,64.78810143470764
9.1,4.655083333333334,99.06666666666666,0.0,6.344221830368042
9.2,4.756583333333333,98.98333333333333,0.0,12.657886505126953
9.3,4.764666666666667,98.91666666666666,0.0,19.015761375427246
9.4,4.839,98.88333333333334,0.0,25.385431051254272
9.5,4.626,99.13333333333333,0.0,31.732667684555054
9.6,4.691833333333333,98.8,0.0,38.0469126701355
9.7,4.741916666666667,98.86666666666667,0.0,44.32011866569519
9.8,4.6675,99.03333333333333,0.0,50.59547567367554
9.9,4.9638333333333335,98.8,0.0,56.89630913734436
10.0,4.699916666666667,98.83333333333333,0.0,63.159050941467285
