Epochs,Loss,Accuracy (%),Silent labels (%),Time (s)
0.1,53.784166666666664,67.21666666666667,10.166666666666666,17.227956533432007
0.2,25.737083333333334,89.0,0.06666666666666667,35.166226863861084
0.3,19.911,92.25,0.016666666666666666,51.81712007522583
0.4,17.62325,93.35,0.0,67.23498129844666
0.5,15.99025,93.7,0.0,81.35287165641785
0.6,14.927916666666667,94.21666666666667,0.0,94.82678556442261
0.7,13.99275,94.53333333333333,0.03333333333333333,107.60679054260254
0.8,13.212083333333334,95.23333333333333,0.0,119.7162835597992
0.9,12.732,95.08333333333333,0.0,131.29569005966187
1.0,12.419916666666667,95.39999999999999,0.0,142.55936002731323
1.1,11.12025,96.55,0.0,10.828149795532227
1.2,10.762916666666667,96.41666666666666,0.0,21.473294019699097
1.3,11.105166666666667,95.83333333333334,0.016666666666666666,31.910939931869507
1.4,10.864166666666666,95.93333333333334,0.0,42.04434895515442
1.5,10.230666666666666,96.61666666666666,0.0,51.871957540512085
1.6,9.792333333333334,96.65,0.0,61.45852780342102
1.7,9.9085,96.51666666666667,0.0,70.89042544364929
1.8,9.979416666666667,96.46666666666667,0.0,80.23205327987671
1.9,9.724583333333333,96.53333333333333,0.0,89.35701751708984
2.0,9.344833333333334,96.95,0.0,98.29413414001465
2.1,8.875166666666667,97.25,0.0,8.883555889129639
2.2,8.94,97.05,0.0,17.648542642593384
2.3,8.645833333333334,97.3,0.0,26.330973386764526
2.4,8.487166666666667,97.46666666666667,0.0,34.926358699798584
2.5,8.678916666666666,96.75,0.0,43.356966972351074
2.6,8.216666666666667,97.25,0.0,51.69232726097107
2.7,7.978083333333333,97.61666666666666,0.0,59.940194845199585
2.8,8.1525,97.61666666666666,0.0,68.05218291282654
2.9,7.983083333333333,97.8,0.0,76.0804226398468
3.0,8.124333333333333,97.28333333333333,0.0,83.9929678440094
3.1,7.788916666666666,97.7,0.0,7.88543438911438
3.2,7.304583333333333,97.88333333333334,0.0,15.679784774780273
3.3,7.70425,97.66666666666667,0.0,23.383758306503296
3.4,7.387166666666666,97.75,0.0,31.013230562210083
3.5,7.3495,97.68333333333334,0.0,38.590163469314575
3.6,7.1385,98.0,0.0,46.126044034957886
3.7,7.491,97.66666666666667,0.0,53.624281883239746
3.8,7.258166666666667,97.85000000000001,0.0,61.049593925476074
3.9,7.2295,97.63333333333334,0.0,68.42293190956116
4.0,6.71425,98.11666666666666,0.016666666666666666,75.70515370368958
4.1,6.672916666666667,98.15,0.0,7.282764434814453
4.2,6.691,98.0,0.0,14.54462456703186
4.3,6.757083333333333,97.93333333333332,0.0,21.725202798843384
4.4,6.42575,98.51666666666667,0.0,28.860222578048706
4.5,6.6685,97.98333333333333,0.0,35.96585178375244
4.6,6.566,98.06666666666666,0.0,43.03252053260803
4.7,6.422416666666667,98.3,0.0,50.07574772834778
4.8,6.511833333333334,98.16666666666667,0.0,57.12936758995056
4.9,6.738666666666667,97.75,0.0,64.06842708587646
5.0,6.466833333333334,98.03333333333333,0.0,70.95617723464966
5.1,5.766166666666667,98.45,0.0,6.854544639587402
5.2,6.080416666666666,98.31666666666666,0.0,13.734525442123413
5.3,5.808,98.8,0.0,20.55983066558838
5.4,6.396,98.06666666666666,0.0,27.337647914886475
5.5,6.100333333333333,98.06666666666666,0.0,34.10276246070862
5.6,6.0144166666666665,98.41666666666666,0.0,40.82090163230896
5.7,6.115083333333334,98.2,0.0,47.499213218688965
5.8,6.0275,98.2,0.0,54.13692879676819
5.9,6.1365,98.16666666666667,0.0,60.77105212211609
6.0,5.954416666666667,98.46666666666667,0.0,67.31664037704468
6.1,5.5648333333333335,98.4,0.0,6.3936522006988525
6.2,5.417833333333333,98.65,0.0,12.854062795639038
6.3,5.7475,98.18333333333334,0.0,19.25234627723694
6.4,5.68175,98.55000000000001,0.0,25.54898738861084
6.5,5.583,98.38333333333334,0.016666666666666666,31.8166286945343
6.6,5.4615,98.71666666666667,0.0,38.06058359146118
6.7,5.565666666666667,98.55000000000001,0.0,44.16513919830322
6.8,5.51375,98.63333333333333,0.0,50.15671348571777
6.9,5.530583333333333,98.41666666666666,0.0,56.04481363296509
7.0,5.403583333333334,98.71666666666667,0.0,61.90179896354675
7.1,4.9863333333333335,99.0,0.0,5.88336443901062
7.2,5.36375,98.36666666666667,0.0,11.796643018722534
7.3,5.156416666666667,98.76666666666667,0.0,17.680062294006348
7.4,5.258166666666667,98.65,0.016666666666666666,23.48140287399292
7.5,5.48975,98.43333333333332,0.0,29.26920175552368
7.6,5.3925833333333335,98.6,0.0,35.1214394569397
7.7,5.3974166666666665,98.7,0.0,40.98716497421265
7.8,5.448833333333333,98.5,0.0,46.72208881378174
7.9,5.41175,98.9,0.0,52.41686129570007
8.0,5.3276666666666666,99.11666666666666,0.0,58.27701187133789
8.1,5.438166666666667,98.86666666666667,0.016666666666666666,5.82703423500061
8.2,5.583166666666667,99.05000000000001,0.0,11.70968770980835
8.3,5.94875,98.8,0.0,17.662187814712524
8.4,6.131833333333334,98.63333333333333,0.0,23.627445220947266
8.5,6.2485,98.86666666666667,0.0,29.57470154762268
8.6,6.599166666666667,98.73333333333333,0.016666666666666666,35.56796860694885
8.7,6.651916666666667,98.86666666666667,0.0,41.71770191192627
8.8,6.933166666666667,98.93333333333332,0.0,47.887309551239014
8.9,7.33875,98.53333333333333,0.03333333333333333,54.09360122680664
9.0,7.06425,98.9,0.016666666666666666,60.335519313812256
9.1,7.023416666666667,99.01666666666667,0.0,6.229990243911743
9.2,7.2660833333333334,98.91666666666666,0.0,12.458022594451904
9.3,7.433916666666667,98.9,0.016666666666666666,18.644962787628174
9.4,7.813166666666667,98.71666666666667,0.016666666666666666,24.9024600982666
9.5,7.556416666666666,99.23333333333333,0.0,31.19521141052246
9.6,7.9744166666666665,98.98333333333333,0.016666666666666666,37.487791299819946
9.7,8.153166666666667,99.03333333333333,0.0,43.749632596969604
9.8,8.351666666666667,98.93333333333332,0.0,50.02319312095642
9.9,8.59275,98.8,0.0,56.31444764137268
10.0,8.398083333333334,98.91666666666666,0.0,62.5693473815918
