0.02,0.03,0.05,0.08,0.1,0.13,0.15,0.18,0.2
0.0,0.0,0.0048266666666666675,0.11347333333333331,0.23231333333333332,0.42376000000000014,0.5354333333333333,0.6572199999999999,0.7078666666666664
0.0,0.0,0.017466666666666665,0.15133333333333332,0.27962000000000004,0.4760333333333333,0.5846133333333333,0.6936266666666667,0.73394
0.0,0.0,0.027133333333333332,0.1934733333333333,0.33501333333333333,0.5321333333333333,0.6258400000000001,0.7032200000000001,0.7237733333333333
0.0,0.0,0.03811333333333334,0.22637333333333326,0.38004000000000004,0.5881866666666667,0.6885866666666665,0.7782000000000001,0.8094533333333332
0.0,0.0,0.05252666666666668,0.25745999999999997,0.40842666666666666,0.6004933333333333,0.6858266666666667,0.7534333333333332,0.7726333333333334
0.0,0.0001933333333333333,0.06151999999999999,0.2749533333333333,0.42669333333333337,0.60232,0.66908,0.7133800000000001,0.7249800000000001
0.0,0.0018466666666666668,0.08335333333333333,0.30695333333333336,0.4421866666666666,0.58122,0.6268333333333335,0.6541266666666666,0.6606333333333333
0.0,0.0034000000000000007,0.10490000000000001,0.30656666666666665,0.4097933333333333,0.5073533333333333,0.5387200000000001,0.5604466666666666,0.5667466666666666
0.0,0.011360000000000002,0.13113999999999998,0.3173666666666667,0.40256000000000003,0.47342666666666666,0.4946666666666666,0.5098,0.5145266666666667
0.0,0.018113333333333335,0.14459333333333332,0.3117933333333333,0.38042666666666675,0.4305399999999999,0.4452,0.4554600000000001,0.45831333333333335
