0.02,0.03,0.05,0.08,0.1,0.13,0.15,0.18,0.2
0.0,0.0,0.00030000000000000003,0.08987999999999997,0.19296,0.3899,0.5004,0.6438799999999999,0.7182333333333333
0.0,0.0,0.00784,0.12939333333333333,0.2404533333333333,0.4387466666666668,0.5446533333333334,0.6739533333333334,0.73432
0.0,0.0,0.02083333333333333,0.1790133333333333,0.2946733333333333,0.4665133333333334,0.5413999999999999,0.6136,0.6364933333333334
0.0,0.0,0.05558,0.23589999999999992,0.3085066666666666,0.3728666666666666,0.3874666666666667,0.3934933333333334,0.3939466666666667
0.0,0.0,0.11175999999999998,0.24874,0.2857666666666666,0.30558,0.30687333333333333,0.30701333333333336,0.30701333333333336
0.0,0.003833333333333334,0.13543999999999998,0.22881999999999997,0.24836666666666665,0.25714666666666663,0.2577333333333333,0.2578066666666667,0.25781333333333334
0.0,0.01098,0.15486666666666665,0.2300333333333333,0.24349999999999997,0.24859333333333333,0.24885999999999997,0.24888,0.24888
0.0,0.018026666666666667,0.14725333333333335,0.20514,0.2140333333333333,0.21665333333333325,0.21669333333333327,0.21669333333333327,0.21669333333333327
0.0,0.023353333333333337,0.15283333333333332,0.2064333333333333,0.21355999999999994,0.21546666666666667,0.2155333333333333,0.21553999999999998,0.21553999999999998
0.0,0.02470666666666667,0.14768,0.20087999999999995,0.21993333333333331,0.24685333333333337,0.26078,0.28042,0.29340666666666665
