Epochs,Loss,Accuracy (%),Silent labels (%),Time (s)
0.1,53.48675,60.650000000000006,14.466666666666667,24.17503333091736
0.2,40.373,70.13333333333334,10.166666666666666,47.50888156890869
0.3,38.121916666666664,72.41666666666666,10.05,70.57979893684387
0.4,37.211333333333336,72.75,10.133333333333333,93.90517902374268
0.5,36.55883333333333,74.43333333333332,10.25,117.4558596611023
0.6,34.945,75.55,9.816666666666666,140.79747700691223
0.7,34.97441666666667,75.91666666666667,9.983333333333333,163.56942057609558
0.8,35.245333333333335,75.05,9.8,186.7305383682251
0.9,34.76358333333334,75.55,10.05,209.44093894958496
1.0,34.25183333333333,75.75,9.85,233.34121561050415
1.1,33.74475,76.4,9.9,24.81112551689148
1.2,34.21125,76.06666666666668,10.166666666666666,48.95500946044922
1.3,34.37708333333333,76.1,10.05,72.75890111923218
1.4,34.091833333333334,76.44999999999999,10.133333333333333,95.83019995689392
1.5,33.90291666666667,76.75,10.25,119.98800778388977
1.6,33.26083333333333,77.73333333333333,9.833333333333332,142.89974808692932
1.7,33.18208333333333,77.81666666666666,9.983333333333333,166.4028730392456
1.8,33.719,76.9,9.8,189.30638337135315
1.9,33.404583333333335,77.16666666666666,10.05,212.3204448223114
2.0,32.78358333333333,77.81666666666666,9.85,235.69142270088196
2.1,32.22658333333333,77.41666666666667,9.9,24.563201904296875
2.2,32.318083333333334,78.08333333333334,10.166666666666666,47.76339507102966
2.3,32.83325,76.98333333333333,10.05,71.17948317527771
2.4,32.24,77.48333333333333,10.133333333333333,93.3323962688446
2.5,32.1335,78.11666666666667,10.25,116.52239179611206
2.6,31.596583333333335,78.78333333333333,9.816666666666666,139.23088836669922
2.7,31.65225,78.03333333333333,9.983333333333333,162.51945662498474
2.8,31.56975,78.06666666666666,9.8,186.11417388916016
2.9,31.77425,77.71666666666667,10.05,209.754376411438
3.0,31.468666666666667,78.0,9.85,233.21416783332825
3.1,31.081416666666666,77.96666666666667,9.9,24.800118684768677
3.2,31.125083333333333,78.46666666666667,10.166666666666666,47.58991622924805
3.3,31.66358333333333,77.93333333333334,10.05,71.11967253684998
3.4,31.384083333333333,78.21666666666667,10.133333333333333,95.20473504066467
3.5,31.236166666666666,78.45,10.25,119.59726619720459
3.6,30.55375,79.25,9.816666666666666,143.47968411445618
3.7,30.85975,78.96666666666667,9.966666666666667,166.92954182624817
3.8,24.479583333333334,83.38333333333333,3.75,190.45394802093506
3.9,18.619416666666666,87.28333333333333,0.0,214.54959273338318
4.0,18.323083333333333,87.15,0.0,238.2390112876892
4.1,18.155333333333335,87.53333333333333,0.0,24.708462715148926
4.2,18.357333333333333,87.96666666666667,0.0,47.88865613937378
4.3,20.766416666666668,86.08333333333333,0.0,71.58169412612915
4.4,20.419833333333333,86.4,0.0,96.25392031669617
4.5,20.287416666666665,87.33333333333333,0.0,121.03369951248169
4.6,20.32875,87.5,0.0,144.58379006385803
4.7,20.748333333333335,87.63333333333333,0.0,169.17345356941223
4.8,20.990166666666667,87.28333333333333,0.0,194.32878804206848
4.9,21.37375,87.23333333333333,0.0,218.88324093818665
5.0,21.1085,87.41666666666667,0.0,243.63286805152893
5.1,21.53475,87.2,0.0,24.162662506103516
5.2,20.968833333333333,87.15,0.0,47.202613830566406
5.3,22.362666666666666,86.0,0.0,70.8596601486206
5.4,22.064333333333334,86.61666666666666,0.0,94.65746188163757
5.5,21.847916666666666,87.06666666666666,0.0,118.39339423179626
5.6,22.04325,87.26666666666667,0.0,141.83711457252502
5.7,22.015583333333332,87.06666666666666,0.0,164.9892222881317
5.8,22.995916666666666,86.61666666666666,0.0,188.7618067264557
5.9,23.64725,86.33333333333333,0.0,212.69839143753052
6.0,23.70625,85.76666666666667,0.0,237.9059340953827
6.1,24.177583333333335,85.56666666666666,0.0,24.220679998397827
6.2,24.109166666666667,85.73333333333333,0.0,48.81490421295166
6.3,25.3665,84.3,0.0,74.08200263977051
6.4,24.802666666666667,85.05,0.0,99.55474948883057
6.5,24.703,84.96666666666667,0.0,122.17473030090332
6.6,25.459083333333332,85.45,0.0,144.59465885162354
6.7,25.962833333333332,85.16666666666667,0.0,168.41119527816772
6.8,27.1585,83.91666666666666,0.0,191.90062522888184
6.9,27.87525,85.31666666666666,0.0,215.46987509727478
7.0,28.706666666666667,85.0,0.0,239.64115118980408
7.1,30.048166666666667,84.06666666666666,0.0,24.59706974029541
7.2,30.671916666666668,83.28333333333333,0.0,48.515257358551025
7.3,32.63025,82.15,0.0,73.18476128578186
7.4,33.13075,81.83333333333334,0.0,97.65997457504272
7.5,33.91833333333334,81.56666666666666,0.0,122.37302565574646
7.6,35.27183333333333,81.03333333333333,0.0,147.30929517745972
7.7,35.873666666666665,79.7,0.0,174.05382227897644
7.8,37.184333333333335,78.48333333333333,0.0,199.3635926246643
7.9,39.25508333333333,75.55,0.0,224.4550952911377
8.0,39.247083333333336,75.23333333333333,0.0,249.5642704963684
8.1,40.08558333333333,73.28333333333333,0.0,24.97758412361145
8.2,39.65841666666667,72.85000000000001,0.0,50.08897852897644
8.3,41.172916666666666,70.95,0.0,75.01612973213196
8.4,40.39691666666667,72.16666666666667,0.0,100.32654428482056
8.5,39.784666666666666,72.2,0.0,124.78570342063904
8.6,41.685833333333335,71.55,0.016666666666666666,150.5037078857422
8.7,41.4145,72.41666666666666,0.0,176.19310522079468
8.8,41.94166666666667,71.58333333333333,0.0,201.70154809951782
8.9,42.62108333333333,71.78333333333333,0.0,226.89924812316895
9.0,42.67,72.33333333333334,0.0,251.42574548721313
9.1,43.1405,70.43333333333334,0.0,23.50804567337036
9.2,42.96725,69.98333333333333,0.0,47.158299684524536
9.3,44.63016666666667,67.15,0.0,70.51109790802002
9.4,44.35358333333333,66.7,0.0,94.13257384300232
9.5,44.615916666666664,65.60000000000001,0.0,117.62012720108032
9.6,46.497,63.2,0.0,141.3093614578247
9.7,46.85225,62.866666666666674,0.0,167.28374433517456
9.8,47.454166666666666,60.56666666666667,0.0,193.92316007614136
9.9,48.49216666666667,59.233333333333334,0.0,220.70544362068176
10.0,48.45558333333334,59.25,0.0,247.73367619514465
