Epochs,Loss,Accuracy (%),Silent labels (%),Time (s)
0.1,52.86116666666667,61.150000000000006,13.983333333333334,27.242082834243774
0.2,40.504416666666664,70.43333333333334,10.166666666666666,53.40548610687256
0.3,38.44025,72.5,10.05,78.41788339614868
0.4,37.717,73.35000000000001,10.15,102.84211707115173
0.5,37.04216666666667,74.43333333333332,10.25,127.75805234909058
0.6,35.65441666666667,75.46666666666667,9.816666666666666,152.1522078514099
0.7,35.40275,75.85,9.983333333333333,176.18185472488403
0.8,35.57725,74.96666666666667,9.8,202.0740349292755
0.9,35.16825,75.7,10.05,227.6764006614685
1.0,34.49425,76.08333333333334,9.85,253.31661653518677
1.1,34.307916666666664,76.03333333333333,9.9,26.060267448425293
1.2,34.6475,76.63333333333333,10.166666666666666,50.24860620498657
1.3,34.61975,75.94999999999999,10.05,74.66919255256653
1.4,34.31375,76.5,10.133333333333333,101.04334044456482
1.5,33.84316666666667,77.0,10.25,126.34941935539246
1.6,32.96508333333333,77.48333333333333,9.816666666666666,152.0192415714264
1.7,33.349,77.56666666666666,9.983333333333333,175.97924256324768
1.8,33.59575,77.16666666666666,9.8,200.5340428352356
1.9,33.224,77.58333333333334,10.05,225.1990249156952
2.0,32.960166666666666,77.3,9.85,249.07787561416626
2.1,32.88275,77.16666666666666,9.9,22.991434812545776
2.2,33.0445,77.51666666666667,10.166666666666666,44.90144681930542
2.3,33.9485,76.53333333333333,10.05,66.75479125976562
2.4,34.6245,77.48333333333333,10.133333333333333,88.38997268676758
2.5,35.63933333333333,77.43333333333334,10.25,110.43714237213135
2.6,35.50925,78.13333333333333,9.816666666666666,132.12431526184082
2.7,35.70366666666666,77.81666666666666,9.983333333333333,153.93750190734863
2.8,37.49433333333333,76.91666666666667,9.8,175.56453585624695
2.9,38.41475,76.83333333333333,10.05,197.0895483493805
3.0,38.5115,75.66666666666667,9.85,218.5186893939972
3.1,39.61833333333333,74.68333333333334,9.9,21.857789278030396
3.2,40.235,74.25,10.166666666666666,43.39164757728577
3.3,42.55,73.05,10.05,66.49248337745667
3.4,44.243,73.25,10.133333333333333,88.26268672943115
3.5,45.2025,73.5,10.25,110.10095381736755
3.6,47.43208333333333,73.2,9.816666666666666,132.39008712768555
3.7,50.44408333333333,71.26666666666667,9.983333333333333,154.66763710975647
3.8,52.59041666666667,68.5,9.8,176.84167098999023
3.9,55.96641666666667,65.81666666666666,10.05,199.2532021999359
4.0,57.90958333333333,63.53333333333333,9.85,222.83153462409973
4.1,60.051833333333335,60.83333333333333,9.9,23.377650260925293
4.2,61.02425,58.21666666666667,10.166666666666666,48.55096077919006
4.3,62.22591666666667,56.91666666666667,10.05,72.66790246963501
4.4,62.761916666666664,55.13333333333333,10.133333333333333,95.4305808544159
4.5,63.588166666666666,52.666666666666664,10.25,117.96664261817932
4.6,65.15075,51.05,9.816666666666666,140.85413813591003
4.7,65.87858333333334,47.86666666666667,9.983333333333333,164.1647653579712
4.8,66.27258333333333,47.43333333333333,9.8,187.60348081588745
4.9,66.84858333333334,46.96666666666667,10.05,211.46147966384888
5.0,67.3985,46.31666666666667,9.85,234.5472548007965
5.1,68.4275,42.71666666666666,9.9,23.149579286575317
5.2,68.51783333333333,41.5,10.166666666666666,45.98732137680054
5.3,70.309,37.833333333333336,10.05,69.30144095420837
5.4,73.34741666666666,35.233333333333334,10.133333333333333,92.41350317001343
5.5,76.12416666666667,32.983333333333334,10.25,115.82382488250732
5.6,76.14383333333333,28.849999999999998,9.816666666666666,139.13811874389648
5.7,76.60858333333333,29.51666666666667,9.983333333333333,163.5375075340271
5.8,76.91683333333333,30.966666666666665,9.8,187.531485080719
5.9,78.43025,30.083333333333336,10.05,211.48246693611145
6.0,76.25508333333333,32.83333333333333,9.85,235.1921615600586
6.1,75.09466666666667,33.61666666666667,9.9,22.608073472976685
6.2,76.5635,31.566666666666666,10.166666666666666,45.49201798439026
6.3,78.02975,30.283333333333335,10.05,68.46545243263245
6.4,74.01041666666667,34.150000000000006,10.133333333333333,91.09822654724121
6.5,74.67808333333333,32.86666666666667,10.25,113.54745960235596
6.6,75.67891666666667,31.033333333333335,9.816666666666666,135.9547781944275
6.7,76.24016666666667,29.349999999999998,9.983333333333333,158.67743968963623
6.8,76.59866666666667,26.3,9.8,181.48275780677795
6.9,77.99358333333333,24.066666666666666,10.05,204.2970588207245
7.0,76.72666666666667,27.3,9.85,227.84439301490784
7.1,76.33791666666667,28.233333333333334,9.9,22.789497137069702
7.2,77.92991666666667,27.55,10.166666666666666,45.35957050323486
7.3,78.00475,27.266666666666666,10.05,68.04727458953857
7.4,76.84333333333333,29.283333333333335,10.133333333333333,91.04296398162842
7.5,78.5405,27.266666666666666,10.25,113.78315544128418
7.6,81.08666666666667,25.566666666666666,9.816666666666666,136.83182382583618
7.7,81.28241666666666,26.98333333333333,9.983333333333333,160.01574969291687
7.8,81.93533333333333,27.116666666666667,9.8,183.2140028476715
7.9,85.3635,24.55,10.05,206.66159415245056
8.0,83.28233333333333,27.633333333333333,9.85,230.38138103485107
8.1,83.53325,27.18333333333333,9.9,23.100950479507446
8.2,83.02416666666667,26.216666666666665,10.166666666666666,45.9357807636261
8.3,83.67375,25.383333333333336,10.05,68.61726021766663
8.4,84.12741666666666,25.133333333333336,10.133333333333333,91.40252041816711
8.5,84.27491666666667,23.483333333333334,10.25,114.74875330924988
8.6,84.86833333333334,22.766666666666666,9.816666666666666,137.65966629981995
8.7,85.9455,22.53333333333333,9.983333333333333,161.22361826896667
8.8,86.24025,21.883333333333333,9.8,184.78378891944885
8.9,87.17675,20.866666666666667,10.05,208.20932483673096
9.0,85.59058333333333,23.3,9.85,231.56352305412292
9.1,84.904,23.166666666666664,9.9,23.12317728996277
9.2,86.40633333333334,22.01666666666667,10.166666666666666,46.00857710838318
9.3,88.18641666666667,21.8,10.05,68.99532318115234
9.4,84.30433333333333,23.45,6.333333333333334,91.86601662635803
9.5,74.90566666666666,30.683333333333334,0.0,114.57976937294006
9.6,74.49966666666667,30.616666666666664,0.016666666666666666,137.11034440994263
9.7,74.25433333333334,31.416666666666664,0.016666666666666666,159.64662861824036
9.8,74.10183333333333,30.65,0.0,182.6256866455078
9.9,74.39608333333334,31.433333333333337,0.0,205.4949152469635
10.0,73.76383333333334,31.683333333333337,0.0,228.61854219436646
