Epochs,Loss,Accuracy (%),Silent labels (%),Time (s)
0.1,60.967333333333336,61.11666666666666,15.433333333333332,16.22533655166626
0.2,29.872,87.46666666666667,1.55,33.06040668487549
0.3,20.8585,91.5,0.016666666666666666,48.440118074417114
0.4,17.887,92.93333333333334,0.0,62.54107618331909
0.5,16.081166666666668,94.1,0.0,75.60441470146179
0.6,14.889333333333333,94.45,0.0,87.97773933410645
0.7,13.921583333333333,94.45,0.0,99.7696304321289
0.8,13.103583333333333,95.15,0.0,111.05445122718811
0.9,12.779166666666667,94.76666666666667,0.0,121.96349501609802
1.0,12.133416666666667,95.68333333333334,0.0,132.55883145332336
