Epochs,Loss,Accuracy (%),Silent labels (%),Time (s)
0.1,55.76233333333333,64.9,10.05,16.358108043670654
0.2,25.645583333333335,89.78333333333333,0.016666666666666666,33.35897994041443
0.3,20.344583333333333,91.81666666666666,0.016666666666666666,48.88509202003479
0.4,17.794,92.86666666666666,0.0,63.255035400390625
0.5,16.00825,93.91666666666667,0.0,76.81764578819275
0.6,14.783166666666666,94.43333333333334,0.0,89.65728569030762
0.7,13.8545,94.43333333333334,0.0,101.84718370437622
0.8,13.036583333333333,95.13333333333334,0.0,113.50647807121277
0.9,12.682916666666667,94.86666666666666,0.0,124.60208868980408
1.0,12.082916666666666,95.86666666666666,0.0,135.3175663948059
