Epochs,Loss,Accuracy (%),Silent labels (%),Time (s)
0.1,59.546166666666664,62.016666666666666,13.850000000000001,16.115886926651
0.2,26.382916666666667,89.71666666666667,0.03333333333333333,32.71526622772217
0.3,20.358833333333333,91.93333333333334,0.016666666666666666,47.65016794204712
0.4,17.76275,93.15,0.0,61.44956064224243
0.5,15.973083333333333,93.89999999999999,0.0,74.22318911552429
0.6,14.689,94.43333333333334,0.0,86.51315140724182
0.7,13.82775,94.58333333333333,0.0,98.2523307800293
0.8,12.94125,95.18333333333334,0.0,109.41649007797241
0.9,12.714583333333334,94.96666666666667,0.0,120.17222666740417
1.0,12.0295,95.51666666666667,0.016666666666666666,130.59500360488892
