Epochs,Loss,Accuracy (%),Silent labels (%),Time (s)
0.1,59.38583333333333,62.1,13.383333333333333,16.312902212142944
0.2,26.456416666666666,89.60000000000001,0.016666666666666666,33.46971011161804
0.3,20.656583333333334,91.60000000000001,0.0,49.1934552192688
0.4,17.952333333333332,92.95,0.0,63.654885053634644
0.5,16.132,93.86666666666666,0.0,77.20392060279846
0.6,14.89925,94.18333333333334,0.0,90.14532351493835
0.7,13.97175,94.35,0.0,102.4956705570221
0.8,13.037,95.21666666666667,0.0,114.30336308479309
0.9,12.756083333333333,94.96666666666667,0.016666666666666666,125.63936305046082
1.0,12.128583333333333,95.63333333333334,0.016666666666666666,136.6509072780609
