Epochs,Loss,Accuracy (%),Silent labels (%),Time (s)
0.1,60.99933333333333,60.9,15.55,16.271931886672974
0.2,35.77425,83.36666666666666,6.383333333333334,33.33598709106445
0.3,21.099666666666668,91.43333333333334,0.0,49.11455726623535
0.4,17.91725,92.83333333333333,0.0,63.6481876373291
0.5,16.014166666666668,94.11666666666667,0.0,77.32491612434387
0.6,14.83575,94.38333333333333,0.0,90.50982093811035
0.7,13.887166666666667,94.36666666666666,0.0,103.07098984718323
0.8,12.976583333333334,95.23333333333333,0.0,115.12066769599915
0.9,12.779166666666667,94.78333333333333,0.0,126.77161121368408
1.0,12.110333333333333,95.81666666666668,0.0,137.97104716300964
