Epochs,Loss,Accuracy (%),Silent labels (%),Time (s)
0.1,61.17575,60.73333333333333,15.65,16.144558668136597
0.2,27.92475,88.44999999999999,0.3,33.008164405822754
0.3,20.66508333333333,91.53333333333333,0.016666666666666666,48.3184928894043
0.4,17.881083333333333,93.03333333333333,0.0,62.45382332801819
0.5,16.09625,93.89999999999999,0.0,75.52478241920471
0.6,14.858416666666667,94.18333333333334,0.0,88.03380537033081
0.7,13.906083333333333,94.69999999999999,0.0,99.94005036354065
0.8,13.05325,95.0,0.0,111.32246255874634
0.9,12.76375,94.95,0.0,122.27634787559509
1.0,12.1075,95.81666666666668,0.0,132.86744856834412
