Epochs,Loss,Accuracy (%),Silent labels (%),Time (s)
0.1,60.71041666666667,61.25000000000001,15.483333333333333,16.146424531936646
0.2,29.499416666666665,87.73333333333333,1.4333333333333333,32.88597321510315
0.3,20.582916666666666,92.0,0.016666666666666666,48.24449920654297
0.4,17.802666666666667,92.86666666666666,0.0,62.328516483306885
0.5,16.0155,94.05,0.0,75.42026138305664
0.6,14.774083333333333,94.45,0.0,88.00756525993347
0.7,13.835416666666667,94.45,0.0,100.06296586990356
0.8,13.015083333333333,95.26666666666667,0.0,111.55674576759338
0.9,12.733,95.03333333333333,0.0,122.68086671829224
1.0,12.0695,95.73333333333333,0.0,133.3179428577423
