Epochs,Loss,Accuracy (%),Silent labels (%),Time (s)
0.1,56.842083333333335,63.7,10.716666666666667,16.671380281448364
0.2,26.75625,89.28333333333333,0.016666666666666666,34.551833391189575
0.3,23.511,90.9,0.0,51.11085653305054
0.4,23.914166666666667,90.83333333333333,0.0,66.53384947776794
0.5,24.641083333333334,90.05,0.0,81.14909148216248
0.6,25.700583333333334,89.36666666666667,0.016666666666666666,95.19658303260803
0.7,26.947,88.05,0.0,108.73089838027954
0.8,28.161166666666666,86.45,0.0,121.81093454360962
0.9,29.169666666666668,85.13333333333334,0.0,134.49915313720703
1.0,30.042666666666666,85.25,0.016666666666666666,146.7185618877411
