Epochs,Loss,Accuracy (%),Silent labels (%),Time (s)
0.1,60.61383333333333,61.133333333333326,15.166666666666668,16.117405891418457
0.2,26.89225,89.46666666666667,0.03333333333333333,32.91775107383728
0.3,20.44325,91.78333333333333,0.016666666666666666,48.37113165855408
0.4,17.759416666666667,92.88333333333333,0.0,62.585163593292236
0.5,15.909583333333334,93.96666666666667,0.0,75.9351236820221
0.6,14.74175,94.48333333333333,0.0,88.71176362037659
0.7,13.833666666666666,94.36666666666666,0.0,100.80175185203552
0.8,12.947666666666667,95.26666666666667,0.0,112.40440440177917
0.9,12.75025,95.0,0.0,123.74948954582214
1.0,12.128083333333333,95.73333333333333,0.0,134.74272990226746
