Epochs,Loss,Accuracy (%),Silent labels (%),Time (s)
0.1,58.56975,62.2,19.666666666666664,23.685700178146362
0.2,38.071333333333335,74.08333333333333,9.883333333333333,46.067950963974
0.3,36.221916666666665,75.66666666666667,9.883333333333333,69.01564860343933
0.4,34.87591666666667,76.61666666666666,9.966666666666667,91.49570345878601
0.5,34.6035,77.08333333333334,9.950000000000001,113.99683594703674
0.6,33.40325,78.71666666666667,9.5,136.398042678833
0.7,32.61575,78.93333333333334,9.366666666666665,158.53214406967163
0.8,33.934416666666664,77.26666666666667,10.783333333333333,179.99009680747986
0.9,33.425,78.14999999999999,10.5,202.08086824417114
1.0,32.691,78.33333333333333,10.033333333333333,225.45164918899536
1.1,32.412166666666664,78.9,10.133333333333333,22.83543610572815
1.2,31.94775,79.38333333333333,9.883333333333333,44.13325595855713
1.3,32.41191666666667,78.88333333333334,9.883333333333333,65.59927916526794
1.4,32.06491666666667,79.31666666666666,9.966666666666667,87.49640655517578
1.5,31.592083333333335,79.66666666666666,9.950000000000001,112.33049631118774
1.6,30.672416666666667,80.83333333333333,9.5,137.98244714736938
1.7,30.394333333333332,80.9,9.366666666666665,164.8107419013977
1.8,31.901666666666667,79.4,10.783333333333333,192.1871418952942
1.9,31.3725,79.86666666666666,10.5,222.0329611301422
2.0,30.954833333333333,79.83333333333333,10.05,248.92681646347046
2.1,30.267,80.61666666666667,10.133333333333333,27.345903396606445
2.2,30.31375,80.23333333333333,9.883333333333333,55.66592025756836
2.3,30.983833333333333,79.48333333333333,9.883333333333333,83.67573761940002
2.4,30.16425,80.68333333333332,9.966666666666667,112.46427249908447
2.5,30.065916666666666,80.41666666666667,9.950000000000001,140.13001370429993
2.6,29.31825,81.31666666666668,9.5,178.24269700050354
2.7,29.415416666666665,81.61666666666667,9.366666666666665,205.5709753036499
2.8,30.749,80.26666666666667,10.783333333333333,232.53342485427856
2.9,30.3035,80.78333333333333,10.5,257.6941673755646
3.0,30.024166666666666,80.66666666666666,10.033333333333333,282.8147964477539
3.1,29.566916666666668,81.18333333333332,10.133333333333333,30.891707181930542
3.2,29.469916666666666,81.35,9.883333333333333,56.489938735961914
3.3,29.95916666666667,80.58333333333333,9.883333333333333,84.47974586486816
3.4,29.902833333333334,80.78333333333333,9.966666666666667,113.97222208976746
3.5,29.458916666666667,80.88333333333333,9.950000000000001,142.94961643218994
3.6,28.99075,81.81666666666668,9.5,171.88925743103027
3.7,28.62675,82.23333333333333,9.366666666666665,198.82566213607788
3.8,29.989833333333333,81.06666666666666,10.783333333333333,223.32013702392578
3.9,29.7935,80.91666666666667,10.5,249.50017499923706
4.0,30.022583333333333,80.9,10.033333333333333,274.65008544921875
4.1,29.122333333333334,81.41666666666667,10.133333333333333,25.358790159225464
4.2,28.8905,82.03333333333333,9.883333333333333,51.03112840652466
4.3,29.447333333333333,80.7,9.883333333333333,74.61369347572327
4.4,29.101666666666667,81.89999999999999,9.966666666666667,99.47979617118835
4.5,28.999333333333333,81.46666666666667,9.950000000000001,125.66949510574341
4.6,28.31725,82.25,9.5,150.86971879005432
4.7,28.199916666666667,82.38333333333333,9.366666666666665,176.4111888408661
4.8,29.484416666666668,81.41666666666667,10.783333333333333,199.69611048698425
4.9,29.604416666666665,81.18333333333332,10.5,224.36624002456665
5.0,29.100166666666667,81.46666666666667,10.033333333333333,248.49676179885864
5.1,28.468416666666666,82.05,10.133333333333333,24.897396087646484
5.2,28.16625,82.75,9.883333333333333,48.29796004295349
5.3,29.07625,81.43333333333334,9.883333333333333,72.9111738204956
5.4,28.589166666666667,81.89999999999999,9.966666666666667,99.58086156845093
5.5,28.575916666666668,81.85,9.950000000000001,124.16068124771118
5.6,28.012916666666666,82.51666666666667,9.5,149.0618314743042
5.7,27.843,82.6,9.366666666666665,173.46064805984497
5.8,29.024333333333335,81.69999999999999,10.783333333333333,199.33665704727173
5.9,29.067416666666666,81.85,10.5,222.8402066230774
6.0,28.869333333333334,81.81666666666668,10.033333333333333,246.75211334228516
6.1,28.141916666666667,82.19999999999999,10.133333333333333,23.794748783111572
6.2,27.121833333333335,83.23333333333333,9.183333333333334,46.120139837265015
6.3,16.980833333333333,87.55,0.016666666666666666,68.9598400592804
6.4,16.005,88.71666666666667,0.0,92.39563179016113
6.5,15.763083333333332,88.44999999999999,0.0,115.57797336578369
6.6,15.55,89.41666666666667,0.0,139.74940943717957
6.7,15.381,89.2,0.0,169.52446484565735
6.8,15.462833333333334,88.8,0.0,194.60504126548767
6.9,15.381,89.45,0.0,218.42949175834656
7.0,15.846,88.73333333333333,0.0,242.15920042991638
7.1,14.948083333333333,89.33333333333333,0.0,25.586458444595337
7.2,14.851666666666667,89.75,0.0,52.3873131275177
7.3,15.343083333333333,88.83333333333333,0.0,77.38915681838989
7.4,14.8265,89.53333333333333,0.0,101.87601661682129
7.5,15.163916666666667,89.43333333333334,0.0,126.64120411872864
7.6,14.773416666666666,90.14999999999999,0.0,153.18753671646118
7.7,14.674166666666666,89.63333333333333,0.0,177.22688341140747
7.8,14.96925,89.46666666666667,0.0,201.87489485740662
7.9,15.030333333333333,89.60000000000001,0.0,226.66171097755432
8.0,15.65575,89.0,0.0,253.37190103530884
8.1,15.01625,89.76666666666667,0.0,27.488447189331055
8.2,14.9885,90.23333333333333,0.0,51.61756110191345
8.3,15.493916666666667,89.0,0.0,80.8678629398346
8.4,14.618416666666667,90.14999999999999,0.0,106.86999440193176
8.5,14.684583333333334,89.85,0.0,130.5256004333496
8.6,14.778,90.14999999999999,0.0,157.28829264640808
8.7,14.807416666666667,89.81666666666666,0.0,183.1733672618866
8.8,14.6495,90.28333333333333,0.0,208.48106694221497
8.9,15.0345,90.01666666666667,0.0,233.64512848854065
9.0,15.432166666666667,89.51666666666667,0.0,261.180917263031
9.1,15.477166666666667,90.03333333333333,0.0,27.078250885009766
9.2,15.20325,90.75,0.0,52.78013634681702
9.3,16.671416666666666,89.23333333333333,0.0,78.87294554710388
9.4,16.139,90.28333333333333,0.0,103.89027619361877
9.5,16.482333333333333,90.2,0.0,127.63761901855469
9.6,16.972333333333335,89.91666666666667,0.0,150.94811701774597
9.7,17.063583333333334,89.71666666666667,0.0,176.28661608695984
9.8,17.55425,89.61666666666666,0.0,200.6193561553955
9.9,17.921666666666667,90.08333333333334,0.0,224.76156163215637
10.0,18.296833333333332,89.11666666666666,0.0,249.15741276741028
