Epochs,Loss,Accuracy (%),Silent labels (%),Time (s)
0.1,55.788833333333336,65.46666666666667,10.216666666666667,17.352768421173096
0.2,25.797333333333334,89.73333333333333,0.06666666666666667,35.45650339126587
0.3,21.046166666666668,91.58333333333334,0.05,52.07219886779785
0.4,18.597083333333334,92.7,0.016666666666666666,67.33817028999329
0.5,16.4245,93.8,0.0,81.75001406669617
0.6,15.0115,94.23333333333333,0.0,95.20051193237305
0.7,13.999666666666666,94.91666666666667,0.0,107.87895917892456
0.8,13.186,95.26666666666667,0.0,120.12083292007446
0.9,13.0785,94.5,0.0,131.8499300479889
1.0,12.592333333333332,95.08333333333333,0.0,143.0268816947937
