Epochs,Loss,Accuracy (%),Silent labels (%),Time (s)
0.1,55.32216666666667,65.4,9.783333333333333,17.40717124938965
0.2,25.651166666666665,90.16666666666666,0.06666666666666667,35.60514497756958
0.3,20.842333333333332,91.45,0.05,52.42684483528137
0.4,18.51975,92.76666666666667,0.016666666666666666,68.11819577217102
0.5,16.408833333333334,93.56666666666666,0.0,82.80448579788208
0.6,14.99225,94.23333333333333,0.016666666666666666,96.63327050209045
0.7,14.0045,94.98333333333333,0.0,109.87448143959045
0.8,13.200083333333334,95.35,0.0,122.58021593093872
0.9,13.089916666666667,94.51666666666667,0.0,134.7901692390442
1.0,12.587833333333334,95.08333333333333,0.0,146.4363169670105
