Epochs,Loss,Accuracy (%),Silent labels (%),Time (s)
0.1,55.76133333333333,65.01666666666667,9.85,17.579046726226807
0.2,27.276916666666665,89.21666666666667,0.06666666666666667,36.62201428413391
0.3,24.274916666666666,90.81666666666666,0.06666666666666667,54.645644664764404
0.4,24.24191666666667,90.60000000000001,0.016666666666666666,71.63919496536255
0.5,24.627,90.0,0.016666666666666666,88.0610842704773
0.6,25.82208333333333,89.16666666666667,0.0,103.61297869682312
0.7,26.665166666666668,88.64999999999999,0.0,118.75520372390747
0.8,27.330166666666667,87.0,0.016666666666666666,133.22399616241455
0.9,28.935416666666665,84.96666666666667,0.0,147.2897937297821
1.0,29.600583333333333,84.73333333333333,0.0,160.9275233745575
