Epochs,Loss,Accuracy (%),Silent labels (%),Time (s)
0.1,55.32666666666667,65.51666666666667,9.416666666666666,17.57287836074829
0.2,25.827833333333334,89.91666666666667,0.06666666666666667,36.159258127212524
0.3,20.986083333333333,91.61666666666667,0.03333333333333333,53.437634229660034
0.4,18.608583333333332,92.80000000000001,0.016666666666666666,69.52971482276917
0.5,16.420833333333334,93.78333333333333,0.0,84.69821190834045
0.6,15.097416666666666,94.28333333333333,0.0,99.0146975517273
0.7,14.083416666666666,94.93333333333334,0.0,112.65600657463074
0.8,13.281333333333333,95.05,0.016666666666666666,125.58128023147583
0.9,13.144333333333334,94.51666666666667,0.0,137.84764671325684
1.0,12.595416666666667,94.95,0.0,149.63919520378113
