Epochs,Loss,Accuracy (%),Silent labels (%),Time (s)
0.1,54.856833333333334,65.73333333333333,9.583333333333334,17.245189905166626
0.2,25.4405,90.03333333333333,0.08333333333333334,34.918007135391235
0.3,20.722333333333335,91.88333333333333,0.1,51.15444326400757
0.4,18.444666666666667,92.81666666666666,0.016666666666666666,66.24504446983337
0.5,16.294,93.8,0.0,80.48871207237244
0.6,14.948333333333334,94.28333333333333,0.0,93.80838060379028
0.7,13.923583333333333,95.03333333333333,0.0,106.3241515159607
0.8,13.153,95.25,0.0,118.30175948143005
0.9,12.99675,94.55,0.0,129.74231839179993
1.0,12.529583333333333,95.1,0.0,140.70960640907288
