Epochs,Loss,Accuracy (%),Silent labels (%),Time (s)
0.1,54.72725,65.91666666666667,9.133333333333333,17.442955017089844
0.2,25.679083333333335,89.78333333333333,0.05,35.513792991638184
0.3,20.885833333333334,91.7,0.05,52.286893129348755
0.4,18.598666666666666,92.68333333333332,0.03333333333333333,67.89627623558044
0.5,16.33825,93.7,0.0,82.65535593032837
0.6,14.943833333333334,94.31666666666668,0.0,96.58249807357788
0.7,13.928666666666667,94.93333333333334,0.0,109.80220198631287
0.8,13.103583333333333,95.28333333333333,0.0,122.51131248474121
0.9,13.015166666666667,94.65,0.0,134.7892963886261
1.0,12.504583333333333,95.08333333333333,0.0,146.52889895439148
