Epochs,Loss,Accuracy (%),Silent labels (%),Time (s)
0.1,54.79633333333334,65.68333333333334,9.566666666666666,17.286609888076782
0.2,25.428416666666667,89.96666666666667,0.06666666666666667,35.027344942092896
0.3,20.732916666666668,91.55,0.05,51.05733346939087
0.4,18.481666666666666,92.85,0.016666666666666666,66.03754949569702
0.5,16.212583333333335,93.75,0.0,80.11429286003113
0.6,14.86725,94.46666666666667,0.0,93.50029730796814
0.7,13.916916666666667,95.06666666666666,0.0,106.25983905792236
0.8,13.125,95.41666666666667,0.0,118.39986729621887
0.9,13.00275,94.56666666666666,0.0,130.05620646476746
1.0,12.492416666666667,95.26666666666667,0.0,141.31592893600464
