Epochs,Loss,Accuracy (%),Silent labels (%),Time (s)
0.1,55.18966666666667,65.78333333333333,9.700000000000001,17.339965343475342
0.2,25.544833333333333,90.06666666666666,0.06666666666666667,35.161521673202515
0.3,20.837333333333333,91.8,0.06666666666666667,51.698182582855225
0.4,18.475666666666665,92.91666666666667,0.016666666666666666,66.81196117401123
0.5,16.312166666666666,93.75,0.0,81.03143215179443
0.6,14.913916666666667,94.31666666666668,0.0,94.4516773223877
0.7,13.897416666666667,94.96666666666667,0.0,107.32811856269836
0.8,13.1405,95.19999999999999,0.0,119.52381587028503
0.9,12.996666666666666,94.51666666666667,0.0,131.2114975452423
1.0,12.510583333333333,95.05,0.0,142.41567420959473
