Epochs,Loss,Accuracy (%),Silent labels (%),Time (s)
0.1,55.708416666666665,65.16666666666666,9.933333333333334,17.49330973625183
0.2,25.73,90.08333333333334,0.08333333333333334,35.711610555648804
0.3,20.926416666666668,91.8,0.05,52.62024998664856
0.4,18.571,92.81666666666666,0.016666666666666666,68.20396947860718
0.5,16.43775,93.7,0.016666666666666666,82.78327441215515
0.6,14.952916666666667,94.25,0.0,96.57397389411926
0.7,13.995916666666666,94.83333333333334,0.0,109.73746871948242
0.8,13.131833333333333,95.35,0.0,122.24622249603271
0.9,13.0745,94.43333333333334,0.0,134.19055914878845
1.0,12.616916666666667,95.15,0.0,145.7206470966339
