0.02,0.03,0.05,0.08,0.1,0.13,0.15,0.18,0.2
0.0,0.0,0.005645390070921985,0.08536524822695032,0.15795744680851062,0.2815602836879432,0.3672198581560285,0.492436170212766,0.5721063829787234
2.8368794326241135e-05,0.018425531914893618,0.1046914893617021,0.23913475177304963,0.3273049645390071,0.4448617021276595,0.5127553191489361,0.6013758865248227,0.6540319148936169
0.01371276595744681,0.06751063829787234,0.1768333333333333,0.32199999999999995,0.40859929078014184,0.5166134751773049,0.5799574468085106,0.6677624113475177,0.7212730496453901
0.043695035460992904,0.10351063829787233,0.21150709219858152,0.34690425531914904,0.4248510638297872,0.5320567375886525,0.5982198581560283,0.6883758865248227,0.7425248226950354
0.05856382978723403,0.12482269503546096,0.23335815602836876,0.3626631205673759,0.4416347517730496,0.5522234042553192,0.6189964539007092,0.709854609929078,0.764581560283688
0.0642836879432624,0.13242907801418438,0.24529078014184397,0.3712801418439717,0.45009574468085106,0.5609326241134751,0.6286170212765957,0.7198014184397163,0.774354609929078
0.07170921985815601,0.14069148936170212,0.2537907801418439,0.378290780141844,0.45685106382978724,0.5669113475177304,0.6340177304964539,0.7242553191489363,0.7780460992907802
0.0854964539007092,0.1525673758865248,0.25929432624113474,0.38384751773049647,0.462308510638298,0.5736595744680851,0.6412375886524824,0.7329184397163122,0.7877872340425532
0.10015602836879431,0.16485106382978718,0.2629148936170212,0.38599645390070925,0.4636170212765957,0.5735390070921986,0.6405567375886525,0.7314787234042553,0.7859609929078015
0.11125886524822694,0.17545390070921985,0.26742907801418436,0.38985106382978724,0.46771276595744676,0.5789219858156028,0.6464858156028368,0.7386347517730497,0.793595744680851
