0.02,0.03,0.05,0.08,0.1,0.13,0.15,0.18,0.2
0.0,0.0,0.0,0.027702127659574468,0.07493262411347516,0.1751737588652482,0.2672269503546099,0.34419503546099295,0.37846453900709226
0.0,0.0,0.0,0.0496950354609929,0.10169858156028368,0.19903546099290775,0.2750248226950354,0.33815248226950356,0.3666312056737589
0.0,0.0,0.0,0.06471985815602836,0.11816312056737586,0.20846808510638296,0.2750886524822695,0.33103546099290776,0.3563475177304965
0.0,0.0,0.0,0.0788014184397163,0.13102127659574464,0.21423404255319148,0.2741808510638298,0.32470921985815604,0.3475212765957447
0.0,0.0,0.0,0.08535106382978723,0.1357304964539007,0.2137304964539007,0.27014184397163116,0.3172659574468085,0.3381489361702128
0.0,0.0,0.0,0.0917836879432624,0.13936170212765955,0.21243617021276598,0.2659326241134752,0.31089361702127666,0.3306276595744681
0.0,0.0,2.8368794326241135e-05,0.09651418439716308,0.1410851063829787,0.21042907801418437,0.26107801418439713,0.3031028368794326,0.32141843971631207
0.0,0.0,0.0007163120567375886,0.10047163120567373,0.14242553191489357,0.20802127659574465,0.2564929078014184,0.2963439716312057,0.31366666666666665
0.0,0.0,0.0022021276595744683,0.1040531914893617,0.144209219858156,0.20646453900709216,0.2527198581560283,0.2905673758865248,0.3065
0.0,0.0,0.003925531914893617,0.10745390070921984,0.14536524822695035,0.20403900709219855,0.24779787234042552,0.2833723404255319,0.2987021276595745
