0.02,0.03,0.05,0.08,0.1,0.13,0.15,0.18,0.2
0.0,0.0,1.4184397163120568e-05,0.030524822695035463,0.12035815602836879,0.2311560283687943,0.3096063829787234,0.46710283687943266,0.5427163120567375
0.0,0.0,0.00026950354609929077,0.049148936170212765,0.1542482269503546,0.2739468085106383,0.3541879432624114,0.5080283687943262,0.5798014184397163
0.0,0.0,0.0009893617021276596,0.0631418439716312,0.1761524822695035,0.29733333333333334,0.3759539007092199,0.5231560283687943,0.591063829787234
0.0,0.0,0.0019787234042553193,0.07372340425531915,0.1916028368794326,0.3132801418439716,0.3903475177304965,0.5323971631205674,0.5981205673758865
0.0,0.0,0.003191489361702128,0.08207801418439714,0.2029964539007092,0.32392553191489365,0.3995531914893618,0.5387695035460993,0.6026205673758865
0.0,0.0,0.004606382978723404,0.08922340425531912,0.21150354609929076,0.33015248226950356,0.4033191489361702,0.5374964539007092,0.599404255319149
0.0,0.0,0.006145390070921987,0.09590425531914891,0.21952836879432622,0.3368687943262412,0.4088049645390071,0.5402872340425533,0.6001879432624114
0.0,0.0,0.007705673758865247,0.10130496453900709,0.22500354609929074,0.3407624113475177,0.41150354609929074,0.5406418439716313,0.5992269503546098
0.0,0.0,0.009297872340425534,0.10639716312056735,0.23011702127659575,0.3444574468085107,0.41400354609929085,0.5403333333333332,0.5977872340425532
0.0,0.0,0.010677304964539008,0.1103368794326241,0.2334893617021276,0.34669503546099295,0.4149468085106383,0.5387872340425532,0.5948900709219858
