0.02,0.03,0.05,0.08,0.1,0.13,0.15,0.18,0.2
0.0,0.0,0.00021631205673758867,0.05372340425531915,0.12398226950354606,0.244968085106383,0.3284574468085106,0.4508120567375887,0.5284007092198582
0.0,0.0,0.0018085106382978722,0.07907092198581558,0.15903900709219856,0.2841418439716312,0.36450000000000005,0.47684751773049644,0.5463758865248226
0.0,0.0,0.00473758865248227,0.09672695035460992,0.18082624113475174,0.303563829787234,0.37923758865248236,0.48353546099290773,0.5477943262411348
0.0,0.0,0.007960992907801421,0.10910638297872341,0.19422695035460988,0.31397517730496455,0.3860851063829787,0.4847765957446809,0.5457269503546099
0.0,0.0,0.010549645390070922,0.11538297872340424,0.20108865248226948,0.3170283687943262,0.38634397163120565,0.4820886524822695,0.5407730496453901
0.0,0.0,0.013925531914893619,0.12371631205673757,0.20851773049645386,0.3219326241134752,0.3887127659574468,0.4809078014184398,0.5370886524822696
0.0,0.0,0.017312056737588656,0.13094326241134752,0.214886524822695,0.32522695035460997,0.39030141843971633,0.4796950354609929,0.5349078014184397
0.0,0.0,0.020521276595744688,0.13671631205673754,0.21978723404255315,0.3282517730496454,0.39247517730496456,0.4804007092198581,0.5338652482269504
0.0,0.0,0.023606382978723407,0.1414219858156028,0.22336524822695034,0.3290212765957447,0.3914503546099291,0.476549645390071,0.5282375886524823
0.0,0.0,0.026063829787234045,0.14570212765957444,0.22609929078014182,0.3301631205673759,0.3916631205673759,0.4756808510638298,0.5264468085106383
