0.02,0.03,0.05,0.08,0.1,0.13,0.15,0.18,0.2
0.0,0.0,3.546099290780142e-06,0.023914893617021277,0.10097163120567372,0.19104964539007088,0.2813652482269503,0.36556382978723406,0.4433829787234042
0.0,0.0,0.00022340425531914892,0.043060283687943256,0.13146808510638294,0.22239361702127658,0.30352836879432626,0.376145390070922,0.442581560283688
0.0,0.0,0.001372340425531915,0.0575,0.14994680851063827,0.23763120567375884,0.31264184397163114,0.37953191489361704,0.4406843971631206
0.0,0.0,0.003425531914893618,0.06888652482269504,0.16218439716312055,0.2456241134751773,0.3152269503546099,0.37747872340425537,0.4344574468085106
0.0,0.0,0.004868794326241135,0.0731418439716312,0.16567375886524818,0.24585460992907798,0.31251773049645387,0.37233687943262417,0.4268475177304965
0.0,0.0,0.0057092198581560295,0.07379787234042552,0.16414893617021273,0.2414929078014184,0.30545390070921985,0.3623794326241135,0.4148758865248227
0.0,0.0,0.007436170212765958,0.07874468085106381,0.1675992907801418,0.2425815602836879,0.30482624113475176,0.3605567375886525,0.4113581560283687
0.0,0.0,0.009074468085106382,0.08300354609929077,0.17070921985815599,0.2433758865248227,0.30418085106382975,0.35805319148936177,0.4077836879432625
0.0,0.0,0.01028368794326241,0.08540425531914893,0.17121631205673757,0.24180496453900704,0.30117021276595746,0.35435106382978726,0.4025957446808511
0.0,0.0,0.01148936170212766,0.08767375886524818,0.17171985815602836,0.24098581560283686,0.29992198581560287,0.35252836879432625,0.4005354609929078
