Epochs,Loss,Accuracy (%),Silent labels (%),Time (s),Average Prediction Confidence
0.09973404255319149,93.61373333333333,32.11555555555556,5.680000000000001,35.19450902938843,0.2902755555555832
0.19946808510638298,61.011155555555554,55.333333333333336,0.0,58.76140904426575,0.34188444444439003
0.2992021276595745,55.282577777777774,61.51111111111112,0.0,80.49283003807068,0.3744790123456521
0.39893617021276595,51.92008888888889,63.973333333333336,0.0,100.97052121162415,0.398348148148131
0.49867021276595747,49.40022222222222,66.76444444444445,0.0,120.73085689544678,0.4176071111110951
0.598404255319149,47.556488888888886,68.07111111111112,0.0,139.920880317688,0.43350716049381177
0.6981382978723404,45.90244444444444,68.85333333333334,0.0,158.65776920318604,0.44721269841269257
0.7978723404255319,44.39911111111111,70.38222222222223,0.0,176.89653611183167,0.4593214814814951
0.8976063829787234,43.22182222222222,70.96000000000001,0.0,194.93338537216187,0.470138600823074
0.9973404255319149,42.11066666666667,71.86666666666667,0.0,212.7556450366974,0.4798423703704097
1.0970744680851063,40.68866666666667,73.28,0.0,17.390177726745605,0.5811811263318257
1.196808510638298,39.922044444444445,73.46666666666667,0.0,34.705875873565674,0.5855495495495423
1.2965425531914894,39.19408888888889,73.93777777777778,0.0,51.85028076171875,0.5889088191330074
1.3962765957446808,38.91288888888889,74.01777777777778,0.0,68.79930233955383,0.5916480238627452
1.4960106382978724,38.41408888888889,74.56888888888888,0.0,85.62159037590027,0.5943235031277442
1.5957446808510638,37.81591111111111,74.77333333333334,0.0,102.2580235004425,0.5972400793650582
1.6954787234042554,37.16497777777778,75.44888888888889,0.008888888888888889,118.64119696617126,0.5999762056511524
1.7952127659574468,36.6872,75.34222222222222,0.0,134.93194818496704,0.6028383500557498
1.8949468085106382,36.19817777777778,76.03555555555556,0.0,151.24035692214966,0.6056648505861142
1.9946808510638299,35.70831111111111,76.26666666666667,0.0,167.3232340812683,0.6085258467023569
2.0944148936170213,34.91777777777778,77.52,0.0,15.484046697616577,0.639793427230067
2.1941489361702127,34.66342222222222,77.19111111111111,0.0,31.408798217773438,0.6414703196346905
2.293882978723404,34.303333333333335,77.36888888888889,0.0,47.1061851978302,0.6430145801910073
2.393617021276596,33.836133333333336,78.06222222222222,0.0,62.83725309371948,0.6453378378377823
2.4933510638297873,33.88164444444445,77.60000000000001,0.0,78.42247223854065,0.6466918238993216
2.5930851063829787,33.324444444444445,78.11555555555556,0.0,93.94534802436829,0.6484843049326993
2.69281914893617,33.04773333333333,78.32000000000001,0.0,109.36290907859802,0.6501616549370691
2.7925531914893615,33.142,77.90222222222222,0.0,125.5686240196228,0.651276659209539
2.8922872340425534,33.0508,78.21333333333334,0.0,141.94193148612976,0.6522841530054698
2.992021276595745,32.6768,78.77333333333333,0.0,157.84479904174805,0.6534518915699401
3.091755319148936,31.85488888888889,79.39555555555555,0.0,14.876458644866943,0.6697713365539659
3.1914893617021276,31.808044444444445,79.00444444444445,0.0,31.075770139694214,0.6715277777777627
3.291223404255319,31.3192,79.67999999999999,0.008888888888888889,46.51710534095764,0.6733800101470976
3.390957446808511,31.00608888888889,79.95555555555556,0.008888888888888889,61.81532549858093,0.6753182161753077
3.4906914893617023,30.801955555555555,80.17777777777778,0.0,77.10665845870972,0.6768419150857762
3.5904255319148937,30.9976,80.36444444444444,0.0,92.22766757011414,0.6778398398398132
3.690159574468085,31.028488888888887,79.88444444444444,0.0,107.39116168022156,0.6783755084564213
3.7898936170212765,31.283333333333335,79.67999999999999,0.0,122.2198839187622,0.6786262626262596
3.889627659574468,30.16902222222222,80.11555555555555,0.0,136.99281883239746,0.6800186015612396
3.9893617021276597,30.748666666666665,79.63555555555556,0.0,151.4111843109131,0.6805304659499356
4.089095744680851,29.939422222222223,80.38222222222223,0.0,13.253408193588257,0.6911111111111328
4.1888297872340425,29.495822222222223,80.90666666666667,0.0,27.70707869529724,0.6934272300469346
4.288563829787234,29.529511111111113,80.73777777777778,0.0,42.02579736709595,0.6945417306707219
4.388297872340425,29.58062222222222,80.92444444444445,0.0,56.536996364593506,0.6951978691019235
4.488031914893617,29.581466666666667,81.19111111111111,0.0,70.81902289390564,0.6953012412957542
4.587765957446808,29.235422222222223,81.53777777777778,0.0,84.92219042778015,0.6962182001005296
4.6875,29.483644444444444,80.51555555555555,0.008888888888888889,99.02956628799438,0.6965261121856742
4.787234042553192,29.436355555555554,80.57777777777778,0.0,113.10166716575623,0.696767267267264
4.886968085106383,28.796844444444446,81.7688888888889,0.0,127.17502188682556,0.6976371814093477
4.986702127659575,28.926444444444446,81.68888888888888,0.0,141.08546900749207,0.6982857142858574
5.086436170212766,28.60568888888889,81.56444444444443,0.0,12.434866666793823,0.7036444444444644
5.1861702127659575,28.035688888888888,82.59555555555555,0.0,26.39452338218689,0.7082380952380752
5.285904255319149,27.704977777777778,82.36444444444444,0.0,40.509732484817505,0.7109891472867795
5.38563829787234,27.682044444444443,82.41777777777777,0.008888888888888889,54.369868516922,0.7122636015325136
5.485372340425532,28.352533333333334,81.76,0.008888888888888889,68.1894006729126,0.7116176560121361
5.585106382978723,27.995822222222223,82.14222222222223,0.0,81.91027474403381,0.7117010101009837
5.684840425531915,28.1812,81.97333333333333,0.0,95.77068305015564,0.7117316073354768
5.784574468085107,27.97368888888889,82.39111111111112,0.008888888888888889,109.47560334205627,0.7120135593220283
5.884308510638298,28.123644444444444,81.60888888888888,0.0,123.13344597816467,0.71210025062664
5.98404255319149,28.480355555555555,81.44,0.0,136.79124212265015,0.7117819819821423
6.0837765957446805,27.12848888888889,82.72,0.0,11.952340364456177,0.7210723104056658
6.183510638297872,26.7892,83.32444444444445,0.0,25.54271125793457,0.7219130434782387
6.283244680851064,27.154044444444445,82.9688888888889,0.0,39.09561848640442,0.7217172665622905
6.382978723404255,27.28848888888889,82.53333333333333,0.0,52.68534708023071,0.721748456790061
6.482712765957447,27.37311111111111,82.46222222222222,0.0,66.2445342540741,0.721128864401544
6.582446808510638,27.101422222222222,82.82666666666667,0.0,79.83581209182739,0.7215220700151922
6.68218085106383,27.305244444444444,82.72888888888889,0.0,93.33661913871765,0.7212328351743317
6.781914893617022,27.11151111111111,82.8,0.0,106.8906991481781,0.7215502645502468
6.881648936170213,27.409955555555555,82.04444444444444,0.0,120.37734389305115,0.7215579017932578
6.9813829787234045,26.805777777777777,82.81777777777778,0.0,134.03465104103088,0.721947003914636
7.0811170212765955,26.045955555555555,84.07111111111111,0.0,11.298445463180542,0.7348051001821719
7.180851063829787,26.22551111111111,83.51111111111112,0.0,24.707652807235718,0.7319248366012825
7.280585106382978,26.22351111111111,83.69777777777779,0.0,38.16320085525513,0.7320526592943156
7.38031914893617,26.4008,83.04,0.0,51.64395332336426,0.7315011655011034
7.480053191489362,26.62688888888889,82.70222222222222,0.0,65.08583211898804,0.7308808864265471
7.579787234042553,26.355822222222223,83.43111111111111,0.008888888888888889,78.428377866745,0.730824668705371
7.679521276595745,26.413911111111112,83.61777777777777,0.0,91.80868315696716,0.730627527723399
7.779255319148936,26.307333333333332,83.39555555555556,0.0,105.24759459495544,0.730752370117547
7.878989361702128,26.492622222222224,83.29777777777778,0.0,118.62548851966858,0.7307110438729938
7.9787234042553195,26.697555555555557,83.08444444444444,0.0,131.92542910575867,0.7303719806764869
8.07845744680851,25.64462222222222,83.93777777777778,0.0,10.736605167388916,0.7369642184557663
8.178191489361701,26.133688888888887,83.67999999999999,0.0,24.52596139907837,0.7342421227197138
8.277925531914894,25.499244444444443,83.86666666666667,0.008888888888888889,37.84192943572998,0.7362083997872979
8.377659574468085,25.861555555555555,83.61777777777777,0.0,51.09169960021973,0.7356666666666029
8.477393617021276,25.446,84.0,0.0,64.37440037727356,0.7364333023831185
8.577127659574469,25.745822222222223,83.55555555555556,0.0,77.68361473083496,0.7363584229390375
8.67686170212766,25.810533333333332,83.87555555555556,0.0,91.04249501228333,0.7364435712726276
8.77659574468085,25.490444444444446,83.94666666666667,0.0,104.31462216377258,0.73692694063926
8.876329787234043,25.868933333333334,83.92888888888889,0.008888888888888889,117.53135299682617,0.7369516101838725
8.976063829787234,25.679022222222223,83.94666666666667,0.0,130.77462196350098,0.737206176203634
9.075797872340425,25.021644444444444,84.22222222222221,0.0,10.39748764038086,0.7448576998050905
9.175531914893616,24.626177777777777,85.11999999999999,0.0,23.554512977600098,0.7455589225589019
9.275265957446809,25.213822222222223,84.05333333333334,0.0,36.66273641586304,0.7441846484164848
9.375,25.104533333333332,84.46222222222222,0.008888888888888889,49.76749300956726,0.7440315208825248
9.474734042553191,25.390533333333334,84.16888888888889,0.0,63.08296322822571,0.7432804232803762
9.574468085106384,25.232622222222222,83.94666666666667,0.008888888888888889,76.22565245628357,0.7432283950617026
9.674202127659575,24.942933333333333,84.61333333333333,0.0,89.29661750793457,0.7433320184089229
9.773936170212766,25.408266666666666,83.84,0.008888888888888889,102.36423540115356,0.743027873234052
9.873670212765957,25.388844444444445,83.78666666666666,0.0,115.37354445457458,0.7428858447489592
9.97340425531915,25.26848888888889,83.58222222222223,0.0,128.40087628364563,0.7427978142078343
