Epochs,Loss,Accuracy (%),Silent labels (%),Time (s),Average Prediction Confidence
0.09973404255319149,94.22475555555556,31.706666666666667,5.768888888888888,29.962809562683105,0.0
0.19946808510638298,61.33271111111111,55.004444444444445,0.008888888888888889,52.06099510192871,0.0
0.2992021276595745,55.46022222222222,60.74666666666667,0.0,72.26917290687561,0.0
0.39893617021276595,51.61817777777778,65.37777777777778,0.0,91.36677384376526,0.0
0.49867021276595747,49.110755555555556,66.7911111111111,0.0,109.10118556022644,0.0
0.598404255319149,47.43848888888889,68.07111111111112,0.0,126.41309094429016,0.0
0.6981382978723404,45.641777777777776,69.66222222222223,0.0,144.2108416557312,0.0
0.7978723404255319,44.10648888888889,71.03111111111112,0.008888888888888889,160.89993739128113,0.0
0.8976063829787234,42.85142222222222,70.64,0.0,176.74249815940857,0.0
0.9973404255319149,41.788355555555555,71.64444444444445,0.0,192.59671902656555,0.0
1.0970744680851063,40.66435555555555,72.24888888888889,0.008888888888888889,14.83092713356018,0.0
1.196808510638298,39.56946666666666,73.41333333333333,0.0,29.855708360671997,0.0
1.2965425531914894,38.99448888888889,72.91555555555556,0.0,44.62758660316467,0.0
1.3962765957446808,37.58271111111111,74.4888888888889,0.0,59.06489634513855,0.0
1.4960106382978724,37.369822222222226,74.80888888888889,0.0,72.91281080245972,0.0
1.5957446808510638,37.647822222222224,74.56888888888888,0.0,87.24102354049683,0.0
1.6954787234042554,37.21706666666667,76.09777777777778,0.0,101.5129406452179,0.0
1.7952127659574468,37.25346666666667,76.30222222222223,0.0,115.85662484169006,0.0
1.8949468085106382,36.88773333333334,76.15111111111112,0.0,130.63381624221802,0.0
1.9946808510638299,36.85466666666667,76.81777777777778,0.008888888888888889,145.95157313346863,0.0
2.0944148936170213,35.79817777777778,77.61777777777777,0.0,15.663733720779419,0.0
2.1941489361702127,34.788755555555554,77.86666666666666,0.0,31.87988018989563,0.0
2.293882978723404,33.93528888888889,78.46222222222222,0.0,48.323514223098755,0.0
2.393617021276596,32.92444444444445,79.48444444444445,0.0,64.91487264633179,0.0
2.4933510638297873,32.39853333333333,79.83111111111111,0.008888888888888889,81.6684103012085,0.0
2.5930851063829787,32.641333333333336,79.46666666666667,0.0,98.47317123413086,0.0
2.69281914893617,31.778311111111112,80.96888888888888,0.0,115.40360808372498,0.0
2.7925531914893615,31.594666666666665,80.44444444444444,0.0,132.43525171279907,0.0
2.8922872340425534,31.611733333333333,80.62222222222222,0.008888888888888889,150.20739793777466,0.0
2.992021276595745,31.473866666666666,80.64888888888889,0.008888888888888889,167.8105766773224,0.0
3.091755319148936,31.32422222222222,81.30666666666667,0.008888888888888889,16.565769910812378,0.0
3.1914893617021276,31.2572,81.22666666666667,0.0,34.22871494293213,0.0
3.291223404255319,31.096888888888888,81.52888888888889,0.0,51.750564098358154,0.0
3.390957446808511,30.52768888888889,82.53333333333333,0.0,69.47104525566101,0.0
3.4906914893617023,30.397955555555555,82.79111111111112,0.0,87.0636031627655,0.0
3.5904255319148937,30.920266666666667,82.2488888888889,0.0,104.66739797592163,0.0
3.690159574468085,29.969377777777776,83.04,0.0,122.22236347198486,0.0
3.7898936170212765,30.31608888888889,82.75555555555556,0.0,139.78821301460266,0.0
3.889627659574468,30.243155555555557,82.69333333333333,0.0,157.42637658119202,0.0
3.9893617021276597,30.224755555555557,82.8,0.008888888888888889,175.0879316329956,0.0
4.089095744680851,29.995244444444445,83.48444444444443,0.0,16.138203382492065,0.0
4.1888297872340425,30.364622222222224,82.99555555555555,0.0,34.18116044998169,0.0
4.288563829787234,29.996,83.31555555555555,0.0,52.17279028892517,0.0
4.388297872340425,29.467155555555557,84.56888888888889,0.0,70.35520315170288,0.0
4.488031914893617,29.438488888888887,84.25777777777778,0.008888888888888889,88.47208738327026,0.0
4.587765957446808,30.17528888888889,83.80444444444444,0.0,106.6664125919342,0.0
4.6875,29.40897777777778,84.56,0.017777777777777778,124.70995926856995,0.0
4.787234042553192,29.775777777777776,83.96444444444444,0.0,142.73646879196167,0.0
4.886968085106383,29.45391111111111,84.23111111111112,0.008888888888888889,160.83755898475647,0.0
4.986702127659575,29.600088888888887,84.09777777777778,0.0,178.6517050266266,0.0
5.086436170212766,29.3328,84.4888888888889,0.0,15.68022346496582,0.0
5.1861702127659575,29.597955555555554,84.14222222222222,0.0,33.676005125045776,0.0
5.285904255319149,29.443555555555555,84.71111111111111,0.008888888888888889,51.68743562698364,0.0
5.38563829787234,29.103466666666666,85.54666666666667,0.0,69.88437938690186,0.0
5.485372340425532,29.075155555555554,85.47555555555556,0.008888888888888889,88.17444944381714,0.0
5.585106382978723,29.377955555555555,84.85333333333334,0.0,106.32302331924438,0.0
5.684840425531915,28.8852,85.49333333333334,0.017777777777777778,124.50164556503296,0.0
5.784574468085107,29.140444444444444,84.98666666666666,0.008888888888888889,142.62697052955627,0.0
5.884308510638298,28.731022222222222,85.43111111111111,0.0,160.82430982589722,0.0
5.98404255319149,28.876088888888887,85.08444444444444,0.0,178.89563655853271,0.0
6.0837765957446805,28.803911111111113,85.34222222222222,0.017777777777777778,15.399236917495728,0.0
6.183510638297872,29.123244444444445,85.39555555555556,0.0,33.40624642372131,0.0
6.283244680851064,28.593511111111113,85.50222222222223,0.008888888888888889,51.42269945144653,0.0
6.382978723404255,28.333466666666666,86.57777777777778,0.008888888888888889,69.55767345428467,0.0
6.482712765957447,28.354177777777778,86.3911111111111,0.0,87.81936860084534,0.0
6.582446808510638,28.901244444444444,85.54666666666667,0.0,105.95456314086914,0.0
6.68218085106383,27.988044444444444,86.4888888888889,0.0,124.07951664924622,0.0
6.781914893617022,28.69808888888889,85.6,0.0,142.3287103176117,0.0
6.881648936170213,28.331377777777778,85.92,0.0,160.57992911338806,0.0
6.9813829787234045,28.793333333333333,85.70666666666666,0.008888888888888889,178.81223273277283,0.0
7.0811170212765955,28.270844444444446,86.32888888888888,0.0,14.930736303329468,0.0
7.180851063829787,28.733466666666665,86.17777777777778,0.0,33.07216548919678,0.0
7.280585106382978,28.53662222222222,85.98222222222222,0.017777777777777778,51.130221366882324,0.0
7.38031914893617,28.07111111111111,87.25333333333334,0.044444444444444446,69.32435989379883,0.0
7.480053191489362,27.9192,87.09333333333333,0.0,87.59514307975769,0.0
7.579787234042553,28.461955555555555,86.50666666666666,0.0,105.76951885223389,0.0
7.679521276595745,27.998266666666666,86.57777777777778,0.0,123.90224766731262,0.0
7.779255319148936,28.384844444444443,86.4,0.02666666666666667,141.99635100364685,0.0
7.878989361702128,28.444622222222222,86.26666666666667,0.0,160.1554090976715,0.0
7.9787234042553195,28.337155555555555,86.53333333333333,0.0,178.2839334011078,0.0
8.07845744680851,27.99528888888889,87.07555555555555,0.017777777777777778,14.442440748214722,0.0
8.178191489361701,28.381955555555557,86.37333333333333,0.008888888888888889,32.38202714920044,0.0
8.277925531914894,28.119422222222223,87.01333333333334,0.017777777777777778,50.319727659225464,0.0
8.377659574468085,28.0844,87.27111111111111,0.0,68.46694278717041,0.0
8.477393617021276,27.658533333333335,87.31555555555556,0.0,86.6148829460144,0.0
8.577127659574469,28.302311111111113,86.99555555555555,0.0,104.8519356250763,0.0
8.67686170212766,28.219377777777776,87.28,0.017777777777777778,122.9051251411438,0.0
8.77659574468085,28.32497777777778,86.88,0.02666666666666667,141.07128167152405,0.0
8.876329787234043,28.26671111111111,86.88,0.017777777777777778,159.2695324420929,0.0
8.976063829787234,28.1544,86.84444444444445,0.008888888888888889,177.4893181324005,0.0
9.075797872340425,27.978666666666665,87.54666666666667,0.017777777777777778,13.780718088150024,0.0
9.175531914893616,28.442755555555557,87.03999999999999,0.008888888888888889,31.724085569381714,0.0
9.275265957446809,28.179022222222223,87.29777777777777,0.008888888888888889,49.77767753601074,0.0
9.375,27.963644444444444,87.83111111111111,0.0,67.90509080886841,0.0
9.474734042553191,27.920222222222222,87.68,0.044444444444444446,85.93540501594543,0.0
9.574468085106384,28.44022222222222,87.33333333333333,0.017777777777777778,103.98045086860657,0.0
9.674202127659575,28.136355555555557,87.67111111111112,0.017777777777777778,122.09800386428833,0.0
9.773936170212766,28.3848,87.17333333333333,0.017777777777777778,140.25626039505005,0.0
9.873670212765957,28.50937777777778,87.21777777777778,0.035555555555555556,158.39687132835388,0.0
9.97340425531915,28.2852,87.44888888888889,0.0,176.45648884773254,0.0
