Epochs,Loss,Accuracy (%),Silent labels (%),Time (s),Average Prediction Confidence
0.09973404255319149,91.34457777777777,29.893333333333334,5.288888888888889,32.354023933410645,0.0
0.19946808510638298,62.94204444444444,50.53333333333333,0.0,56.53079628944397,0.0
0.2992021276595745,59.80564444444445,52.83555555555556,0.0,78.2979564666748,0.0
0.39893617021276595,58.364,54.337777777777774,0.0,98.96878051757812,0.0
0.49867021276595747,58.14311111111111,53.70666666666667,0.0,118.55483675003052,0.0
0.598404255319149,57.92351111111111,52.46222222222222,0.0,137.4103503227234,0.0
0.6981382978723404,58.0136,51.80444444444444,0.0,155.68871355056763,0.0
0.7978723404255319,58.03013333333333,51.404444444444444,0.0,173.63438844680786,0.0
0.8976063829787234,57.860933333333335,50.888888888888886,0.0,191.30647134780884,0.0
0.9973404255319149,58.20417777777778,50.20444444444444,0.0,208.62294793128967,0.0
1.0970744680851063,58.38453333333333,49.288888888888884,0.0,16.77036166191101,0.0
1.196808510638298,58.30488888888889,49.28,0.0,33.477319955825806,0.0
1.2965425531914894,58.410088888888886,49.05777777777778,0.0,49.84425616264343,0.0
1.3962765957446808,58.38071111111111,48.51555555555556,0.0,66.23457765579224,0.0
1.4960106382978724,58.724666666666664,47.724444444444444,0.0,82.27062273025513,0.0
1.5957446808510638,58.892266666666664,47.67111111111111,0.0,98.18335127830505,0.0
1.6954787234042554,58.68995555555556,47.48444444444445,0.0,113.8110842704773,0.0
1.7952127659574468,58.87186666666667,47.48444444444445,0.0,129.56787991523743,0.0
1.8949468085106382,59.24057777777778,46.53333333333333,0.0,145.01378321647644,0.0
1.9946808510638299,59.57328888888889,46.31111111111111,0.0,160.47204756736755,0.0
2.0944148936170213,59.587155555555555,45.28,0.008888888888888889,14.6449716091156,0.0
2.1941489361702127,59.733644444444444,44.76444444444444,0.0,29.561877250671387,0.0
2.293882978723404,59.57266666666667,44.94222222222222,0.0,44.533958196640015,0.0
2.393617021276596,59.944177777777774,44.275555555555556,0.0,59.34970998764038,0.0
2.4933510638297873,59.96746666666667,44.60444444444445,0.0,74.0643904209137,0.0
2.5930851063829787,60.42426666666667,43.22666666666667,0.0,88.81131839752197,0.0
2.69281914893617,60.562266666666666,43.724444444444444,0.0,103.38936996459961,0.0
2.7925531914893615,60.77471111111111,43.62666666666667,0.0,117.91550135612488,0.0
2.8922872340425534,60.5036,43.724444444444444,0.0,132.60293292999268,0.0
2.992021276595745,60.66484444444445,43.10222222222222,0.0,147.22389793395996,0.0
3.091755319148936,60.6956,42.577777777777776,0.008888888888888889,13.493955850601196,0.0
3.1914893617021276,61.108488888888886,41.68888888888888,0.0,27.7452232837677,0.0
3.291223404255319,60.9736,41.53777777777778,0.0,42.00480246543884,0.0
3.390957446808511,61.09222222222222,41.58222222222222,0.0,56.22316932678223,0.0
3.4906914893617023,60.95226666666667,41.89333333333333,0.0,70.38760185241699,0.0
3.5904255319148937,61.096355555555554,41.333333333333336,0.0,84.39239692687988,0.0
3.690159574468085,61.119955555555556,42.586666666666666,0.0,98.30305528640747,0.0
3.7898936170212765,61.3576,40.94222222222223,0.0,112.29635334014893,0.0
3.889627659574468,61.46982222222222,41.39555555555556,0.0,126.13792157173157,0.0
3.9893617021276597,61.72088888888889,40.76444444444444,0.0,140.00813484191895,0.0
4.089095744680851,61.88653333333333,40.41777777777778,0.0,12.620666742324829,0.0
4.1888297872340425,62.236311111111114,40.44444444444444,0.0,26.384103775024414,0.0
4.288563829787234,62.50995555555556,40.160000000000004,0.0,40.041898250579834,0.0
4.388297872340425,62.2196,39.626666666666665,0.0,53.88908076286316,0.0
4.488031914893617,62.44791111111111,39.413333333333334,0.0,67.6949110031128,0.0
4.587765957446808,62.467422222222226,39.342222222222226,0.0,81.37298941612244,0.0
4.6875,62.547777777777775,39.6,0.0,95.02551889419556,0.0
4.787234042553192,62.574844444444444,39.47555555555556,0.0,108.66217064857483,0.0
4.886968085106383,62.65337777777778,39.315555555555555,0.0,122.37983822822571,0.0
4.986702127659575,63.223822222222225,38.684444444444445,0.0,136.10696530342102,0.0
5.086436170212766,62.84528888888889,39.07555555555556,0.0,12.176750183105469,0.0
5.1861702127659575,63.242133333333335,38.675555555555555,0.0,25.746370315551758,0.0
5.285904255319149,63.218266666666665,38.45333333333333,0.008888888888888889,39.30702781677246,0.0
5.38563829787234,63.3772,38.19555555555556,0.0,52.932756423950195,0.0
5.485372340425532,63.55235555555556,38.4,0.0,66.66220951080322,0.0
5.585106382978723,63.3756,38.080000000000005,0.0,80.11375904083252,0.0
5.684840425531915,63.69888888888889,38.53333333333334,0.0,93.6682813167572,0.0
5.784574468085107,63.66631111111111,37.6,0.0,107.3003797531128,0.0
5.884308510638298,63.43333333333333,38.72,0.0,120.8289852142334,0.0
5.98404255319149,64.3256,37.324444444444445,0.0,134.34565210342407,0.0
6.0837765957446805,64.39808888888889,37.84,0.0,11.487030029296875,0.0
6.183510638297872,64.33373333333333,37.48444444444444,0.0,24.75959873199463,0.0
6.283244680851064,64.48266666666666,37.422222222222224,0.0,38.14287543296814,0.0
6.382978723404255,64.0535111111111,37.733333333333334,0.0,51.48831748962402,0.0
6.482712765957447,64.5636,37.13777777777778,0.0,64.85705065727234,0.0
6.582446808510638,64.57964444444444,37.37777777777778,0.0,78.24979496002197,0.0
6.68218085106383,64.78506666666667,37.12,0.0,91.48009395599365,0.0
6.781914893617022,64.64937777777777,37.10222222222222,0.0,104.82209968566895,0.0
6.881648936170213,64.79866666666666,37.733333333333334,0.0,118.23481512069702,0.0
6.9813829787234045,65.39671111111112,36.693333333333335,0.0,131.50462698936462,0.0
7.0811170212765955,65.32071111111111,36.60444444444445,0.0,10.932103157043457,0.0
7.180851063829787,65.58044444444444,35.848888888888894,0.0,24.14629077911377,0.0
7.280585106382978,65.46177777777778,36.40888888888889,0.0,37.27440810203552,0.0
7.38031914893617,65.45515555555555,36.85333333333333,0.0,50.4908504486084,0.0
7.480053191489362,66.00782222222222,35.99111111111111,0.0,63.60558795928955,0.0
7.579787234042553,65.53822222222222,36.24,0.0,76.64996147155762,0.0
7.679521276595745,65.83395555555556,36.55111111111111,0.0,89.74449825286865,0.0
7.779255319148936,66.21391111111112,36.044444444444444,0.0,102.8433313369751,0.0
7.878989361702128,65.79742222222222,36.92444444444444,0.0,115.95697832107544,0.0
7.9787234042553195,66.30066666666667,35.77777777777777,0.0,129.01128268241882,0.0
8.07845744680851,66.36662222222222,36.09777777777778,0.0,10.530583143234253,0.0
8.178191489361701,66.3396,35.65333333333333,0.0,23.542919158935547,0.0
8.277925531914894,66.30066666666667,35.87555555555556,0.0,36.56948637962341,0.0
8.377659574468085,66.29342222222222,36.08,0.0,49.565434217453,0.0
8.477393617021276,66.82777777777778,35.20888888888889,0.0,62.654456615448,0.0
8.577127659574469,66.4888,35.91111111111111,0.0,75.64790296554565,0.0
8.67686170212766,67.11515555555556,34.94222222222223,0.0,88.59816861152649,0.0
8.77659574468085,66.87324444444444,35.751111111111115,0.0,101.68749284744263,0.0
8.876329787234043,66.66466666666666,35.964444444444446,0.0,114.81635785102844,0.0
8.976063829787234,67.33777777777777,35.13777777777778,0.0,127.96337795257568,0.0
9.075797872340425,67.1444,35.23555555555555,0.0,10.231796741485596,0.0
9.175531914893616,67.33262222222223,35.07555555555555,0.0,23.293476104736328,0.0
9.275265957446809,67.5816,34.239999999999995,0.0,36.230454206466675,0.0
9.375,67.49453333333334,35.07555555555555,0.0,49.3052453994751,0.0
9.474734042553191,67.80235555555555,34.72,0.0,62.339367628097534,0.0
9.574468085106384,67.96915555555556,34.151111111111106,0.0,75.37366056442261,0.0
9.674202127659575,67.99657777777777,34.09777777777778,0.0,88.42186141014099,0.0
9.773936170212766,67.86115555555556,34.72,0.0,101.42767381668091,0.0
9.873670212765957,67.80022222222222,34.684444444444445,0.0,114.51603698730469,0.0
9.97340425531915,68.42097777777778,34.13333333333333,0.0,127.59412384033203,0.0
