Epochs,Loss,Accuracy (%),Silent labels (%),Time (s),Average Prediction Confidence
0.09973404255319149,92.75493333333333,31.31555555555556,5.768888888888888,31.724201917648315,0.0
0.19946808510638298,61.35177777777778,54.14222222222222,0.008888888888888889,55.22220540046692,0.0
0.2992021276595745,56.574933333333334,59.26222222222223,0.0,76.77565908432007,0.0
0.39893617021276595,53.993066666666664,63.12888888888889,0.0,97.17005133628845,0.0
0.49867021276595747,52.69231111111111,63.67111111111111,0.0,116.65514492988586,0.0
0.598404255319149,51.774,64.08,0.0,135.3853940963745,0.0
0.6981382978723404,50.995955555555554,64.3111111111111,0.0,153.67446494102478,0.0
0.7978723404255319,50.763955555555555,64.70222222222223,0.0,171.5496187210083,0.0
0.8976063829787234,50.49271111111111,63.635555555555555,0.0,188.95216631889343,0.0
0.9973404255319149,50.31182222222222,64.09777777777778,0.0,206.1594922542572,0.0
1.0970744680851063,50.26582222222222,63.57333333333334,0.0,16.799912929534912,0.0
1.196808510638298,49.8728,64.27555555555556,0.0,33.45661664009094,0.0
1.2965425531914894,50.15448888888889,63.14666666666666,0.0,49.9256637096405,0.0
1.3962765957446808,49.595555555555556,63.946666666666665,0.0,66.26466155052185,0.0
1.4960106382978724,50.050977777777774,63.182222222222215,0.0,82.34995603561401,0.0
1.5957446808510638,50.105111111111114,62.27555555555555,0.0,98.22265434265137,0.0
1.6954787234042554,49.959466666666664,62.53333333333333,0.0,113.9644124507904,0.0
1.7952127659574468,50.06395555555556,62.59555555555556,0.0,129.59803700447083,0.0
1.8949468085106382,50.40928888888889,61.01333333333333,0.0,145.24465012550354,0.0
1.9946808510638299,50.61306666666667,60.74666666666667,0.0,160.61907362937927,0.0
2.0944148936170213,50.531911111111114,61.111111111111114,0.0,14.574872970581055,0.0
2.1941489361702127,50.543733333333336,60.097777777777786,0.0,29.554492473602295,0.0
2.293882978723404,50.4424,60.266666666666666,0.0,44.39072299003601,0.0
2.393617021276596,50.44515555555556,60.39111111111111,0.008888888888888889,59.1676242351532,0.0
2.4933510638297873,50.59053333333333,60.77333333333333,0.008888888888888889,73.94013571739197,0.0
2.5930851063829787,50.87911111111111,59.95555555555555,0.0,88.58694076538086,0.0
2.69281914893617,50.816177777777774,59.591111111111104,0.0,103.17308163642883,0.0
2.7925531914893615,50.92937777777778,59.77777777777777,0.0,117.5275764465332,0.0
2.8922872340425534,51.04813333333333,59.111111111111114,0.0,131.95104908943176,0.0
2.992021276595745,51.357822222222225,58.497777777777785,0.008888888888888889,146.23508954048157,0.0
3.091755319148936,51.11346666666667,59.14666666666667,0.017777777777777778,13.379073143005371,0.0
3.1914893617021276,51.191066666666664,58.83555555555555,0.0,27.485196352005005,0.0
3.291223404255319,51.42431111111111,57.90222222222222,0.0,41.601643800735474,0.0
3.390957446808511,51.17986666666667,58.46222222222222,0.008888888888888889,55.674821615219116,0.0
3.4906914893617023,51.729733333333336,57.61777777777778,0.0,69.77061319351196,0.0
3.5904255319148937,51.4648,57.81333333333334,0.0,83.72423386573792,0.0
3.690159574468085,51.57706666666667,58.053333333333335,0.0,97.6556282043457,0.0
3.7898936170212765,51.41191111111111,57.53777777777778,0.0,111.39595484733582,0.0
3.889627659574468,51.629644444444445,57.23555555555555,0.0,125.26871919631958,0.0
3.9893617021276597,52.110622222222226,56.53333333333334,0.0,138.99228763580322,0.0
4.089095744680851,51.876622222222224,57.271111111111104,0.0,12.34279990196228,0.0
4.1888297872340425,52.017466666666664,56.61333333333334,0.0,25.839552402496338,0.0
4.288563829787234,52.00822222222222,56.77333333333333,0.0,39.337721824645996,0.0
4.388297872340425,52.592444444444446,56.266666666666666,0.008888888888888889,52.77202916145325,0.0
4.488031914893617,53.82297777777778,55.626666666666665,0.0,66.34781765937805,0.0
4.587765957446808,52.645155555555554,55.59111111111111,0.0,79.90735936164856,0.0
4.6875,52.71915555555555,55.81333333333334,0.0,93.41512084007263,0.0
4.787234042553192,52.662444444444446,55.22666666666667,0.0,106.95470595359802,0.0
4.886968085106383,52.86848888888889,55.15555555555556,0.0,120.37630248069763,0.0
4.986702127659575,52.99604444444444,55.14666666666667,0.0,133.7371699810028,0.0
5.086436170212766,53.12226666666667,55.04888888888889,0.0,11.808902502059937,0.0
5.1861702127659575,53.40977777777778,54.12444444444444,0.0,24.975361108779907,0.0
5.285904255319149,53.36911111111111,54.63111111111111,0.008888888888888889,38.19608235359192,0.0
5.38563829787234,54.8888,54.10666666666667,0.0,51.28593873977661,0.0
5.485372340425532,54.40511111111111,54.44444444444444,0.0,64.66793751716614,0.0
5.585106382978723,53.9912,53.297777777777775,0.0,78.07837510108948,0.0
5.684840425531915,53.9576,53.92888888888889,0.0,91.41020917892456,0.0
5.784574468085107,53.82986666666667,53.413333333333334,0.0,104.63100838661194,0.0
5.884308510638298,53.82577777777778,53.68888888888888,0.0,117.9831554889679,0.0
5.98404255319149,54.12111111111111,53.351111111111116,0.0,131.1336042881012,0.0
6.0837765957446805,54.25013333333333,52.95111111111112,0.0,11.282223463058472,0.0
6.183510638297872,54.73524444444445,51.68000000000001,0.0,24.47469925880432,0.0
6.283244680851064,54.550044444444445,51.617777777777775,0.0,37.622769594192505,0.0
6.382978723404255,54.41404444444444,52.408888888888896,0.0,50.7115421295166,0.0
6.482712765957447,54.65351111111111,52.33777777777778,0.0,63.8509042263031,0.0
6.582446808510638,54.57035555555556,51.831111111111106,0.0,76.92077851295471,0.0
6.68218085106383,54.6148,51.857777777777784,0.0,89.93874859809875,0.0
6.781914893617022,54.62204444444444,52.12444444444444,0.0,102.86642646789551,0.0
6.881648936170213,54.483066666666666,52.10666666666667,0.0,115.89729166030884,0.0
6.9813829787234045,54.992044444444446,51.50222222222223,0.0,128.89688539505005,0.0
7.0811170212765955,55.01453333333333,51.49333333333333,0.0,10.808793544769287,0.0
7.180851063829787,55.050666666666665,51.14666666666666,0.0,23.559433221817017,0.0
7.280585106382978,54.90875555555556,51.50222222222223,0.008888888888888889,36.41114902496338,0.0
7.38031914893617,54.7444,51.413333333333334,0.0,49.24298429489136,0.0
7.480053191489362,55.1476,51.26222222222222,0.0,62.14939904212952,0.0
7.579787234042553,55.37235555555556,50.53333333333333,0.0,74.99184846878052,0.0
7.679521276595745,55.690355555555556,50.20444444444444,0.0,87.7056097984314,0.0
7.779255319148936,55.083733333333335,51.519999999999996,0.0,100.39904046058655,0.0
7.878989361702128,54.78906666666666,51.50222222222223,0.0,113.21900725364685,0.0
7.9787234042553195,55.63,50.026666666666664,0.0,125.89792704582214,0.0
8.07845744680851,55.54884444444444,50.61333333333333,0.0,10.174819231033325,0.0
8.178191489361701,55.764044444444444,50.39111111111111,0.0,22.80386996269226,0.0
8.277925531914894,55.54222222222222,50.22222222222222,0.008888888888888889,35.41947150230408,0.0
8.377659574468085,55.58315555555556,50.21333333333333,0.0,48.02599358558655,0.0
8.477393617021276,55.60448888888889,50.18666666666667,0.0,60.65352821350098,0.0
8.577127659574469,55.791777777777774,49.85777777777778,0.0,73.18527555465698,0.0
8.67686170212766,55.946044444444446,50.06222222222222,0.008888888888888889,85.68532824516296,0.0
8.77659574468085,55.56404444444444,50.26666666666667,0.008888888888888889,98.27653908729553,0.0
8.876329787234043,55.486755555555554,50.44444444444445,0.0,110.79707908630371,0.0
8.976063829787234,56.144355555555556,49.48444444444444,0.0,123.39092016220093,0.0
9.075797872340425,55.995111111111115,49.80444444444444,0.0,9.832321405410767,0.0
9.175531914893616,56.12826666666667,49.635555555555555,0.008888888888888889,22.22122025489807,0.0
9.275265957446809,55.95488888888889,49.35111111111111,0.008888888888888889,34.59226155281067,0.0
9.375,56.442933333333336,48.87111111111111,0.0,47.119598388671875,0.0
9.474734042553191,56.24724444444445,49.44888888888889,0.0,59.604214906692505,0.0
9.574468085106384,56.24333333333333,49.23555555555556,0.008888888888888889,71.97896361351013,0.0
9.674202127659575,56.388,48.977777777777774,0.0,84.37767744064331,0.0
9.773936170212766,56.38737777777778,48.72888888888889,0.0,96.7630968093872,0.0
9.873670212765957,56.12671111111111,49.69777777777778,0.0,109.25931906700134,0.0
9.97340425531915,56.165644444444446,48.897777777777776,0.0,121.70657801628113,0.0
