Epochs,Loss,Accuracy (%),Silent labels (%),Time (s),Average Prediction Confidence
0.09973404255319149,92.24724444444445,31.208888888888893,5.368888888888889,31.600265502929688,0.0
0.19946808510638298,60.93924444444445,54.74666666666666,0.0,55.11210012435913,0.0
0.2992021276595745,55.51288888888889,60.31111111111112,0.0,76.59649848937988,0.0
0.39893617021276595,52.06768888888889,64.80888888888889,0.0,96.9123797416687,0.0
0.49867021276595747,50.16511111111111,66.55111111111111,0.008888888888888889,116.35783791542053,0.0
0.598404255319149,48.693555555555555,67.04,0.0,135.03262186050415,0.0
0.6981382978723404,47.27391111111111,68.09777777777778,0.0,153.1989312171936,0.0
0.7978723404255319,46.41391111111111,69.85777777777777,0.0,171.05473232269287,0.0
0.8976063829787234,45.74684444444444,69.16444444444444,0.0,188.39083194732666,0.0
0.9973404255319149,45.10013333333333,70.44444444444444,0.0,205.52657914161682,0.0
1.0970744680851063,44.72324444444445,70.10666666666665,0.0,16.63783025741577,0.0
1.196808510638298,43.88355555555555,71.22666666666667,0.0,33.13017559051514,0.0
1.2965425531914894,43.79546666666667,70.49777777777778,0.0,49.42774724960327,0.0
1.3962765957446808,42.87582222222222,72.07111111111111,0.008888888888888889,65.57415723800659,0.0
1.4960106382978724,43.0024,71.44888888888889,0.0,81.66292357444763,0.0
1.5957446808510638,42.98453333333333,70.9511111111111,0.0,97.52055382728577,0.0
1.6954787234042554,42.467822222222225,72.25777777777778,0.0,113.29298973083496,0.0
1.7952127659574468,42.44804444444444,72.39999999999999,0.0,128.96364903450012,0.0
1.8949468085106382,42.39684444444445,71.65333333333334,0.0,144.53589749336243,0.0
1.9946808510638299,42.44071111111111,71.74222222222222,0.0,159.81432557106018,0.0
2.0944148936170213,42.45057777777778,71.73333333333333,0.0,14.453871011734009,0.0
2.1941489361702127,42.01128888888889,71.67999999999999,0.0,29.443410396575928,0.0
2.293882978723404,42.18622222222222,71.6888888888889,0.0,44.3246066570282,0.0
2.393617021276596,41.75297777777778,72.26666666666667,0.008888888888888889,59.10084104537964,0.0
2.4933510638297873,42.053555555555555,71.97333333333333,0.0,73.7274968624115,0.0
2.5930851063829787,42.06208888888889,71.28888888888889,0.008888888888888889,88.33925271034241,0.0
2.69281914893617,41.92933333333333,72.32888888888888,0.0,102.75255060195923,0.0
2.7925531914893615,41.95248888888889,72.14222222222222,0.0,117.10642552375793,0.0
2.8922872340425534,41.88342222222222,71.57333333333334,0.0,131.42696976661682,0.0
2.992021276595745,42.19177777777778,71.19111111111111,0.0,145.51732730865479,0.0
3.091755319148936,42.10604444444444,71.38666666666667,0.0,13.19901728630066,0.0
3.1914893617021276,41.961777777777776,71.19111111111111,0.008888888888888889,27.131273984909058,0.0
3.291223404255319,42.06293333333333,70.85333333333334,0.0,41.015432596206665,0.0
3.390957446808511,41.8072,71.96444444444444,0.008888888888888889,55.000529289245605,0.0
3.4906914893617023,42.10084444444445,71.17333333333333,0.0,68.7697274684906,0.0
3.5904255319148937,42.105244444444445,70.91555555555556,0.008888888888888889,82.47914791107178,0.0
3.690159574468085,42.068044444444446,71.31555555555555,0.0,96.23658227920532,0.0
3.7898936170212765,41.950177777777775,71.2,0.0,109.83997082710266,0.0
3.889627659574468,42.156711111111115,70.8711111111111,0.0,123.5025224685669,0.0
3.9893617021276597,42.16195555555556,70.74666666666667,0.0,136.9908628463745,0.0
4.089095744680851,42.28768888888889,70.19555555555556,0.0,12.245699405670166,0.0
4.1888297872340425,42.35382222222222,70.45333333333333,0.0,25.50461745262146,0.0
4.288563829787234,43.42008888888889,69.89333333333333,0.0,38.691728591918945,0.0
4.388297872340425,42.23808888888889,70.92444444444445,0.008888888888888889,51.9818115234375,0.0
4.488031914893617,42.7528,69.94666666666667,0.008888888888888889,65.31181645393372,0.0
4.587765957446808,42.626933333333334,69.67999999999999,0.0,78.5507493019104,0.0
4.6875,42.76844444444444,69.96444444444444,0.0,91.71877336502075,0.0
4.787234042553192,42.66155555555556,70.00888888888889,0.0,104.86985778808594,0.0
4.886968085106383,42.85355555555556,69.59111111111112,0.0,117.94924283027649,0.0
4.986702127659575,42.616,69.75111111111111,0.0,131.06555461883545,0.0
5.086436170212766,42.844,69.64444444444445,0.0,11.607205629348755,0.0
5.1861702127659575,43.206266666666664,68.83555555555556,0.0,24.441553592681885,0.0
5.285904255319149,43.0132,69.19999999999999,0.0,37.28262186050415,0.0
5.38563829787234,42.714755555555556,69.5111111111111,0.0,50.265326738357544,0.0
5.485372340425532,43.07697777777778,69.36,0.008888888888888889,63.281044721603394,0.0
5.585106382978723,42.69804444444444,69.36,0.0,76.12015795707703,0.0
5.684840425531915,42.69906666666667,70.08888888888889,0.0,88.90579104423523,0.0
5.784574468085107,42.87497777777778,69.64444444444445,0.0,101.65829277038574,0.0
5.884308510638298,42.8252,69.27111111111111,0.0,114.51569509506226,0.0
5.98404255319149,43.20702222222222,68.62222222222222,0.0,127.22857069969177,0.0
6.0837765957446805,42.93675555555556,69.0488888888889,0.0,10.990437746047974,0.0
6.183510638297872,43.516355555555556,68.1511111111111,0.0,23.661436796188354,0.0
6.283244680851064,43.13462222222222,68.60444444444444,0.0,36.321401834487915,0.0
6.382978723404255,43.18368888888889,68.94222222222223,0.0,48.88117861747742,0.0
6.482712765957447,43.21666666666667,68.65777777777777,0.008888888888888889,61.55590534210205,0.0
6.582446808510638,42.952933333333334,68.81777777777778,0.0,74.13114619255066,0.0
6.68218085106383,42.868,69.11111111111111,0.0,86.66178464889526,0.0
6.781914893617022,43.11244444444444,68.4,0.008888888888888889,99.30222272872925,0.0
6.881648936170213,43.151066666666665,67.91111111111111,0.0,111.84759545326233,0.0
6.9813829787234045,43.08111111111111,68.68444444444445,0.0,124.39196538925171,0.0
7.0811170212765955,42.95502222222222,68.98666666666666,0.0,10.447713375091553,0.0
7.180851063829787,43.63675555555555,67.73333333333333,0.0,22.997405290603638,0.0
7.280585106382978,43.14902222222222,67.97333333333333,0.0,35.39955520629883,0.0
7.38031914893617,43.11964444444445,68.56888888888889,0.0,47.84338665008545,0.0
7.480053191489362,43.08493333333333,68.65777777777777,0.008888888888888889,60.37700867652893,0.0
7.579787234042553,43.288444444444444,68.0,0.0,72.73984599113464,0.0
7.679521276595745,42.97871111111111,68.63111111111111,0.0,85.10380959510803,0.0
7.779255319148936,43.02671111111111,68.35555555555555,0.0,97.41065692901611,0.0
7.878989361702128,43.32582222222222,67.46666666666667,0.0,109.72853589057922,0.0
7.9787234042553195,43.25262222222222,67.88444444444444,0.008888888888888889,122.07530236244202,0.0
8.07845744680851,43.14342222222222,68.44444444444444,0.0,10.191615343093872,0.0
8.178191489361701,43.684044444444446,67.44888888888889,0.0,22.45695924758911,0.0
8.277925531914894,43.3072,67.83111111111111,0.0,34.78505825996399,0.0
8.377659574468085,43.083422222222225,68.26666666666667,0.0,47.19893479347229,0.0
8.477393617021276,43.480222222222224,67.47555555555556,0.0,59.504318714141846,0.0
8.577127659574469,43.406,67.71555555555555,0.008888888888888889,71.8637261390686,0.0
8.67686170212766,42.950177777777775,68.16888888888889,0.0,84.09090948104858,0.0
8.77659574468085,43.44142222222222,67.18222222222222,0.0,96.2625322341919,0.0
8.876329787234043,43.721333333333334,66.7911111111111,0.0,108.57395958900452,0.0
8.976063829787234,43.6624,66.87111111111112,0.0,120.79800391197205,0.0
9.075797872340425,43.5064,67.39555555555555,0.0,9.577000617980957,0.0
9.175531914893616,44.00524444444444,65.83111111111111,0.0,21.81543469429016,0.0
9.275265957446809,43.73208888888889,66.54222222222222,0.0,34.04152488708496,0.0
9.375,43.61297777777778,67.24444444444444,0.0,46.243375062942505,0.0
9.474734042553191,43.93488888888889,66.52444444444444,0.0,58.55608034133911,0.0
9.574468085106384,43.529377777777775,67.17333333333333,0.008888888888888889,70.76955080032349,0.0
9.674202127659575,43.461244444444446,67.05777777777779,0.0,82.92755579948425,0.0
9.773936170212766,43.98457777777778,66.41777777777777,0.0,95.26694083213806,0.0
9.873670212765957,43.709066666666665,66.16888888888889,0.0,107.52904152870178,0.0
9.97340425531915,44.020177777777775,66.59555555555555,0.008888888888888889,119.79507780075073,0.0
