Epochs,Loss,Accuracy (%),Silent labels (%),Time (s),Average Prediction Confidence
0.09973404255319149,93.0476,31.048888888888886,5.662222222222222,30.85360622406006,0.0
0.19946808510638298,60.95457777777778,54.81777777777778,0.008888888888888889,53.88493824005127,0.0
0.2992021276595745,55.090177777777775,60.64000000000001,0.0,74.91953444480896,0.0
0.39893617021276595,51.51226666666667,64.97777777777777,0.0,94.6695487499237,0.0
0.49867021276595747,49.32426666666667,66.67555555555555,0.0,113.553955078125,0.0
0.598404255319149,47.67151111111111,67.84,0.0,131.75071930885315,0.0
0.6981382978723404,46.092933333333335,69.38666666666666,0.0,149.4119794368744,0.0
0.7978723404255319,44.91697777777778,70.39999999999999,0.0,166.86451530456543,0.0
0.8976063829787234,44.01826666666667,70.64888888888889,0.0,183.86161136627197,0.0
0.9973404255319149,43.19777777777778,71.38666666666667,0.0,200.64454054832458,0.0
1.0970744680851063,42.608044444444445,71.92,0.0,16.306060791015625,0.0
1.196808510638298,41.751777777777775,72.68444444444444,0.008888888888888889,32.5020227432251,0.0
1.2965425531914894,41.47968888888889,72.62222222222222,0.0,48.58483386039734,0.0
1.3962765957446808,40.370844444444444,73.57333333333334,0.008888888888888889,64.46600723266602,0.0
1.4960106382978724,40.20511111111111,74.16,0.0,80.24638533592224,0.0
1.5957446808510638,39.998533333333334,73.64444444444445,0.0,95.74782228469849,0.0
1.6954787234042554,39.21333333333333,74.97777777777777,0.0,111.19561648368835,0.0
1.7952127659574468,39.16528888888889,74.98666666666666,0.0,126.43901181221008,0.0
1.8949468085106382,39.0276,74.74666666666666,0.0,141.68907356262207,0.0
1.9946808510638299,38.958355555555556,74.96000000000001,0.0,156.874103307724,0.0
2.0944148936170213,38.81351111111111,74.96888888888888,0.0,14.473318815231323,0.0
2.1941489361702127,38.33831111111111,75.24444444444444,0.0,29.334035873413086,0.0
2.293882978723404,38.247733333333336,75.32444444444445,0.0,44.11461925506592,0.0
2.393617021276596,37.50088888888889,76.30222222222223,0.0,58.663333892822266,0.0
2.4933510638297873,37.776355555555554,75.88444444444444,0.0,73.14790534973145,0.0
2.5930851063829787,37.86462222222222,75.32444444444445,0.0,87.57842659950256,0.0
2.69281914893617,37.23844444444445,76.4088888888889,0.0,101.83504819869995,0.0
2.7925531914893615,37.18488888888889,76.54222222222222,0.0,115.95394492149353,0.0
2.8922872340425534,37.38671111111111,76.0,0.0,130.08708453178406,0.0
2.992021276595745,37.44311111111111,76.01777777777777,0.0,144.1181926727295,0.0
3.091755319148936,37.361333333333334,76.28444444444445,0.0,13.127099514007568,0.0
3.1914893617021276,37.04066666666667,76.26666666666667,0.0,26.81796431541443,0.0
3.291223404255319,36.90288888888889,76.4,0.0,40.49104428291321,0.0
3.390957446808511,36.43493333333333,77.17333333333333,0.0,54.22185039520264,0.0
3.4906914893617023,36.78742222222222,76.47111111111111,0.0,67.9155695438385,0.0
3.5904255319148937,37.10177777777778,76.09777777777778,0.0,81.44336175918579,0.0
3.690159574468085,36.6396,77.27111111111111,0.0,94.88116955757141,0.0
3.7898936170212765,36.53542222222222,77.08444444444444,0.0,108.14293169975281,0.0
3.889627659574468,36.67057777777778,76.54222222222222,0.0,121.39085388183594,0.0
3.9893617021276597,36.77715555555555,76.48888888888888,0.0,134.6091446876526,0.0
4.089095744680851,36.778533333333336,76.43555555555555,0.0,12.02203369140625,0.0
4.1888297872340425,36.47431111111111,76.65777777777778,0.0,25.02851915359497,0.0
4.288563829787234,36.35155555555556,76.8,0.0,38.088080167770386,0.0
4.388297872340425,36.062844444444444,77.37777777777778,0.0,51.07930016517639,0.0
4.488031914893617,36.18648888888889,77.40444444444444,0.008888888888888889,64.08705687522888,0.0
4.587765957446808,36.4976,76.49777777777777,0.0,76.95032358169556,0.0
4.6875,36.129866666666665,77.65333333333334,0.0,89.71131563186646,0.0
4.787234042553192,36.31635555555555,77.37777777777778,0.0,102.44923710823059,0.0
4.886968085106383,36.44435555555555,76.74666666666667,0.0,115.16502785682678,0.0
4.986702127659575,36.418933333333335,76.75555555555556,0.0,127.86883759498596,0.0
5.086436170212766,36.342444444444446,76.90666666666667,0.0,11.344536304473877,0.0
5.1861702127659575,36.325466666666664,76.29333333333334,0.0,24.01580548286438,0.0
5.285904255319149,36.186,76.61333333333333,0.0,36.60686993598938,0.0
5.38563829787234,35.82391111111111,77.73333333333333,0.0,49.28444576263428,0.0
5.485372340425532,36.25288888888889,77.12,0.008888888888888889,61.803510904312134,0.0
5.585106382978723,36.03964444444444,76.88888888888889,0.0,74.33100438117981,0.0
5.684840425531915,35.87391111111111,77.45777777777778,0.0,86.82861566543579,0.0
5.784574468085107,36.17088888888889,77.28,0.0,99.28637170791626,0.0
5.884308510638298,36.242577777777775,76.88888888888889,0.0,111.7355797290802,0.0
5.98404255319149,36.40831111111111,76.66666666666667,0.0,124.23698806762695,0.0
6.0837765957446805,36.27653333333333,76.60444444444444,0.0,10.914973974227905,0.0
6.183510638297872,36.45102222222222,75.81333333333333,0.0,23.326673984527588,0.0
6.283244680851064,36.15768888888889,76.64888888888889,0.0,35.76599431037903,0.0
6.382978723404255,35.58928888888889,77.64444444444445,0.0,48.268585205078125,0.0
6.482712765957447,36.24066666666667,76.83555555555556,0.0,60.71002554893494,0.0
6.582446808510638,36.11937777777778,76.38222222222223,0.0,73.13913464546204,0.0
6.68218085106383,35.91235555555556,77.13777777777779,0.0,85.37114405632019,0.0
6.781914893617022,35.91484444444445,77.19111111111111,0.0,97.65406322479248,0.0
6.881648936170213,36.18533333333333,76.65777777777778,0.0,110.02492618560791,0.0
6.9813829787234045,36.65915555555556,76.16000000000001,0.0,122.24003338813782,0.0
7.0811170212765955,36.086755555555555,76.83555555555556,0.0,10.203979969024658,0.0
7.180851063829787,36.4944,75.72444444444444,0.0,22.523118019104004,0.0
7.280585106382978,36.40893333333333,76.43555555555555,0.0,34.783612966537476,0.0
7.38031914893617,35.58368888888889,77.52,0.0,46.95048904418945,0.0
7.480053191489362,36.08888888888889,77.11111111111111,0.008888888888888889,59.15749549865723,0.0
7.579787234042553,36.1224,76.26666666666667,0.0,71.2197253704071,0.0
7.679521276595745,35.99208888888889,77.08444444444444,0.0,83.29992389678955,0.0
7.779255319148936,36.06408888888889,76.83555555555556,0.0,95.45035791397095,0.0
7.878989361702128,36.10648888888889,76.65777777777778,0.0,107.5261538028717,0.0
7.9787234042553195,36.59995555555555,75.69777777777777,0.0,119.60588359832764,0.0
8.07845744680851,35.997822222222226,76.68444444444444,0.0,9.755272150039673,0.0
8.178191489361701,36.65222222222222,75.54666666666667,0.008888888888888889,21.788188695907593,0.0
8.277925531914894,36.42422222222222,75.76,0.0,33.752891063690186,0.0
8.377659574468085,35.97604444444445,76.70222222222223,0.0,45.86430096626282,0.0
8.477393617021276,36.26582222222222,76.56888888888889,0.008888888888888889,57.96885871887207,0.0
8.577127659574469,36.20728888888889,75.92888888888889,0.008888888888888889,69.92523336410522,0.0
8.67686170212766,36.12688888888889,76.71111111111111,0.0,81.98437881469727,0.0
8.77659574468085,36.43471111111111,76.29333333333334,0.0,94.00048041343689,0.0
8.876329787234043,36.24355555555555,76.34666666666666,0.0,105.9505922794342,0.0
8.976063829787234,36.32293333333333,75.98222222222222,0.0,117.97915434837341,0.0
9.075797872340425,36.218666666666664,76.59555555555555,0.0,9.426592826843262,0.0
9.175531914893616,36.82684444444445,75.30666666666667,0.0,21.442229509353638,0.0
9.275265957446809,36.59475555555556,75.46666666666667,0.0,33.384263038635254,0.0
9.375,36.0716,76.69333333333334,0.0,45.450522899627686,0.0
9.474734042553191,36.48,75.79555555555557,0.0,57.440757274627686,0.0
9.574468085106384,36.60595555555555,75.25333333333334,0.008888888888888889,69.41318655014038,0.0
9.674202127659575,36.102044444444445,76.67555555555555,0.0,81.37345147132874,0.0
9.773936170212766,36.09831111111111,76.71111111111111,0.0,93.28960347175598,0.0
9.873670212765957,36.50297777777778,76.16000000000001,0.0,105.35766816139221,0.0
9.97340425531915,36.589911111111114,75.74222222222222,0.008888888888888889,117.43300604820251,0.0
