Epochs,Loss,Accuracy (%),Silent labels (%),Time (s),Average Prediction Confidence
0.09973404255319149,94.53182222222222,31.768888888888892,6.026666666666667,36.314186573028564,0.28839703703706426
0.19946808510638298,61.04342222222222,54.96888888888889,0.0,61.16990113258362,0.34059259259253766
0.2992021276595745,55.29182222222222,61.78666666666667,0.0,84.16539025306702,0.3734696296296026
0.39893617021276595,51.88182222222222,64.19555555555554,0.0,105.56737732887268,0.39761925925924646
0.49867021276595747,49.37191111111111,66.56888888888889,0.0,125.91337013244629,0.41713303703702315
0.598404255319149,47.510533333333335,68.22222222222221,0.0,145.08594346046448,0.43294123456788763
0.6981382978723404,45.87235555555556,69.09333333333333,0.0,164.07532262802124,0.4467216931216863
0.7978723404255319,44.26142222222222,70.33777777777777,0.0,183.21866941452026,0.45889703703704915
0.8976063829787234,42.96928888888889,70.8,0.0,202.71710062026978,0.4695637860082593
0.9973404255319149,41.63151111111111,71.71555555555555,0.0,221.36076736450195,0.4791887407407816
1.0970744680851063,40.03377777777778,73.2088888888889,0.0,17.17076301574707,0.58038356164385
1.196808510638298,39.345822222222225,73.30666666666666,0.0,35.08484673500061,0.5837387387387328
1.2965425531914894,38.63497777777778,73.83999999999999,0.0,51.84205102920532,0.5874857997010182
1.3962765957446808,38.58488888888889,73.76,0.0,68.59041905403137,0.590638329604729
1.4960106382978724,39.01173333333333,74.35555555555555,0.017777777777777778,84.80556392669678,0.5939791480488052
1.5957446808510638,40.824888888888886,74.81777777777778,0.08888888888888889,101.03321814537048,0.5974573412698161
1.6954787234042554,43.02751111111111,75.14666666666666,0.10666666666666667,117.93126559257507,0.6009645209262684
1.7952127659574468,44.90026666666667,75.26222222222222,0.08888888888888889,135.0348880290985,0.6042972872538035
1.8949468085106382,46.367244444444445,75.79555555555557,0.1511111111111111,152.6326072216034,0.6074928182268452
1.9946808510638299,47.1888,76.20444444444445,0.11555555555555555,169.89376401901245,0.6109988116458966
2.0944148936170213,47.660222222222224,76.76444444444445,0.14222222222222222,16.88357138633728,0.6482691705790484
2.1941489361702127,47.62577777777778,77.00444444444445,0.06222222222222223,34.24845266342163,0.6503744292237323
2.293882978723404,46.909644444444446,77.54666666666667,0.044444444444444446,51.77262020111084,0.6520442433383269
2.393617021276596,46.135244444444446,77.72444444444444,0.08,69.34111261367798,0.6537987987987551
2.4933510638297873,44.351955555555556,77.68,0.044444444444444446,86.03615927696228,0.6547349505839685
2.5930851063829787,42.437155555555556,77.92888888888889,0.02666666666666667,102.99722599983215,0.655970104633754
2.69281914893617,40.257866666666665,78.09777777777778,0.0,119.55287194252014,0.6573717210492509
2.7925531914893615,39.471022222222224,77.97333333333333,0.017777777777777778,136.35305047035217,0.6583609246830662
2.8922872340425534,39.961822222222224,78.24888888888889,0.02666666666666667,153.2069797515869,0.6591276701440694
2.992021276595745,40.64897777777778,78.72,0.017777777777777778,170.87422132492065,0.6603610366399504
3.091755319148936,40.71657777777778,79.49333333333334,0.02666666666666667,16.489747762680054,0.6771594202898785
3.1914893617021276,42.30417777777778,79.16444444444444,0.008888888888888889,34.01492619514465,0.6799660493827034
3.291223404255319,45.24648888888889,80.08888888888889,0.06222222222222223,51.14909744262695,0.6816255707762251
3.390957446808511,45.57893333333333,80.16,0.035555555555555556,69.45439052581787,0.6836900982614859
3.4906914893617023,45.224,80.14222222222223,0.044444444444444446,87.51611733436584,0.6853345377897828
3.5904255319148937,44.88537777777778,80.16888888888889,0.08,105.65630578994751,0.6863253253252964
3.690159574468085,47.093288888888885,79.64444444444445,0.017777777777777778,124.43038702011108,0.6866538214514841
3.7898936170212765,48.44457777777778,78.82666666666667,0.05333333333333334,142.4561858177185,0.686763187429834
3.889627659574468,48.141333333333336,80.53333333333333,0.035555555555555556,161.00868391990662,0.6879900348779454
3.9893617021276597,48.8708,79.86666666666666,0.035555555555555556,179.37772917747498,0.6884348864994936
4.089095744680851,48.132133333333336,79.92,0.05333333333333334,17.496099948883057,0.6957280265340176
4.1888297872340425,46.85448888888889,80.88888888888889,0.06222222222222223,35.52938151359558,0.6993427230046808
4.288563829787234,45.946444444444445,80.86222222222223,0.044444444444444446,54.37235236167908,0.700852022529404
4.388297872340425,44.724133333333334,80.56888888888889,0.017777777777777778,73.11742568016052,0.7011826484017769
4.488031914893617,45.41497777777778,80.89777777777778,0.008888888888888889,92.04443788528442,0.7007689978806714
4.587765957446808,44.20142222222222,81.48444444444445,0.02666666666666667,110.72241830825806,0.701832076420274
4.6875,43.32586666666667,80.62222222222222,0.017777777777777778,129.25142240524292,0.7021319578766052
4.787234042553192,42.09208888888889,80.58666666666666,0.02666666666666667,147.76167511940002,0.7023048048047787
4.886968085106383,38.32,81.59111111111112,0.017777777777777778,166.69163155555725,0.7030797934366514
4.986702127659575,35.74471111111111,81.49333333333333,0.017777777777777778,185.28766322135925,0.7037214734951788
5.086436170212766,34.43217777777778,81.7688888888889,0.017777777777777778,16.53326153755188,0.7100923076923277
5.1861702127659575,34.43608888888889,82.52444444444444,0.017777777777777778,35.65806007385254,0.7149269841269666
5.285904255319149,35.72026666666667,82.25777777777778,0.044444444444444446,54.83203053474426,0.7174490956071939
5.38563829787234,37.13137777777778,82.44444444444444,0.017777777777777778,75.08582401275635,0.7190498084290672
5.485372340425532,38.95488888888889,81.6,0.017777777777777778,93.95416069030762,0.7184097412480582
5.585106382978723,40.84111111111111,81.60888888888888,0.017777777777777778,112.53948998451233,0.7180838383838103
5.684840425531915,40.22648888888889,82.02666666666667,0.05333333333333334,131.35704374313354,0.7182627831715006
5.784574468085107,40.3636,82.13333333333334,0.008888888888888889,151.02768278121948,0.7186252354048799
5.884308510638298,38.462355555555554,81.41333333333334,0.008888888888888889,169.83376336097717,0.7185470342523521
5.98404255319149,36.876844444444444,81.13777777777777,0.017777777777777778,189.27740454673767,0.7181453453454728
6.0837765957446805,34.589555555555556,82.55111111111111,0.017777777777777778,17.48235535621643,0.7265114638448161
6.183510638297872,34.17368888888889,82.9688888888889,0.008888888888888889,37.24929428100586,0.7285249597423334
6.283244680851064,35.52342222222222,82.8,0.017777777777777778,57.31952118873596,0.7280438184663135
6.382978723404255,36.71017777777778,82.16,0.008888888888888889,76.5786018371582,0.7281635802468657
6.482712765957447,38.03648888888889,81.87555555555555,0.05333333333333334,95.98146796226501,0.7274845423936022
6.582446808510638,37.65817777777778,82.51555555555555,0.017777777777777778,114.8546781539917,0.7277595129375747
6.68218085106383,36.53053333333333,82.57777777777778,0.008888888888888889,134.03536128997803,0.7273060428849708
6.781914893617022,35.51893333333334,82.67555555555556,0.008888888888888889,153.57492899894714,0.7275767195767054
6.881648936170213,36.49111111111111,82.06222222222223,0.02666666666666667,173.22268748283386,0.7272585889057048
6.9813829787234045,38.25386666666667,82.62222222222222,0.017777777777777778,192.62177848815918,0.7272833483891737
7.0811170212765955,36.18231111111111,83.33333333333334,0.02666666666666667,15.638986825942993,0.7373843351548437
7.180851063829787,35.272355555555556,83.37777777777777,0.008888888888888889,35.1887583732605,0.7357941176470394
7.280585106382978,34.79977777777778,83.43111111111111,0.017777777777777778,54.57286715507507,0.7361958925749931
7.38031914893617,35.16502222222222,82.58666666666666,0.0,73.82032799720764,0.7362766122765558
7.480053191489362,35.59515555555556,82.86222222222223,0.02666666666666667,92.84850478172302,0.735603570329287
7.579787234042553,36.06768888888889,82.89777777777778,0.02666666666666667,111.81092500686646,0.7354495412843708
7.679521276595745,37.05462222222222,83.21777777777778,0.017777777777777778,131.1182198524475,0.7351041530767294
7.779255319148936,37.77911111111111,82.97777777777777,0.017777777777777778,150.39057183265686,0.735287068638582
7.878989361702128,38.60742222222222,82.9688888888889,0.0,170.0283374786377,0.7351023701462973
7.9787234042553195,36.78728888888889,82.85333333333334,0.05333333333333334,190.28509092330933,0.7344975845411851
8.07845744680851,33.99097777777778,83.28888888888889,0.017777777777777778,15.944425344467163,0.739811676082881
8.178191489361701,35.15493333333333,83.03111111111112,0.02666666666666667,36.13241267204285,0.7370514096185583
8.277925531914894,35.14706666666667,83.71555555555555,0.017777777777777778,56.2259886264801,0.7390834662413294
8.377659574468085,35.79968888888889,83.66222222222223,0.017777777777777778,75.95451402664185,0.7388450704224898
8.477393617021276,34.36928888888889,84.05333333333334,0.008888888888888889,96.76207041740417,0.7399616217888828
8.577127659574469,33.702133333333336,83.19111111111111,0.008888888888888889,116.32659912109375,0.7398668714797431
8.67686170212766,33.09964444444444,83.76,0.017777777777777778,136.4414484500885,0.7401292294258683
8.77659574468085,33.78617777777778,83.65333333333334,0.017777777777777778,155.5837743282318,0.7410730593607164
8.876329787234043,35.900888888888886,83.43111111111111,0.02666666666666667,175.60563158988953,0.741152588096501
8.976063829787234,37.94742222222222,83.66222222222223,0.02666666666666667,196.08157396316528,0.7417438692099271
9.075797872340425,39.83208888888889,83.7688888888889,0.017777777777777778,15.3582022190094,0.7534269005848108
9.175531914893616,40.80182222222222,85.17333333333333,0.017777777777777778,36.037850856781006,0.7547845117844972
9.275265957446809,43.32342222222222,84.21333333333332,0.02666666666666667,55.918538093566895,0.751510466988692
9.375,39.480222222222224,84.1511111111111,0.008888888888888889,75.47846388816833,0.7503624901496795
9.474734042553191,37.74328888888889,84.00888888888889,0.044444444444444446,95.14775228500366,0.7498201058200645
9.574468085106384,37.934755555555554,83.75111111111111,0.017777777777777778,114.70016837120056,0.7494845679012042
9.674202127659575,37.53017777777778,84.57777777777777,0.02666666666666667,134.35679626464844,0.7500740740740471
9.773936170212766,39.83266666666667,83.67999999999999,0.05333333333333334,154.09430503845215,0.7498976708667237
9.873670212765957,40.74768888888889,83.49333333333333,0.017777777777777778,173.92151594161987,0.7494307458143755
9.97340425531915,38.68844444444444,83.31555555555555,0.0,193.93443536758423,0.7493047966000087
