Epochs,Loss,Accuracy (%),Silent labels (%),Time (s),Average Prediction Confidence
0.09973404255319149,93.60542222222222,31.27111111111111,5.528888888888889,36.067885398864746,0.2898251851852136
0.19946808510638298,61.114444444444445,54.58666666666666,0.0,60.405418395996094,0.34074962962957556
0.2992021276595745,55.285022222222224,61.26222222222222,0.0,81.68168640136719,0.3734419753086166
0.39893617021276595,51.86337777777778,63.52888888888889,0.0,101.90470695495605,0.39765481481480125
0.49867021276595747,49.278888888888886,66.54222222222222,0.0,121.55038809776306,0.41728355555554075
0.598404255319149,47.35284444444444,68.30222222222221,0.0,142.04920434951782,0.4333688888888732
0.6981382978723404,45.75106666666667,68.68444444444445,0.0,161.67885756492615,0.4471627513227439
0.7978723404255319,44.18337777777778,70.08,0.008888888888888889,181.0255274772644,0.45921555555556925
0.8976063829787234,42.86537777777778,70.8711111111111,0.0,200.04497075080872,0.4699167078189608
0.9973404255319149,41.5272,71.84,0.017777777777777778,218.6610085964203,0.47959051851856216
1.0970744680851063,39.96697777777778,73.32444444444445,0.0,18.578797578811646,0.5803957382039732
1.196808510638298,39.205511111111115,73.2088888888889,0.0,36.18264889717102,0.58434534534534
1.2965425531914894,38.47564444444444,73.81333333333333,0.0,53.290326833724976,0.587924265072221
1.3962765957446808,38.09724444444444,73.79555555555555,0.0,70.23859357833862,0.5914615958239705
1.4960106382978724,37.9772,74.28444444444445,0.0,87.1597158908844,0.5948990169794006
1.5957446808510638,37.97844444444444,74.91555555555556,0.0,104.49201464653015,0.5984692460317199
1.6954787234042554,37.860844444444446,75.5111111111111,0.0,122.63857007026672,0.6029870405778519
1.7952127659574468,37.65604444444445,75.8488888888889,0.0,140.8383605480194,0.6075146785581501
1.8949468085106382,36.97564444444444,76.50666666666666,0.0,159.2592990398407,0.6122925540696671
1.9946808510638299,36.065733333333334,77.2,0.0,178.97674417495728,0.6174806892454262
2.0944148936170213,34.6088,78.8,0.0,19.252808094024658,0.67790923317686
2.1941489361702127,33.91693333333333,78.80888888888889,0.0,39.95695471763611,0.6816042617960326
2.293882978723404,33.30817777777778,79.02222222222223,0.0,60.656747579574585,0.6851744595273703
2.393617021276596,32.82702222222222,79.63555555555556,0.0,81.71530318260193,0.6890150150149731
2.4933510638297873,32.939733333333336,79.71555555555555,0.0,102.77666139602661,0.6917196765498242
2.5930851063829787,32.27697777777778,80.07111111111112,0.0,123.84421801567078,0.6951439960139169
2.69281914893617,32.076933333333336,80.35555555555555,0.0,145.4851987361908,0.6982136916186573
2.7925531914893615,32.04848888888889,80.13333333333334,0.0,167.2605938911438,0.700787472035776
2.8922872340425534,32.30857777777778,80.38222222222223,0.0,188.00856614112854,0.7027315780758726
2.992021276595745,31.940533333333335,80.81777777777778,0.008888888888888889,208.71857452392578,0.7049192731606638
3.091755319148936,31.190444444444445,82.39111111111112,0.0,19.44401478767395,0.7330950080515536
3.1914893617021276,31.520622222222222,81.52000000000001,0.0,39.59636378288269,0.7347530864197406
3.291223404255319,30.988266666666668,82.41777777777777,0.0,60.143739461898804,0.7376174530694719
3.390957446808511,30.907777777777778,82.59555555555555,0.0,80.45997285842896,0.740229780801168
3.4906914893617023,30.58062222222222,82.75555555555556,0.0,100.56124448776245,0.7425112917795592
3.5904255319148937,30.9736,82.83555555555554,0.008888888888888889,120.71784543991089,0.7438038038037865
3.690159574468085,30.918355555555557,82.52444444444444,0.0,140.940936088562,0.7448846071504948
3.7898936170212765,31.3996,81.92,0.0,161.9451038837433,0.7451088664422029
3.889627659574468,30.073066666666666,83.09333333333333,0.017777777777777778,183.0132932662964,0.7469656203289308
3.9893617021276597,31.0548,82.69333333333333,0.008888888888888889,203.3513011932373,0.7476188769415947
4.089095744680851,30.00768888888889,83.50222222222222,0.0,19.653845071792603,0.7623018242122935
4.1888297872340425,29.968755555555557,84.08,0.0,41.015071392059326,0.7636025039123426
4.288563829787234,30.14217777777778,83.95555555555556,0.017777777777777778,62.396990060806274,0.7645017921146565
4.388297872340425,30.415022222222223,83.39555555555556,0.0,83.66816020011902,0.7656270928462217
4.488031914893617,30.434177777777776,84.20444444444445,0.0,105.33575177192688,0.7658698153193788
4.587765957446808,29.985377777777778,84.4088888888889,0.0,126.42384839057922,0.7673232780291367
4.6875,30.170044444444443,83.38666666666667,0.0,147.90070295333862,0.7673870621104489
4.787234042553192,30.169911111111112,83.90222222222222,0.008888888888888889,170.15425395965576,0.7680375375375438
4.886968085106383,29.841955555555554,84.46222222222222,0.0,193.5997941493988,0.7688495752124765
4.986702127659575,29.982666666666667,84.29333333333334,0.008888888888888889,217.46534204483032,0.7697292602576968
5.086436170212766,29.793422222222222,84.86222222222221,0.008888888888888889,20.044824600219727,0.7771965811966001
5.1861702127659575,29.0772,85.41333333333333,0.008888888888888889,41.481101989746094,0.7827396825396642
5.285904255319149,29.20751111111111,85.00444444444445,0.02666666666666667,62.35182428359985,0.7841012919896355
5.38563829787234,29.01222222222222,85.66222222222221,0.044444444444444446,82.84871006011963,0.7859402298850167
5.485372340425532,30.0428,84.66666666666667,0.008888888888888889,103.69420576095581,0.7848949771689234
5.585106382978723,29.572533333333332,85.05777777777777,0.008888888888888889,124.80434536933899,0.7850414141413996
5.684840425531915,29.778044444444443,85.02222222222223,0.008888888888888889,145.69303226470947,0.7848750809061434
5.784574468085107,29.534133333333333,85.03111111111112,0.008888888888888889,167.27543139457703,0.7850741996233851
5.884308510638298,29.889777777777777,84.92444444444445,0.09777777777777777,188.2090039253235,0.785111445279959
5.98404255319149,30.408133333333332,84.43555555555555,0.017777777777777778,210.32768154144287,0.7845045045046405
6.0837765957446805,29.43897777777778,85.69777777777777,0.044444444444444446,17.731287240982056,0.7930511463844961
6.183510638297872,29.041555555555554,86.16,0.05333333333333334,38.3938250541687,0.7961867954911264
6.283244680851064,29.538444444444444,85.98222222222222,0.06222222222222223,59.04051065444946,0.7961147626499367
6.382978723404255,29.94182222222222,85.13777777777779,0.08888888888888889,79.7377417087555,0.795895061728352
6.482712765957447,30.173333333333332,85.61777777777777,0.08,100.4803671836853,0.7956118763391196
6.582446808510638,30.178977777777778,86.08888888888889,0.035555555555555556,121.44295620918274,0.7959847792998226
6.68218085106383,30.700222222222223,85.26222222222222,0.16,142.38276839256287,0.7954247346761824
6.781914893617022,30.67551111111111,85.6,0.09777777777777777,163.47863817214966,0.795775510204109
6.881648936170213,30.86551111111111,85.21777777777778,0.10666666666666667,185.26926469802856,0.7955609183845325
6.9813829787234045,30.95897777777778,85.88444444444444,0.12444444444444445,206.35679745674133,0.7959289370672729
7.0811170212765955,29.572044444444444,87.15555555555555,0.14222222222222222,17.110172510147095,0.8135373406193278
7.180851063829787,30.713866666666668,86.52444444444444,0.16,37.91532063484192,0.8077581699346318
7.280585106382978,30.782044444444445,86.44444444444444,0.17777777777777778,58.746196269989014,0.8077788309636413
7.38031914893617,31.638266666666667,85.80444444444446,0.16,79.86835193634033,0.8064693084692881
7.480053191489362,31.91728888888889,85.68,0.21333333333333335,100.59321570396423,0.8054712219144213
7.579787234042553,32.443555555555555,86.23111111111112,0.2222222222222222,121.454354763031,0.8050519877675748
7.679521276595745,33.14671111111111,85.65333333333334,0.3111111111111111,143.23340845108032,0.8040808871493741
7.779255319148936,33.205777777777776,86.06222222222222,0.2222222222222222,163.99181938171387,0.8038892681077284
7.878989361702128,33.92106666666667,85.98222222222222,0.29333333333333333,184.85754489898682,0.80377004538586
7.9787234042553195,34.18595555555556,85.84,0.26666666666666666,205.77511382102966,0.8034329710146145
8.07845744680851,33.205733333333335,86.28444444444445,0.2311111111111111,16.855796575546265,0.8093483992467166
8.178191489361701,34.897422222222225,86.67555555555555,0.32,37.97853112220764,0.8075854063018154
8.277925531914894,34.13746666666667,86.83555555555556,0.32,58.8286817073822,0.8088569909622297
8.377659574468085,35.532088888888886,86.30222222222223,0.27555555555555555,79.73110294342041,0.808593114240975
8.477393617021276,35.48191111111111,86.60444444444444,0.41777777777777775,100.61058378219604,0.8093580934694883
8.577127659574469,35.727111111111114,86.58666666666667,0.3377777777777778,121.45406532287598,0.8089431643624945
8.67686170212766,36.69564444444445,86.83555555555556,0.4622222222222222,142.27188372612,0.8090591573891914
8.77659574468085,36.693555555555555,86.96000000000001,0.43555555555555553,163.25738215446472,0.80947184170473
8.876329787234043,37.32128888888889,86.57777777777778,0.4088888888888889,184.276686668396,0.8091869836453122
8.976063829787234,37.791066666666666,86.69333333333333,0.5688888888888889,205.1239206790924,0.8092001211021236
9.075797872340425,38.71906666666667,87.12,0.4622222222222222,16.742380142211914,0.816912280701763
9.175531914893616,38.34817777777778,88.05333333333333,0.5511111111111111,37.66104984283447,0.8178350168350066
9.275265957446809,39.37435555555555,86.81777777777778,0.47111111111111115,58.587666511535645,0.8154975845410456
9.375,40.94471111111111,86.91555555555556,0.72,79.3822615146637,0.8147076438140087
9.474734042553191,41.047111111111114,87.19111111111111,0.6311111111111111,100.20878624916077,0.8139831932772884
9.574468085106384,42.18586666666667,86.72888888888889,0.6844444444444444,120.92766571044922,0.813864197530845
9.674202127659575,41.727555555555554,87.33333333333333,0.5066666666666666,141.6948263645172,0.8139197896120812
9.773936170212766,42.69871111111111,86.54222222222222,0.6577777777777778,162.40678334236145,0.8133318060328486
9.873670212765957,44.31164444444445,86.71111111111112,0.6311111111111111,183.05434894561768,0.813138508371437
9.97340425531915,44.589555555555556,86.86222222222221,0.6933333333333334,203.79804015159607,0.812989678202874
