Epochs,Loss,Accuracy (%),Silent labels (%),Time (s),Average Prediction Confidence
0.09973404255319149,93.37177777777778,31.955555555555552,5.582222222222223,34.55211853981018,0.2902874074074353
0.19946808510638298,61.00822222222222,54.9511111111111,0.0,58.23600196838379,0.3414637037036492
0.2992021276595745,55.22226666666667,61.80444444444444,0.0,80.16515254974365,0.37405037037034533
0.39893617021276595,51.827422222222225,63.65333333333333,0.0,101.05089735984802,0.397857777777764
0.49867021276595747,49.236533333333334,66.68444444444445,0.0,120.66243624687195,0.41742577777776213
0.598404255319149,47.40604444444445,68.05333333333333,0.0,139.9025423526764,0.4333886419752942
0.6981382978723404,45.69724444444444,68.51555555555555,0.0,158.38197708129883,0.44708402116401785
0.7978723404255319,44.11311111111111,70.30222222222223,0.008888888888888889,176.18496227264404,0.45915925925927836
0.8976063829787234,42.691155555555554,70.56888888888889,0.0,194.0083086490631,0.469837037037073
0.9973404255319149,41.468222222222224,71.90222222222222,0.0,211.46527743339539,0.47944829629634506
1.0970744680851063,39.87875555555556,73.21777777777778,0.0,17.336829900741577,0.5809436834094505
1.196808510638298,39.205511111111115,72.77333333333334,0.0,33.94863986968994,0.5842132132132054
1.2965425531914894,38.525866666666666,73.60888888888888,0.0,50.33299517631531,0.5878844045839329
1.3962765957446808,38.23742222222222,74.02666666666666,0.0,67.1405930519104,0.5913348247576002
1.4960106382978724,38.1412,74.34666666666668,0.0,84.35930347442627,0.5951266011319157
1.5957446808510638,38.01475555555555,74.89777777777778,0.0,100.52102994918823,0.5992073412698202
1.6954787234042554,37.6968,75.58222222222221,0.0,117.10181307792664,0.6036116422349628
1.7952127659574468,38.34195555555556,75.43111111111112,0.02666666666666667,134.14067029953003,0.6079264214046776
1.8949468085106382,38.25911111111111,76.55111111111111,0.044444444444444446,151.97964191436768,0.6124048208684116
1.9946808510638299,39.3,77.31555555555556,0.16,170.37318181991577,0.6173755199049593
2.0944148936170213,41.168,78.12444444444444,0.20444444444444446,19.026262044906616,0.6704663536776415
2.1941489361702127,43.803111111111114,78.35555555555555,0.3111111111111111,38.420300245285034,0.674913242009126
2.293882978723404,47.57288888888889,78.49777777777777,0.48,58.3608341217041,0.677447963800882
2.393617021276596,50.95942222222222,79.26222222222222,0.6222222222222222,78.68775773048401,0.6811696696696344
2.4933510638297873,56.281911111111114,79.19111111111111,0.7466666666666667,98.15886378288269,0.6832955974842406
2.5930851063829787,60.544488888888885,79.50222222222222,0.8888888888888888,118.19404220581055,0.6860129546586602
2.69281914893617,65.53733333333334,79.91111111111111,0.7022222222222222,137.7566044330597,0.6887302196630071
2.7925531914893615,70.75542222222222,79.46666666666667,0.9511111111111111,158.0868730545044,0.6907024608500738
2.8922872340425534,75.25546666666666,79.89333333333335,1.031111111111111,177.97634625434875,0.692498095711201
2.992021276595745,80.52377777777778,80.49777777777778,1.0933333333333333,197.2618384361267,0.6945719392315037
3.091755319148936,84.23551111111111,81.63555555555556,0.7377777777777778,18.004631757736206,0.7214299516908395
3.1914893617021276,86.6368,80.81777777777778,0.7022222222222222,37.50441765785217,0.7224475308641909
3.291223404255319,84.68204444444444,81.87555555555555,0.5955555555555556,56.99362087249756,0.7242049720953602
3.390957446808511,78.77795555555555,82.07111111111111,0.4,76.67512488365173,0.7242010582010272
3.4906914893617023,69.46266666666666,82.2311111111111,0.2577777777777778,94.9934754371643,0.7239650707617812
3.5904255319148937,61.7364,81.87555555555555,0.11555555555555555,112.69086170196533,0.7228568568568148
3.690159574468085,55.6788,80.98666666666666,0.09777777777777777,130.6567645072937,0.7213076429029801
3.7898936170212765,51.33928888888889,80.96,0.035555555555555556,148.52039074897766,0.7200142162363947
3.889627659574468,47.70093333333333,81.98222222222222,0.044444444444444446,167.37596702575684,0.7203647234679075
3.9893617021276597,47.98506666666667,81.48444444444445,0.07111111111111111,187.13759899139404,0.7199026284350106
4.089095744680851,48.4128,82.02666666666667,0.10666666666666667,17.31644034385681,0.7259436152570697
4.1888297872340425,50.62591111111111,82.36444444444444,0.1511111111111111,34.919721364974976,0.7271799687010795
4.288563829787234,53.498133333333335,82.57777777777778,0.2222222222222222,53.85975170135498,0.7287639528929524
4.388297872340425,58.123022222222225,82.16888888888889,0.29333333333333333,71.64768075942993,0.7285022831049828
4.488031914893617,62.21257777777778,82.44444444444444,0.3111111111111111,89.77527856826782,0.7288113835906271
4.587765957446808,64.70688888888888,82.72,0.32,107.86007690429688,0.7298320764202612
4.6875,67.04088888888889,82.28444444444445,0.2577777777777778,125.96314239501953,0.7301783795400204
4.787234042553192,70.6451111111111,81.96444444444444,0.2311111111111111,143.88324761390686,0.7300060060059469
4.886968085106383,69.41875555555555,82.65777777777778,0.17777777777777778,162.2463936805725,0.7300109945027936
4.986702127659575,64.63017777777777,82.48,0.12444444444444445,179.92315220832825,0.7299622641510722
5.086436170212766,57.31191111111111,82.8,0.10666666666666667,15.750717163085938,0.7250803418803635
5.1861702127659575,50.75106666666667,83.60888888888888,0.044444444444444446,33.280303955078125,0.7295746031745818
5.285904255319149,44.577644444444445,83.37777777777777,0.0,50.94243049621582,0.7321426356588732
5.38563829787234,41.05875555555556,83.55555555555556,0.008888888888888889,68.2678337097168,0.7336229885056952
5.485372340425532,38.70991111111111,83.07555555555555,0.008888888888888889,85.5391993522644,0.7336231354641835
5.585106382978723,37.18657777777778,83.27111111111111,0.017777777777777778,103.04100108146667,0.734692929292886
5.684840425531915,35.9928,83.00444444444445,0.02666666666666667,120.53198957443237,0.7357471413160362
5.784574468085107,35.5336,83.17333333333333,0.008888888888888889,137.94451808929443,0.7372233521656889
5.884308510638298,35.599333333333334,83.16444444444444,0.035555555555555556,155.5965859889984,0.7385015873016391
5.98404255319149,35.71551111111111,82.4888888888889,0.017777777777777778,173.3231234550476,0.7391423423424616
6.0837765957446805,34.852577777777775,83.97333333333333,0.035555555555555556,15.413542032241821,0.7588924162257681
6.183510638297872,35.22884444444445,84.48,0.035555555555555556,33.60056114196777,0.7613977455716453
6.283244680851064,35.97057777777778,84.45333333333333,0.044444444444444446,51.90990877151489,0.7629900886801972
6.382978723404255,38.28848888888889,83.69777777777779,0.14222222222222222,70.02415871620178,0.763202160493787
6.482712765957447,40.080933333333334,83.65333333333334,0.09777777777777777,88.33330535888672,0.7631025405570465
6.582446808510638,41.27422222222222,84.18666666666667,0.2222222222222222,106.67983222007751,0.7639249112125419
6.68218085106383,41.9064,84.16888888888889,0.24,125.2785964012146,0.7644314489928138
6.781914893617022,42.513333333333335,84.10666666666667,0.2488888888888889,144.45406007766724,0.7649070294784361
6.881648936170213,43.854977777777776,83.73333333333333,0.2222222222222222,163.40535402297974,0.7654714261773464
6.9813829787234045,46.169244444444445,84.64,0.35555555555555557,182.20146131515503,0.7661890996688626
7.0811170212765955,46.44582222222222,85.53777777777778,0.27555555555555555,14.945742130279541,0.7851366120218742
7.180851063829787,49.19155555555555,85.03111111111112,0.3822222222222222,34.415623903274536,0.7820751633986864
7.280585106382978,52.702222222222225,85.42222222222222,0.47111111111111115,52.68864297866821,0.7816134807793369
7.38031914893617,56.72337777777778,84.68444444444444,0.5333333333333333,70.95765137672424,0.7804724164723923
7.480053191489362,60.309022222222225,84.47111111111111,0.45333333333333337,89.5062882900238,0.7794866112649763
7.579787234042553,65.124,84.98666666666666,0.5511111111111111,107.64910984039307,0.7792344546380857
7.679521276595745,69.48702222222222,85.08444444444444,0.5866666666666667,125.77998733520508,0.7789684714067883
7.779255319148936,73.39466666666667,85.32444444444445,0.43555555555555553,144.62976908683777,0.779045885475907
7.878989361702128,77.89186666666667,84.84444444444445,0.6488888888888888,163.03524494171143,0.7787197848378505
7.9787234042553195,79.36711111111111,84.88,0.4,180.67434906959534,0.7779637681160757
8.07845744680851,77.88622222222222,85.26222222222222,0.27555555555555555,13.498154878616333,0.772436911487779
8.178191489361701,73.67906666666667,85.27111111111111,0.28444444444444444,31.438347339630127,0.7658275290215435
8.277925531914894,62.492266666666666,85.2,0.11555555555555555,48.476542472839355,0.7647081339712526
8.377659574468085,51.752,84.67555555555556,0.05333333333333334,65.46225619316101,0.7625665101720964
8.477393617021276,43.33591111111111,85.52,0.044444444444444446,82.26088190078735,0.7626035283193587
8.577127659574469,39.06475555555556,84.99555555555555,0.008888888888888889,99.0815200805664,0.7624618535585859
8.67686170212766,35.6176,85.35111111111111,0.0,115.85501265525818,0.7625741104561968
8.77659574468085,34.17124444444445,85.01333333333334,0.0,132.6894884109497,0.7634307458142966
8.876329787234043,33.30408888888889,85.2088888888889,0.0,149.73659539222717,0.764068116675188
8.976063829787234,32.73235555555556,85.30666666666666,0.044444444444444446,166.57607984542847,0.7650402664246277
9.075797872340425,31.772755555555555,85.55555555555556,0.05333333333333334,13.225354194641113,0.7798050682261415
9.175531914893616,31.9888,86.52444444444444,0.07111111111111111,30.34867525100708,0.7818989898989733
9.275265957446809,33.84111111111111,85.36888888888889,0.12444444444444445,47.49086880683899,0.7806398282339959
9.375,35.553733333333334,85.6,0.17777777777777778,65.10604929924011,0.7816154452324257
9.474734042553191,37.43697777777778,85.22666666666666,0.18666666666666668,82.52994203567505,0.7814117647058338
9.574468085106384,39.873644444444444,85.36888888888889,0.3111111111111111,100.59219622612,0.7816152263374017
9.674202127659575,41.727555555555554,85.81333333333333,0.3377777777777778,118.46572041511536,0.7822844619767207
9.773936170212766,45.26448888888889,85.54666666666667,0.35555555555555557,136.83739399909973,0.7820679648720666
9.873670212765957,50.74955555555555,85.31555555555556,0.4444444444444444,155.53705310821533,0.7818609842719962
9.97340425531915,53.46306666666667,85.31555555555556,0.3022222222222222,173.8638048171997,0.7819277474196549
