0.02,0.03,0.05,0.08,0.1,0.13,0.15,0.18,0.2
0.0,0.0,0.00011702127659574467,0.04931205673758866,0.11941489361702125,0.241595744680851,0.3263049645390071,0.44871276595744686,0.5265886524822694
0.0,0.0,0.0015212765957446808,0.07381914893617021,0.1540851063829787,0.2808014184397163,0.3620531914893617,0.47549290780141845,0.5455390070921985
0.0,0.0,0.0039680851063829785,0.09035815602836879,0.17437234042553185,0.29811347517730497,0.3741028368794327,0.47962765957446807,0.5446418439716312
0.0,0.0,0.006439716312056737,0.1016028368794326,0.1871879432624113,0.3070744680851064,0.3794113475177306,0.47956382978723405,0.5415992907801419
0.0,0.0,0.008953900709219859,0.1100851063829787,0.1955141843971631,0.312113475177305,0.3820673758865248,0.4784716312056739,0.538031914893617
0.0,0.0,0.011404255319148937,0.11641489361702126,0.20101773049645386,0.31456028368794325,0.3825283687943263,0.47658865248226956,0.5344716312056739
0.0,0.0,0.01421276595744681,0.12246808510638295,0.20687588652482264,0.31840780141843966,0.38527304964539005,0.47740780141843975,0.5341631205673759
0.0,0.0,0.01647872340425532,0.12687943262411347,0.21010283687943257,0.31977659574468087,0.38558865248226953,0.4766950354609929,0.5324078014184398
0.0,0.0,0.018631205673758866,0.13085106382978723,0.213209219858156,0.3205709219858156,0.3851028368794327,0.4740248226950355,0.5286382978723405
0.0,0.0,0.02056737588652482,0.13397163120567374,0.2156418439716312,0.3220141843971631,0.38546453900709216,0.47376241134751773,0.5274539007092199
