0.02,0.03,0.05,0.08,0.1,0.13,0.15,0.18,0.2
0.0,0.0,3.546099290780142e-06,0.02202482269503546,0.09853546099290778,0.1891524822695035,0.27989007092198576,0.3642943262411348,0.44216666666666665
0.0,0.0,0.00016666666666666666,0.041,0.1289787234042553,0.2210460992907801,0.30248936170212765,0.3751595744680851,0.44108510638297876
0.0,0.0,0.0012517730496453899,0.05391134751773049,0.14579787234042552,0.23404255319148937,0.30907446808510636,0.3756241134751773,0.43619858156028374
0.0,0.0,0.0030496453900709223,0.06502127659574468,0.15809574468085102,0.24236170212765953,0.31220921985815603,0.37450000000000006,0.4311560283687943
0.0,0.0,0.005308510638297873,0.07418085106382978,0.16639716312056735,0.2468333333333333,0.31310992907801416,0.372790780141844,0.42670212765957444
0.0,0.0,0.007347517730496455,0.08147163120567374,0.17205319148936168,0.24869858156028365,0.3121702127659574,0.36909219858156034,0.42068085106382974
0.0,0.0,0.009510638297872341,0.08736879432624112,0.17622695035460986,0.25013475177304956,0.3116276595744681,0.36653191489361703,0.4161063829787234
0.0,0.0,0.011411347517730498,0.09169148936170213,0.1792163120567376,0.250209219858156,0.3092978723404255,0.36185815602836885,0.40909929078014184
0.0,0.0,0.013219858156028368,0.09575177304964538,0.18111702127659568,0.2500283687943262,0.307677304964539,0.35890780141843975,0.4049078014184397
0.0,0.0,0.015067375886524827,0.09893617021276593,0.1823687943262411,0.2495886524822695,0.306113475177305,0.3562021276595745,0.40106028368794333
