0.02,0.03,0.05,0.08,0.1,0.13,0.15,0.18,0.2
0.0,0.0,0.0,0.027148936170212766,0.07351063829787233,0.17412411347517728,0.26556737588652474,0.34199290780141844,0.37611347517730487
0.0,0.0,0.0,0.05033687943262411,0.102531914893617,0.19857446808510634,0.27377304964539,0.3357127659574468,0.363663120567376
0.0,0.0,0.0,0.06677659574468084,0.12002482269503542,0.20927304964539004,0.27507092198581556,0.32995744680851063,0.3545851063829787
0.0,0.0,0.0,0.07701418439716311,0.1294078014184397,0.2134858156028369,0.27400354609929073,0.32467375886524824,0.3476418439716313
0.0,0.0,0.0,0.08667730496453899,0.13673049645390067,0.21407446808510636,0.26972340425531915,0.31632978723404254,0.33714893617021274
0.0,0.0,3.546099290780142e-05,0.0936063829787234,0.14020921985815601,0.2127198581560283,0.26542907801418436,0.30918794326241134,0.32862411347517734
0.0,0.0,0.0008191489361702128,0.10002482269503545,0.14360992907801415,0.21224822695035458,0.26235815602836876,0.3037375886524823,0.3214787234042553
0.0,0.0,0.0025390070921985815,0.10503191489361703,0.14588652482269499,0.21016312056737585,0.2581595744680851,0.29714893617021276,0.314209219858156
0.0,0.0,0.004343971631205674,0.10849999999999999,0.14701773049645386,0.20680141843971628,0.2520177304964539,0.288177304964539,0.3037624113475177
0.0,0.0,0.009223404255319149,0.11530141843971627,0.15062411347517726,0.2033510638297872,0.2424574468085106,0.27282624113475173,0.2855567375886525
