0.02,0.03,0.05,0.08,0.1,0.13,0.15,0.18,0.2
0.0,0.0,0.0039822695035461,0.07615602836879433,0.1467446808510638,0.2684609929078014,0.3555425531914894,0.4875673758865248,0.5727517730496454
0.0,3.546099290780142e-06,0.021202127659574466,0.12445390070921983,0.20766666666666664,0.33960992907801424,0.42760283687943257,0.5552801418439716,0.6354822695035462
6.737588652482269e-05,0.02193971631205674,0.10636524822695033,0.24347163120567372,0.3357978723404256,0.4596524822695035,0.5311843971631206,0.6268439716312056,0.6845354609929076
0.016078014184397162,0.06970567375886524,0.17752482269503544,0.3245354609929078,0.41117021276595744,0.521804964539007,0.5880921985815603,0.6793297872340426,0.734936170212766
0.04670567375886524,0.10617730496453898,0.21421276595744676,0.3516418439716312,0.4324964539007093,0.5439893617021276,0.6128900709219858,0.7069042553191489,0.7633794326241135
0.059726950354609905,0.12579078014184394,0.23502127659574468,0.36561702127659584,0.4454397163120568,0.557063829787234,0.6252801418439717,0.7176205673758865,0.7729078014184396
0.06497517730496452,0.13332978723404254,0.24683687943262403,0.3736843971631206,0.453790780141844,0.5654964539007092,0.6334751773049645,0.7256808510638296,0.7803226950354609
0.07386879432624112,0.14310283687943257,0.2561737588652482,0.3822446808510639,0.4619148936170213,0.5746914893617021,0.6431702127659574,0.734982269503546,0.7902198581560284
0.08861347517730495,0.15637943262411344,0.261177304964539,0.3867517730496455,0.4663581560283688,0.5786063829787234,0.6464113475177304,0.7386737588652482,0.793386524822695
0.10217375886524822,0.16729078014184393,0.2647269503546099,0.3893120567375887,0.4692978723404256,0.5819113475177304,0.6506666666666666,0.7432127659574468,0.7983368794326241
