0.02,0.03,0.05,0.08,0.1,0.13,0.15,0.18,0.2
0.0,0.0,1.4184397163120568e-05,0.028787234042553192,0.11812056737588651,0.22909219858156027,0.30810283687943263,0.46657801418439715,0.5428014184397162
0.0,0.0,0.00020212765957446804,0.046645390070921985,0.15189716312056736,0.27304255319148935,0.35333687943262415,0.5073936170212766,0.5795709219858156
0.0,0.0,0.00074822695035461,0.059273049645390076,0.17339716312056733,0.2967234042553191,0.3768581560283688,0.5255283687943263,0.594581560283688
0.0,0.0,0.0015851063829787234,0.06900709219858156,0.18778014184397157,0.310677304964539,0.38837943262411345,0.5319893617021277,0.5982978723404255
0.0,0.0,0.002624113475177305,0.07684397163120567,0.1981028368794326,0.31947517730496455,0.39495744680851064,0.533436170212766,0.5972624113475177
0.0,0.0,0.003687943262411348,0.08320567375886524,0.20580141843971628,0.32591843971631207,0.4002765957446809,0.5366595744680851,0.5993510638297872
0.0,0.0,0.004691489361702128,0.08821276595744679,0.21149645390070917,0.330418439716312,0.4031382978723404,0.5371063829787234,0.5987517730496454
0.0,0.0,0.005762411347517731,0.09266666666666665,0.2167588652482269,0.3340141843971631,0.4062836879432625,0.5383333333333334,0.598985815602837
0.0,0.0,0.0066808510638297885,0.09678014184397161,0.22105319148936167,0.33784042553191496,0.4092801418439717,0.540968085106383,0.6011170212765957
0.0,0.0,0.007758865248226951,0.09973404255319147,0.2236950354609929,0.3386914893617022,0.40908865248226955,0.5382198581560285,0.5973191489361702
