Epochs,Loss,Accuracy (%),Silent labels (%),Time (s),Average Prediction Confidence
0.09973404255319149,100.8647111111111,32.897777777777776,8.96888888888889,32.596985816955566,0.0
0.19946808510638298,66.6040888888889,55.02222222222222,2.0444444444444447,55.50858211517334,0.0
0.2992021276595745,57.95466666666667,60.41777777777778,0.9066666666666667,75.96393609046936,0.0
0.39893617021276595,51.75013333333333,64.90666666666667,0.0,95.10899615287781,0.0
0.49867021276595747,49.242,67.19111111111111,0.017777777777777778,113.37462878227234,0.0
0.598404255319149,47.43368888888889,68.13333333333334,0.0,130.87084817886353,0.0
0.6981382978723404,45.61671111111111,69.72444444444444,0.0,147.91120433807373,0.0
0.7978723404255319,44.14324444444444,70.82666666666667,0.0,164.56573724746704,0.0
0.8976063829787234,43.1264,70.75555555555556,0.0,180.92339873313904,0.0
0.9973404255319149,41.98511111111111,71.74222222222222,0.0,196.94446420669556,0.0
1.0970744680851063,41.09742222222222,72.22222222222221,0.008888888888888889,15.493329763412476,0.0
1.196808510638298,40.22182222222222,73.2,0.0,31.06520962715149,0.0
1.2965425531914894,39.559511111111114,73.41333333333333,0.0,46.41359329223633,0.0
1.3962765957446808,38.221288888888886,74.77333333333334,0.0,61.65079998970032,0.0
1.4960106382978724,37.72795555555555,75.24444444444444,0.0,76.53186225891113,0.0
1.5957446808510638,37.39964444444445,74.64888888888889,0.0,91.1517493724823,0.0
1.6954787234042554,36.29497777777778,76.00888888888889,0.0,105.23801803588867,0.0
1.7952127659574468,35.81475555555556,76.08,0.0,119.18757319450378,0.0
1.8949468085106382,35.4876,75.52888888888889,0.0,133.02057313919067,0.0
1.9946808510638299,35.09115555555555,76.30222222222223,0.0,146.51248979568481,0.0
2.0944148936170213,34.59133333333333,76.78222222222222,0.0,12.84839653968811,0.0
2.1941489361702127,34.245022222222225,76.84444444444445,0.0,25.98178458213806,0.0
2.293882978723404,34.13728888888889,76.97777777777777,0.0,38.995640993118286,0.0
2.393617021276596,33.33924444444445,78.18666666666667,0.0,51.85892176628113,0.0
2.4933510638297873,33.309422222222224,77.98222222222222,0.0,64.73374319076538,0.0
2.5930851063829787,33.70817777777778,77.65333333333334,0.0,77.81426167488098,0.0
2.69281914893617,33.613955555555556,78.65777777777778,0.0,91.024249792099,0.0
2.7925531914893615,33.92337777777778,78.78222222222222,0.008888888888888889,104.96465110778809,0.0
2.8922872340425534,34.1856,78.71111111111111,0.0,119.43341326713562,0.0
2.992021276595745,33.702844444444445,79.2,0.0,134.25974011421204,0.0
3.091755319148936,32.81817777777778,79.74222222222222,0.0,14.15238904953003,0.0
3.1914893617021276,32.230177777777776,79.89333333333335,0.0,29.382720232009888,0.0
3.291223404255319,31.587155555555555,80.30222222222221,0.008888888888888889,44.84919095039368,0.0
3.390957446808511,30.831955555555556,81.22666666666667,0.0,60.50442957878113,0.0
3.4906914893617023,30.427155555555554,81.12888888888888,0.0,76.31980013847351,0.0
3.5904255319148937,30.95017777777778,80.84444444444443,0.0,92.35999345779419,0.0
3.690159574468085,29.850177777777777,82.36444444444444,0.008888888888888889,108.35109758377075,0.0
3.7898936170212765,29.895422222222223,81.91111111111111,0.0,124.38404417037964,0.0
3.889627659574468,29.616888888888887,81.88444444444445,0.0,140.43278646469116,0.0
3.9893617021276597,29.464044444444443,82.13333333333334,0.0,156.39893794059753,0.0
4.089095744680851,29.3716,82.28444444444445,0.0,14.56567096710205,0.0
4.1888297872340425,29.927377777777778,82.41777777777777,0.008888888888888889,30.673911333084106,0.0
4.288563829787234,29.338177777777776,82.77333333333333,0.008888888888888889,46.78243613243103,0.0
4.388297872340425,29.110044444444444,84.04444444444444,0.008888888888888889,63.046693086624146,0.0
4.488031914893617,28.8836,83.54666666666667,0.008888888888888889,79.37487363815308,0.0
4.587765957446808,29.528488888888887,83.13777777777777,0.008888888888888889,95.79459834098816,0.0
4.6875,28.628533333333333,84.21333333333332,0.0,112.16587972640991,0.0
4.787234042553192,29.19502222222222,83.41333333333333,0.008888888888888889,128.59185910224915,0.0
4.886968085106383,28.895733333333332,83.93777777777778,0.0,144.96049284934998,0.0
4.986702127659575,29.057377777777777,83.98222222222222,0.008888888888888889,161.53140473365784,0.0
5.086436170212766,28.722755555555555,83.84888888888888,0.0,14.683590650558472,0.0
5.1861702127659575,28.7672,84.22222222222221,0.008888888888888889,31.2518093585968,0.0
5.285904255319149,28.5628,84.57777777777777,0.0,47.8724479675293,0.0
5.38563829787234,28.450044444444444,85.21777777777778,0.0,64.6894543170929,0.0
5.485372340425532,28.2104,85.01333333333334,0.008888888888888889,81.47192525863647,0.0
5.585106382978723,29.327733333333335,84.14222222222222,0.0,98.15633153915405,0.0
5.684840425531915,28.220044444444444,85.26222222222222,0.0,114.99544072151184,0.0
5.784574468085107,28.728133333333332,84.65777777777778,0.008888888888888889,131.81121850013733,0.0
5.884308510638298,28.360266666666668,85.00444444444445,0.017777777777777778,148.59569478034973,0.0
5.98404255319149,28.273955555555556,84.84444444444445,0.0,165.50591921806335,0.0
6.0837765957446805,28.15728888888889,84.94222222222221,0.0,14.425605058670044,0.0
6.183510638297872,28.42697777777778,85.03111111111112,0.0,31.345842123031616,0.0
6.283244680851064,28.0568,85.33333333333334,0.0,48.234601736068726,0.0
6.382978723404255,27.85328888888889,86.32888888888888,0.008888888888888889,65.27857279777527,0.0
6.482712765957447,27.69657777777778,86.08,0.008888888888888889,82.38743567466736,0.0
6.582446808510638,28.327333333333332,85.36,0.0,99.38083624839783,0.0
6.68218085106383,27.713066666666666,86.37333333333333,0.008888888888888889,116.43529629707336,0.0
6.781914893617022,28.08888888888889,85.56444444444445,0.0,133.55254006385803,0.0
6.881648936170213,27.86088888888889,85.99111111111111,0.0,150.6992917060852,0.0
6.9813829787234045,28.107777777777777,85.41333333333333,0.0,167.89275979995728,0.0
7.0811170212765955,27.87991111111111,85.87555555555556,0.0,14.157580137252808,0.0
7.180851063829787,28.369822222222222,85.6711111111111,0.0,31.264375925064087,0.0
7.280585106382978,27.82422222222222,86.30222222222223,0.0,48.37746000289917,0.0
7.38031914893617,27.4692,87.01333333333334,0.0,65.65745234489441,0.0
7.480053191489362,27.23902222222222,86.83555555555556,0.008888888888888889,82.935870885849,0.0
7.579787234042553,28.09262222222222,86.16,0.008888888888888889,100.22531199455261,0.0
7.679521276595745,27.28462222222222,87.1111111111111,0.017777777777777778,117.50300097465515,0.0
7.779255319148936,27.79151111111111,86.29333333333334,0.0,134.75937676429749,0.0
7.878989361702128,27.913333333333334,86.45333333333333,0.008888888888888889,152.10648941993713,0.0
7.9787234042553195,27.8716,86.34666666666668,0.008888888888888889,169.41986560821533,0.0
8.07845744680851,27.42071111111111,86.73777777777778,0.008888888888888889,13.90987253189087,0.0
8.178191489361701,28.089155555555557,86.4,0.0,31.2029287815094,0.0
8.277925531914894,27.484444444444446,86.86222222222221,0.008888888888888889,48.37225317955017,0.0
8.377659574468085,27.5268,87.19111111111111,0.008888888888888889,65.73767018318176,0.0
8.477393617021276,27.138533333333335,87.71555555555555,0.008888888888888889,83.00919985771179,0.0
8.577127659574469,27.8104,86.82666666666667,0.02666666666666667,100.31871032714844,0.0
8.67686170212766,27.259333333333334,87.46666666666667,0.008888888888888889,117.63818550109863,0.0
8.77659574468085,27.937377777777776,86.72,0.008888888888888889,135.01256108283997,0.0
8.876329787234043,27.750444444444444,87.1111111111111,0.0,152.40948057174683,0.0
8.976063829787234,27.58568888888889,87.1288888888889,0.0,169.79247999191284,0.0
9.075797872340425,27.412977777777776,87.2088888888889,0.008888888888888889,13.329605340957642,0.0
9.175531914893616,27.668977777777776,86.96888888888888,0.0,30.673152685165405,0.0
9.275265957446809,27.58377777777778,87.36888888888889,0.008888888888888889,47.94095706939697,0.0
9.375,27.432044444444443,88.00888888888889,0.017777777777777778,65.37623429298401,0.0
9.474734042553191,27.377022222222223,87.75111111111111,0.02666666666666667,82.77017307281494,0.0
9.574468085106384,27.976,87.38666666666667,0.008888888888888889,100.1528992652893,0.0
9.674202127659575,27.394266666666667,88.14222222222222,0.017777777777777778,117.43050599098206,0.0
9.773936170212766,27.85546666666667,87.19111111111111,0.035555555555555556,134.79395008087158,0.0
9.873670212765957,27.936711111111112,87.52888888888889,0.017777777777777778,152.1806468963623,0.0
9.97340425531915,27.775244444444443,87.49333333333334,0.0,169.59122276306152,0.0
