Epochs,Loss,Accuracy (%),Silent labels (%),Time (s),Average Prediction Confidence
0.09973404255319149,96.71875555555556,32.31111111111111,7.04,37.48117756843567,0.292551111111137
0.19946808510638298,60.95831111111111,55.30666666666667,0.008888888888888889,62.42540407180786,0.34466666666661355
0.2992021276595745,55.12506666666667,61.53777777777778,0.0,84.64234185218811,0.3775032098765197
0.39893617021276595,51.59133333333333,64.53333333333333,0.0,105.4062922000885,0.4018637037036938
0.49867021276595747,49.1868,65.87555555555555,0.0,125.37837362289429,0.4210394074073972
0.598404255319149,47.52111111111111,68.08,0.0,144.694317817688,0.4368029629629505
0.6981382978723404,45.492977777777774,69.43111111111111,0.0,163.48423528671265,0.45072931216931106
0.7978723404255319,44.18631111111111,69.78666666666666,0.008888888888888889,181.9398593902588,0.46268592592594276
0.8976063829787234,43.123066666666666,70.69333333333333,0.0,200.12486672401428,0.4732082304527066
0.9973404255319149,41.781644444444446,72.54222222222222,0.0,217.88866996765137,0.4829357037037437
1.0970744680851063,40.4716,72.80888888888889,0.0,17.612793922424316,0.5831719939117312
1.196808510638298,39.90182222222222,73.37777777777778,0.0,35.09031629562378,0.5858978978978899
1.2965425531914894,39.242133333333335,74.04444444444445,0.0,52.310256242752075,0.5891121076232873
1.3962765957446808,38.596088888888886,74.3911111111111,0.0,69.24074268341064,0.5926905294555841
1.4960106382978724,37.86888888888889,75.2088888888889,0.0,86.13703179359436,0.5963550789394793
1.5957446808510638,37.940533333333335,74.42666666666666,0.0,102.89369773864746,0.5987579365079143
1.6954787234042554,37.578044444444444,74.65777777777778,0.0,119.4078369140625,0.6008328022094676
1.7952127659574468,36.30835555555556,76.21333333333334,0.0,135.77213382720947,0.6039368264585662
1.8949468085106382,36.03017777777778,75.86666666666667,0.008888888888888889,152.1907057762146,0.6066891200264268
1.9946808510638299,35.456266666666664,76.74666666666667,0.008888888888888889,168.2427864074707,0.6094527629233916
2.0944148936170213,34.67333333333333,76.71111111111111,0.008888888888888889,15.375943899154663,0.6392550860720051
2.1941489361702127,34.279066666666665,77.60000000000001,0.008888888888888889,31.109182357788086,0.6413515981734991
2.293882978723404,34.44462222222222,76.55111111111111,0.0,46.56738638877869,0.641546505781756
2.393617021276596,33.498977777777775,78.36444444444444,0.0,61.80734610557556,0.6437867867867314
2.4933510638297873,33.452577777777776,78.08,0.0,76.99790525436401,0.6453656783467644
2.5930851063829787,33.33311111111111,77.97333333333333,0.008888888888888889,92.07966589927673,0.6470493273542423
2.69281914893617,32.970666666666666,77.91111111111111,0.0,107.02906274795532,0.6489690765621681
2.7925531914893615,32.720977777777776,78.80888888888889,0.0,121.69802951812744,0.6510052199850954
2.8922872340425534,33.1772,77.88444444444444,0.008888888888888889,136.29896712303162,0.652168239774813
2.992021276595745,32.867777777777775,78.48888888888888,0.0,150.91445541381836,0.6534691689008942
3.091755319148936,31.956933333333332,79.07555555555555,0.0,13.638849258422852,0.6714782608695877
3.1914893617021276,31.9056,79.13777777777777,0.017777777777777778,28.469887495040894,0.6724660493826966
3.291223404255319,32.21688888888889,79.59111111111112,0.0,43.11755967140198,0.6727732115676903
3.390957446808511,32.19755555555555,79.28,0.008888888888888889,57.74941897392273,0.6738065003778727
3.4906914893617023,32.44168888888889,79.44888888888889,0.0,72.37800168991089,0.6745498343871857
3.5904255319148937,32.031733333333335,79.90222222222222,0.0,87.2859251499176,0.6752602602602321
3.690159574468085,30.932444444444446,80.57777777777778,0.0,102.2129259109497,0.6770944123313908
3.7898936170212765,31.023066666666665,80.03555555555556,0.0,117.15215396881104,0.6783883277216524
3.889627659574468,31.071866666666665,79.82222222222222,0.008888888888888889,131.9872751235962,0.6790639428666702
3.9893617021276597,30.44022222222222,80.2311111111111,0.0,146.87379217147827,0.6799295101554297
4.089095744680851,29.640711111111113,80.80000000000001,0.0,13.645884037017822,0.6944477611940522
4.1888297872340425,29.607644444444446,80.77333333333333,0.0,28.78584909439087,0.6936494522691542
4.288563829787234,29.126533333333334,81.32444444444444,0.0,43.67269444465637,0.6952012288786023
4.388297872340425,29.333466666666666,81.04,0.0,58.52909016609192,0.695158295281523
4.488031914893617,29.444622222222222,80.66666666666666,0.0,73.16256976127625,0.6957759612473076
4.587765957446808,29.190133333333332,81.48444444444445,0.0,87.72005343437195,0.6969371543488927
4.6875,29.544844444444443,81.22666666666667,0.0,102.39699125289917,0.6978551472168372
4.787234042553192,30.327066666666667,80.73777777777778,0.017777777777777778,117.15341711044312,0.6978716216216204
4.886968085106383,30.4388,81.19111111111111,0.0,132.0861620903015,0.6983528235882678
4.986702127659575,31.072355555555557,81.36888888888889,0.008888888888888889,147.40767335891724,0.6988397723870818
5.086436170212766,30.892977777777777,81.64444444444445,0.008888888888888889,13.749262571334839,0.707158974358997
5.1861702127659575,30.46031111111111,82.32000000000001,0.02666666666666667,29.12151312828064,0.7113936507936303
5.285904255319149,31.031066666666668,81.09333333333333,0.017777777777777778,44.55195379257202,0.7104723514211383
5.38563829787234,30.41937777777778,81.44,0.017777777777777778,59.83316469192505,0.7106544061302074
5.485372340425532,30.2024,82.04444444444444,0.017777777777777778,75.06881976127625,0.7112328767122859
5.585106382978723,29.803644444444444,82.39111111111112,0.0,90.29675507545471,0.7129696969696653
5.684840425531915,30.647288888888887,82.32888888888888,0.008888888888888889,105.61225867271423,0.7142981661272683
5.784574468085107,34.34524444444445,82.01777777777778,0.044444444444444446,121.05762600898743,0.7147450094161788
5.884308510638298,42.21391111111111,81.79555555555555,0.17777777777777778,136.86095786094666,0.7147709273183444
5.98404255319149,50.49386666666667,80.81777777777778,0.2488888888888889,152.84045672416687,0.7146108108109234
6.0837765957446805,54.32382222222222,82.53333333333333,0.21333333333333335,14.041698217391968,0.7287689594356418
6.183510638297872,54.269822222222224,82.63111111111111,0.13333333333333333,30.342987537384033,0.7298872785829118
6.283244680851064,50.85097777777778,82.74666666666667,0.02666666666666667,46.67312049865723,0.7296734480959474
6.382978723404255,44.49817777777778,82.29333333333332,0.0,62.90614628791809,0.7282546296295835
6.482712765957447,38.57013333333333,83.16444444444444,0.0,79.0450050830841,0.7279326599326232
6.582446808510638,36.321777777777775,82.21333333333334,0.0,95.28632950782776,0.7273039066463431
6.68218085106383,36.395466666666664,82.2488888888889,0.02666666666666667,111.70471382141113,0.7274160710417812
6.781914893617022,37.52133333333333,82.54222222222222,0.02666666666666667,128.2705979347229,0.7275676492819212
6.881648936170213,39.797466666666665,82.82666666666667,0.035555555555555556,144.85748624801636,0.7279638009050335
6.9813829787234045,42.92733333333333,82.32888888888888,0.09777777777777777,161.53050065040588,0.7282848539597699
7.0811170212765955,45.065555555555555,83.10222222222222,0.07111111111111111,14.090242385864258,0.7375373406193251
7.180851063829787,46.437022222222225,83.86666666666667,0.06222222222222223,31.025470972061157,0.7388333333333225
7.280585106382978,46.690311111111114,83.05777777777777,0.06222222222222223,47.97982716560364,0.737257503949413
7.38031914893617,44.44244444444445,83.12,0.008888888888888889,65.01185989379883,0.737796425796382
7.480053191489362,41.230355555555555,82.96,0.017777777777777778,81.96287560462952,0.7367140658663797
7.579787234042553,39.120266666666666,83.46666666666667,0.017777777777777778,98.99964118003845,0.7373098878694839
7.679521276595745,41.83008888888889,83.17333333333333,0.008888888888888889,116.16815400123596,0.7370089149814859
7.779255319148936,45.30191111111111,82.77333333333333,0.06222222222222223,133.49623465538025,0.7368327645050912
7.878989361702128,45.53848888888889,83.03111111111112,0.05333333333333334,151.00790739059448,0.7374684820978794
7.9787234042553195,44.24635555555555,82.60444444444445,0.044444444444444446,168.59672284126282,0.7373635265701655
8.07845744680851,41.875733333333336,83.77777777777777,0.035555555555555556,14.215078830718994,0.7476836158192269
8.178191489361701,42.599288888888886,83.95555555555556,0.035555555555555556,31.673463344573975,0.7468126036484157
8.277925531914894,43.11942222222222,83.16444444444444,0.044444444444444446,49.22547435760498,0.7428750664539859
8.377659574468085,39.48728888888889,83.66222222222223,0.017777777777777778,66.65611600875854,0.7426572769952651
8.477393617021276,37.45022222222222,83.90222222222222,0.017777777777777778,84.07082080841064,0.7431841535128118
8.577127659574469,37.654,83.07555555555555,0.017777777777777778,101.46158075332642,0.7423860727086254
8.67686170212766,37.63608888888889,83.54666666666667,0.008888888888888889,118.88511276245117,0.7420091683038406
8.77659574468085,37.14306666666667,83.81333333333333,0.02666666666666667,136.4337658882141,0.7422321156773021
8.876329787234043,37.30271111111111,83.79555555555555,0.017777777777777778,153.99796843528748,0.7423611532625797
8.976063829787234,40.26164444444444,83.66222222222223,0.017777777777777778,171.88674092292786,0.7428465031790563
9.075797872340425,41.75062222222222,83.40444444444445,0.044444444444444446,14.078110218048096,0.747524366471748
9.175531914893616,40.00302222222222,83.50222222222222,0.008888888888888889,32.158902168273926,0.7482626262626138
9.275265957446809,38.038222222222224,84.59555555555556,0.0,50.43226218223572,0.749423510466955
9.375,36.178844444444444,83.7688888888889,0.017777777777777778,68.66656136512756,0.7491158392434535
9.474734042553191,36.014177777777775,84.28444444444445,0.017777777777777778,86.8297131061554,0.7499719887954827
9.574468085106384,38.03128888888889,84.04444444444444,0.044444444444444446,105.21229529380798,0.7498683127571696
9.674202127659575,39.6552,83.44888888888889,0.035555555555555556,123.63380241394043,0.7497032653955452
9.773936170212766,41.168622222222226,84.10666666666667,0.06222222222222223,142.04006433486938,0.7500427644138778
9.873670212765957,41.291244444444445,83.39555555555556,0.008888888888888889,160.44945359230042,0.7493996279384953
9.97340425531915,38.928488888888886,83.54666666666667,0.008888888888888889,178.9206440448761,0.7492659380693346
