Epochs,Loss,Accuracy (%),Silent labels (%),Time (s),Average Prediction Confidence
0.09973404255319149,96.25933333333333,32.595555555555556,6.897777777777778,37.9113130569458,0.2929007407407666
0.19946808510638298,61.129466666666666,55.37777777777778,0.0,63.01572823524475,0.34445629629624164
0.2992021276595745,55.239733333333334,61.20888888888889,0.008888888888888889,85.54096293449402,0.37698962962960536
0.39893617021276595,51.7492,64.68444444444444,0.0,106.87658667564392,0.40112296296295114
0.49867021276595747,49.28293333333333,66.37333333333333,0.0,127.16992139816284,0.4203839999999886
0.598404255319149,47.57644444444445,67.94666666666667,0.0,146.72891354560852,0.4361550617283808
0.6981382978723404,45.66746666666667,69.43111111111111,0.0,165.89035987854004,0.4498759788359759
0.7978723404255319,44.26768888888889,70.21333333333334,0.0,184.59028601646423,0.4619007407407538
0.8976063829787234,43.26391111111111,70.85333333333334,0.0,202.83662605285645,0.4724457613168986
0.9973404255319149,41.88808888888889,72.78222222222223,0.0,220.9457631111145,0.48224711111114427
1.0970744680851063,40.458933333333334,72.88,0.0,17.611498832702637,0.5834398782344089
1.196808510638298,40.05751111111111,73.21777777777778,0.0,35.24181294441223,0.5861471471471369
1.2965425531914894,39.3212,74.1511111111111,0.0,52.85277032852173,0.5891021425012153
1.3962765957446808,38.62186666666667,74.32888888888888,0.0,70.24780201911926,0.592465324384742
1.4960106382978724,37.89657777777778,75.28888888888889,0.0,87.45869207382202,0.5962216264521415
1.5957446808510638,37.92382222222222,74.64,0.008888888888888889,104.4884705543518,0.598675595238075
1.6954787234042554,37.48791111111111,74.69333333333333,0.0,121.46866941452026,0.6009194816231099
1.7952127659574468,36.29635555555556,76.43555555555555,0.0,138.17691946029663,0.6039903381642531
1.8949468085106382,35.864177777777776,76.12444444444444,0.0,154.7641441822052,0.6068436519729379
1.9946808510638299,35.47875555555556,76.28444444444445,0.0,171.00724244117737,0.6096856803327831
2.0944148936170213,34.995555555555555,76.85333333333332,0.0,15.722355365753174,0.6382410015649633
2.1941489361702127,34.69017777777778,77.47555555555556,0.0,31.852486848831177,0.6405601217655885
2.293882978723404,34.84257777777778,76.60444444444444,0.0,47.77093195915222,0.6409351432880495
2.393617021276596,33.85688888888889,78.14222222222223,0.008888888888888889,63.796754121780396,0.643382882882835
2.4933510638297873,33.73444444444444,77.67111111111112,0.0,79.7117657661438,0.6453704702006211
2.5930851063829787,33.400888888888886,77.58222222222221,0.0,95.60064339637756,0.647386148480304
2.69281914893617,32.77182222222222,78.36444444444444,0.0,111.45498156547546,0.6496796758370704
2.7925531914893615,32.25346666666667,78.96888888888888,0.008888888888888889,127.35200643539429,0.6518545861297672
2.8922872340425534,32.44391111111111,78.17777777777778,0.0,143.017240524292,0.653252525252546
2.992021276595745,32.334355555555554,78.33777777777777,0.0,158.60569047927856,0.6545695561514143
3.091755319148936,31.336222222222222,79.44,0.0,14.765907287597656,0.6746022544283637
3.1914893617021276,31.2816,79.29777777777778,0.0,30.519379377365112,0.6750524691357825
3.291223404255319,31.310044444444443,79.57333333333332,0.0,46.107895374298096,0.6750400811770304
3.390957446808511,31.141555555555556,79.48444444444445,0.008888888888888889,61.574928760528564,0.675895691609931
3.4906914893617023,31.285333333333334,79.50222222222222,0.0,76.96542429924011,0.6765468232459717
3.5904255319148937,31.294,79.42222222222223,0.0,92.33296465873718,0.6770140140139949
3.690159574468085,30.3884,80.45333333333333,0.0,107.71898126602173,0.6788584885463413
3.7898936170212765,30.65973333333333,80.00888888888889,0.0,123.22573351860046,0.680166105499438
3.889627659574468,30.87408888888889,79.7688888888889,0.008888888888888889,138.71665811538696,0.6807945523999767
3.9893617021276597,30.601377777777778,79.90222222222222,0.0,154.1857578754425,0.6816589008364412
4.089095744680851,30.003955555555557,80.92444444444445,0.0,14.324578762054443,0.6961127694859245
4.1888297872340425,29.90448888888889,80.77333333333333,0.0,30.05365252494812,0.6953302034428627
4.288563829787234,29.359288888888887,81.17333333333333,0.008888888888888889,45.63587737083435,0.6963256528417379
4.388297872340425,29.316133333333333,80.86222222222223,0.0,61.2221565246582,0.6963302891932418
4.488031914893617,29.239644444444444,80.85333333333334,0.0,76.74702548980713,0.6969215864365301
4.587765957446808,28.54382222222222,81.45777777777778,0.0,92.29331302642822,0.6980764203116876
4.6875,28.841377777777776,80.87111111111112,0.0,107.68402099609375,0.698573823339767
4.787234042553192,29.401955555555556,80.88,0.008888888888888889,123.01551818847656,0.6983716216216206
4.886968085106383,29.554222222222222,80.92444444444445,0.0,138.3192377090454,0.6987086456772249
4.986702127659575,30.247422222222223,81.23555555555556,0.008888888888888889,153.81319212913513,0.6990464210843034
5.086436170212766,30.110044444444444,82.06222222222223,0.008888888888888889,13.727346658706665,0.707890598290622
5.1861702127659575,29.84497777777778,82.37333333333333,0.05333333333333334,29.20429539680481,0.7106793650793454
5.285904255319149,30.449377777777777,81.36,0.02666666666666667,44.7859091758728,0.7099803617570615
5.38563829787234,30.298,81.24444444444444,0.008888888888888889,60.35754895210266,0.7094513409961093
5.485372340425532,30.878,82.00888888888889,0.017777777777777778,75.96340203285217,0.7096133942160885
5.585106382978723,29.684,82.30222222222223,0.008888888888888889,91.66330599784851,0.7109060606060297
5.684840425531915,29.167377777777777,82.40888888888888,0.008888888888888889,107.49630689620972,0.7117747572815303
5.784574468085107,29.812622222222224,82.14222222222223,0.044444444444444446,123.20679593086243,0.7121137476459388
5.884308510638298,30.166977777777777,82.07111111111111,0.008888888888888889,139.00497317314148,0.7122459482039072
5.98404255319149,29.67831111111111,81.63555555555556,0.02666666666666667,154.9302453994751,0.7120564564566066
6.0837765957446805,28.42848888888889,83.00444444444445,0.02666666666666667,13.909632921218872,0.7208395061728635
6.183510638297872,28.915466666666667,83.11111111111111,0.044444444444444446,29.898881435394287,0.7218325281803345
6.283244680851064,29.718133333333334,82.68444444444445,0.008888888888888889,45.87957739830017,0.7212832550860325
6.382978723404255,29.0368,82.74666666666667,0.008888888888888889,61.94544243812561,0.7213410493826624
6.482712765957447,28.324,83.03111111111112,0.008888888888888889,77.99110293388367,0.7224242424241909
6.582446808510638,29.717555555555556,81.91111111111111,0.008888888888888889,94.09720134735107,0.7221633688482622
6.68218085106383,29.356444444444445,82.68444444444445,0.008888888888888889,110.1645998954773,0.7224006930907266
6.781914893617022,29.645377777777778,82.26666666666667,0.017777777777777778,126.4510850906372,0.7220680272108693
6.881648936170213,28.738044444444444,82.82666666666667,0.008888888888888889,142.62301349639893,0.7225198592258077
6.9813829787234045,28.78386666666667,82.38222222222223,0.035555555555555556,158.8220272064209,0.7225468232461589
7.0811170212765955,28.615866666666665,83.11111111111111,0.008888888888888889,13.388803005218506,0.7290346083788944
7.180851063829787,28.183066666666665,83.73333333333333,0.035555555555555556,29.89395308494568,0.7307614379084768
7.280585106382978,27.957866666666668,83.01333333333332,0.0,46.23256993293762,0.7295060558188043
7.38031914893617,27.36071111111111,83.55555555555556,0.008888888888888889,62.57439708709717,0.7302439782439197
7.480053191489362,27.767777777777777,83.01333333333332,0.017777777777777778,79.03626775741577,0.7296423514927205
7.579787234042553,27.597555555555555,83.17333333333333,0.02666666666666667,95.40254664421082,0.7302171253822253
7.679521276595745,28.503511111111113,83.12888888888888,0.07111111111111111,111.76537299156189,0.730244835833849
7.779255319148936,29.586,82.91555555555556,0.10666666666666667,128.18016982078552,0.7300629503223153
7.878989361702128,28.984133333333332,82.88,0.11555555555555555,144.55532836914062,0.7303566986048761
7.9787234042553195,29.003911111111112,82.73777777777778,0.044444444444444446,160.97879338264465,0.7301727053141657
8.07845744680851,27.89817777777778,83.88444444444444,0.044444444444444446,13.30586576461792,0.7389453860640512
8.178191489361701,27.50017777777778,83.91999999999999,0.008888888888888889,29.895592212677002,0.7393366500829031
8.277925531914894,27.493066666666667,83.28,0.017777777777777778,46.38315486907959,0.737150451887248
8.377659574468085,27.469822222222223,83.78666666666666,0.008888888888888889,62.84359431266785,0.7375680751173106
8.477393617021276,27.59631111111111,83.98222222222222,0.008888888888888889,79.40955805778503,0.7381665119157704
8.577127659574469,27.553244444444445,83.12888888888888,0.0,96.89229536056519,0.7372903225806117
8.67686170212766,26.98337777777778,83.84,0.0,113.39181923866272,0.73689238157605
8.77659574468085,27.096533333333333,84.08888888888889,0.02666666666666667,130.66097855567932,0.737079147640773
8.876329787234043,27.265422222222224,84.01777777777778,0.008888888888888889,149.082093000412,0.7373953802057781
8.976063829787234,27.0032,83.89333333333333,0.05333333333333334,167.348002910614,0.73771662125357
9.075797872340425,26.679377777777777,83.73333333333333,0.035555555555555556,13.202504396438599,0.742081871345049
9.175531914893616,27.45728888888889,84.02666666666667,0.02666666666666667,29.926180601119995,0.7423872053871876
9.275265957446809,27.29231111111111,84.63111111111111,0.017777777777777778,46.696449995040894,0.7435169082125144
9.375,26.861155555555555,84.21333333333332,0.0,65.03752613067627,0.7431836091409931
9.474734042553191,26.605155555555555,84.64,0.008888888888888889,82.80500054359436,0.7434186118891627
9.574468085106384,27.367333333333335,84.27555555555556,0.008888888888888889,99.9313108921051,0.7436995884773403
9.674202127659575,27.840933333333332,83.76,0.0,118.02459383010864,0.7431926364233903
9.773936170212766,26.5836,84.69333333333333,0.0,136.16852688789368,0.74367621229476
9.873670212765957,27.0144,83.6,0.0,154.4340624809265,0.7433059360731467
9.97340425531915,26.621422222222222,83.71555555555555,0.0,173.91281652450562,0.7431906496662348
