Epochs,Loss,Accuracy (%),Silent labels (%),Time (s),Average Prediction Confidence
0.09973404255319149,104.38746666666667,29.413333333333334,10.782222222222222,34.43124532699585,0.0
0.19946808510638298,66.49786666666667,49.77777777777778,1.1911111111111112,58.88862895965576,0.0
0.2992021276595745,60.18515555555555,52.88,0.0,80.81412720680237,0.0
0.39893617021276595,58.944177777777774,54.03555555555556,0.0,101.4779007434845,0.0
0.49867021276595747,58.401377777777775,53.32444444444444,0.0,121.2619788646698,0.0
0.598404255319149,58.23395555555555,52.408888888888896,0.0,140.4564938545227,0.0
0.6981382978723404,58.0176,51.92888888888889,0.0,159.0205991268158,0.0
0.7978723404255319,58.14448888888889,50.488888888888894,0.0,177.25386476516724,0.0
0.8976063829787234,58.32208888888889,49.85777777777778,0.0,195.01808285713196,0.0
0.9973404255319149,58.3656,49.67111111111111,0.0,212.403489112854,0.0
1.0970744680851063,58.52426666666667,48.82666666666667,0.0,16.764553546905518,0.0
1.196808510638298,58.57831111111111,48.391111111111115,0.0,33.62262845039368,0.0
1.2965425531914894,58.593377777777775,48.391111111111115,0.0,50.29098057746887,0.0
1.3962765957446808,58.736044444444445,47.760000000000005,0.008888888888888889,66.66552138328552,0.0
1.4960106382978724,59.14671111111111,47.08444444444444,0.0,82.80028796195984,0.0
1.5957446808510638,59.187955555555554,47.19111111111111,0.0,98.70068001747131,0.0
1.6954787234042554,59.14097777777778,47.04888888888889,0.0,114.32819080352783,0.0
1.7952127659574468,59.263244444444446,46.64888888888889,0.0,129.88881468772888,0.0
1.8949468085106382,59.46284444444444,45.715555555555554,0.0,145.2703080177307,0.0
1.9946808510638299,59.60306666666666,45.36888888888889,0.0,160.41971373558044,0.0
2.0944148936170213,59.80688888888889,45.26222222222222,0.0,14.511122226715088,0.0
2.1941489361702127,59.67955555555555,44.96888888888889,0.0,29.36144471168518,0.0
2.293882978723404,59.67315555555555,44.64,0.0,44.13402986526489,0.0
2.393617021276596,60.080933333333334,43.84888888888889,0.0,59.077226400375366,0.0
2.4933510638297873,60.293955555555556,43.44,0.0,73.79767394065857,0.0
2.5930851063829787,60.5372,42.96888888888889,0.0,88.41588640213013,0.0
2.69281914893617,60.50377777777778,43.333333333333336,0.0,102.95108389854431,0.0
2.7925531914893615,60.49951111111111,43.59111111111111,0.0,117.49596095085144,0.0
2.8922872340425534,60.681288888888886,42.64,0.0,131.87995266914368,0.0
2.992021276595745,60.977066666666666,42.284444444444446,0.0,146.12705039978027,0.0
3.091755319148936,60.934177777777776,42.31111111111111,0.0,13.452873468399048,0.0
3.1914893617021276,61.57275555555555,41.27111111111111,0.0,27.47013258934021,0.0
3.291223404255319,61.677733333333336,41.964444444444446,0.0,41.51380658149719,0.0
3.390957446808511,61.6076,41.19111111111111,0.0,55.986809730529785,0.0
3.4906914893617023,61.5744,41.49333333333333,0.0,70.23303413391113,0.0
3.5904255319148937,61.54862222222222,40.86222222222222,0.0,84.45281720161438,0.0
3.690159574468085,61.88613333333333,41.324444444444445,0.0,98.55140852928162,0.0
3.7898936170212765,61.71222222222222,40.791111111111114,0.0,112.66592741012573,0.0
3.889627659574468,61.7052,40.88,0.0,126.81694889068604,0.0
3.9893617021276597,61.70782222222222,40.88888888888889,0.0,140.84271502494812,0.0
4.089095744680851,61.72213333333333,40.92444444444445,0.0,12.667295932769775,0.0
4.1888297872340425,61.932,40.275555555555556,0.0,26.530503749847412,0.0
4.288563829787234,61.96635555555556,40.40888888888889,0.0,40.42580699920654,0.0
4.388297872340425,62.25928888888889,39.81333333333333,0.0,54.33240532875061,0.0
4.488031914893617,62.373955555555554,40.03555555555556,0.0,68.18622136116028,0.0
4.587765957446808,62.17302222222222,39.519999999999996,0.0,81.88287496566772,0.0
4.6875,62.5384,39.77777777777778,0.0,95.67155003547668,0.0
4.787234042553192,62.31093333333333,40.400000000000006,0.0,109.42630076408386,0.0
4.886968085106383,62.559555555555555,39.67111111111111,0.0,123.17412781715393,0.0
4.986702127659575,62.85724444444445,39.13777777777778,0.0,136.88124108314514,0.0
5.086436170212766,63.023022222222224,38.595555555555556,0.0,12.223259687423706,0.0
5.1861702127659575,62.92395555555556,39.26222222222222,0.0,25.823306560516357,0.0
5.285904255319149,63.0764,38.52444444444444,0.0,39.55358028411865,0.0
5.38563829787234,63.16502222222222,38.64888888888889,0.0,53.22609210014343,0.0
5.485372340425532,63.31675555555555,38.96,0.0,66.98071360588074,0.0
5.585106382978723,63.60146666666667,37.83111111111111,0.0,80.59755039215088,0.0
5.684840425531915,63.708933333333334,38.51555555555555,0.0,94.2074842453003,0.0
5.784574468085107,63.80524444444445,38.373333333333335,0.0,107.81709814071655,0.0
5.884308510638298,63.68088888888889,38.77333333333333,0.0,121.46208953857422,0.0
5.98404255319149,63.94737777777778,38.32,0.008888888888888889,135.06031584739685,0.0
6.0837765957446805,64.28497777777778,37.62666666666667,0.0,11.678873777389526,0.0
6.183510638297872,64.19226666666667,37.44,0.0,25.087182760238647,0.0
6.283244680851064,64.2592,37.48444444444444,0.0,38.619099617004395,0.0
6.382978723404255,64.46022222222223,37.217777777777776,0.0,52.13716006278992,0.0
6.482712765957447,64.7236,37.45777777777778,0.0,65.63741040229797,0.0
6.582446808510638,64.7352,37.25333333333333,0.0,79.0847315788269,0.0
6.68218085106383,64.73515555555555,37.608888888888885,0.0,92.47219133377075,0.0
6.781914893617022,64.64324444444445,37.43111111111111,0.0,105.93264603614807,0.0
6.881648936170213,64.73266666666666,37.58222222222222,0.0,119.37441158294678,0.0
6.9813829787234045,65.0112,36.94222222222222,0.0,132.77951216697693,0.0
7.0811170212765955,65.19111111111111,37.16444444444444,0.0,11.215476274490356,0.0
7.180851063829787,65.09382222222222,36.96,0.0,24.511277198791504,0.0
7.280585106382978,64.92786666666667,37.24444444444445,0.0,37.84058427810669,0.0
7.38031914893617,65.2492,36.648888888888884,0.0,51.24351954460144,0.0
7.480053191489362,65.73702222222222,36.45333333333333,0.0,64.59546208381653,0.0
7.579787234042553,65.6464,35.76888888888889,0.0,77.94621849060059,0.0
7.679521276595745,65.8404,36.275555555555556,0.0,91.23551344871521,0.0
7.779255319148936,65.55755555555555,36.52444444444444,0.0,104.5484516620636,0.0
7.878989361702128,65.75506666666666,36.480000000000004,0.0,117.94674110412598,0.0
7.9787234042553195,66.1532,36.0,0.0,131.21212148666382,0.0
8.07845744680851,66.20688888888888,35.90222222222222,0.0,10.588053226470947,0.0
8.178191489361701,66.27231111111111,35.36,0.0,23.769050359725952,0.0
8.277925531914894,66.15306666666666,35.715555555555554,0.0,36.91362500190735,0.0
8.377659574468085,66.28488888888889,35.56444444444444,0.0,50.094905853271484,0.0
8.477393617021276,66.83142222222222,35.11111111111111,0.0,63.280949115753174,0.0
8.577127659574469,67.04862222222222,34.84444444444444,0.0,76.40650129318237,0.0
8.67686170212766,66.90164444444444,35.24444444444445,0.0,89.61081075668335,0.0
8.77659574468085,67.00191111111111,35.28,0.0,102.7863290309906,0.0
8.876329787234043,67.06688888888888,35.11111111111111,0.0,116.04712700843811,0.0
8.976063829787234,67.65488888888889,34.81777777777778,0.0,129.3879964351654,0.0
9.075797872340425,67.83346666666667,34.85333333333333,0.0,10.401931047439575,0.0
9.175531914893616,68.13111111111111,34.21333333333333,0.0,23.58670735359192,0.0
9.275265957446809,68.45995555555555,33.98222222222223,0.0,36.92387247085571,0.0
9.375,68.63977777777778,34.03555555555556,0.0,50.32961654663086,0.0
9.474734042553191,68.89284444444445,33.839999999999996,0.0,63.69182753562927,0.0
9.574468085106384,69.38728888888889,32.986666666666665,0.0,77.13877654075623,0.0
9.674202127659575,69.9692,32.84444444444444,0.0,90.63701033592224,0.0
9.773936170212766,69.96346666666666,32.92444444444445,0.0,104.2815089225769,0.0
9.873670212765957,70.43666666666667,33.25333333333334,0.0,118.03230023384094,0.0
9.97340425531915,71.90333333333334,32.09777777777777,0.0,131.95842790603638,0.0
