Epochs,Loss,Accuracy (%),Silent labels (%),Time (s),Average Prediction Confidence
0.09973404255319149,97.4203111111111,32.49777777777778,7.262222222222222,37.11241412162781,0.29231407407409976
0.19946808510638298,64.58617777777778,54.24,1.3333333333333335,62.02273869514465,0.34133629629624374
0.2992021276595745,55.409333333333336,60.986666666666665,0.0,84.37945985794067,0.3747081481481247
0.39893617021276595,51.93831111111111,64.77333333333334,0.0,105.26203322410583,0.3991940740740614
0.49867021276595747,49.38191111111111,66.32000000000001,0.0,125.31863641738892,0.4185848888888765
0.598404255319149,47.6992,67.60000000000001,0.0,144.62758135795593,0.43442864197529396
0.6981382978723404,45.58835555555556,69.6711111111111,0.008888888888888889,163.40636944770813,0.4483741798941776
0.7978723404255319,44.3648,69.93777777777778,0.017777777777777778,181.78553295135498,0.4603392592592756
0.8976063829787234,43.25542222222222,70.9688888888889,0.0,200.42443919181824,0.47095374485599806
0.9973404255319149,41.879955555555554,72.48,0.0,218.6755063533783,0.48087881481485506
1.0970744680851063,40.49368888888889,72.90666666666667,0.0,17.509885549545288,0.5828006088280147
1.196808510638298,40.08315555555556,72.8,0.0,34.8254029750824,0.5848228228228144
1.2965425531914894,39.35671111111111,74.03555555555556,0.0,51.93018078804016,0.588019930244116
1.3962765957446808,38.614,74.21333333333334,0.02666666666666667,68.75927233695984,0.5912170022370904
1.4960106382978724,37.821022222222226,75.1111111111111,0.008888888888888889,85.4518358707428,0.59485612153704
1.5957446808510638,37.776,73.92,0.0,101.76230931282043,0.5971924603174418
1.6954787234042554,37.294044444444445,74.64,0.0,117.91819310188293,0.5994901210962403
1.7952127659574468,36.130177777777774,75.67111111111112,0.0,134.14996314048767,0.602528428093654
1.8949468085106382,35.650888888888886,75.72444444444444,0.0,150.5126917362213,0.6054224863794176
1.9946808510638299,35.09164444444445,76.32,0.008888888888888889,166.09776043891907,0.6082959001783033
2.0944148936170213,34.532088888888886,76.93333333333334,0.0,16.223085165023804,0.6365383411580761
2.1941489361702127,34.102577777777775,77.36,0.0,32.05812692642212,0.6390228310502118
2.293882978723404,34.37142222222222,76.56888888888889,0.008888888888888889,47.63866472244263,0.639533433886334
2.393617021276596,33.47848888888889,78.18666666666667,0.0,64.5071108341217,0.6421696696696161
2.4933510638297873,33.45226666666667,77.84,0.0,80.67404580116272,0.644251572327002
2.5930851063829787,33.28413333333334,77.68888888888888,0.008888888888888889,96.11630725860596,0.6464862979571366
2.69281914893617,32.95724444444444,78.3111111111111,0.0,111.42430830001831,0.648843676690129
2.7925531914893615,32.88191111111111,78.65777777777778,0.0,126.7736086845398,0.6513042505592955
2.8922872340425534,33.525955555555555,78.55111111111111,0.0,142.3498706817627,0.6529385659877615
2.992021276595745,33.83551111111111,78.60444444444444,0.017777777777777778,158.0643653869629,0.6548001191540964
3.091755319148936,33.29942222222222,79.7511111111111,0.0,16.1874942779541,0.6816296296296526
3.1914893617021276,33.67311111111111,79.54666666666667,0.0,33.642680644989014,0.6832191358024539
3.291223404255319,33.45711111111111,80.02666666666667,0.008888888888888889,51.12286829948425,0.6851121258244198
3.390957446808511,33.10888888888889,79.91111111111111,0.008888888888888889,68.8443808555603,0.687944066515452
3.4906914893617023,32.81426666666667,80.30222222222221,0.0,87.2707257270813,0.6905654923215584
3.5904255319148937,32.35551111111111,80.55111111111111,0.0,104.54616618156433,0.6928338338338085
3.690159574468085,30.81071111111111,81.53777777777778,0.008888888888888889,123.27313423156738,0.6965686148576113
3.7898936170212765,31.140711111111113,81.36,0.008888888888888889,142.6110360622406,0.6995121586232523
3.889627659574468,31.18017777777778,81.31555555555555,0.008888888888888889,161.640869140625,0.7018581630958748
3.9893617021276597,30.825377777777778,81.40444444444445,0.0,180.89563059806824,0.7043530465950902
4.089095744680851,30.018755555555554,82.52444444444444,0.008888888888888889,16.920039653778076,0.7362852404643665
4.1888297872340425,29.84008888888889,82.46222222222222,0.008888888888888889,35.32645606994629,0.7359843505477138
4.288563829787234,29.354044444444444,83.15555555555557,0.0,54.0523247718811,0.7385888376855781
4.388297872340425,29.62591111111111,82.37333333333333,0.017777777777777778,72.9903974533081,0.7395159817351131
4.488031914893617,29.90711111111111,82.61333333333334,0.0,91.76398420333862,0.7404190130184316
4.587765957446808,29.184266666666666,83.2088888888889,0.008888888888888889,110.67095160484314,0.7425238813473808
4.6875,29.3736,83.15555555555557,0.0,130.3105776309967,0.7441246507629247
4.787234042553192,29.886844444444446,82.63111111111111,0.02666666666666667,149.5122926235199,0.7445705705705581
4.886968085106383,29.58982222222222,83.08444444444444,0.0,167.66144728660583,0.7456791604198567
4.986702127659575,29.2424,83.50222222222222,0.0,186.03893423080444,0.7467331536389514
5.086436170212766,28.837066666666665,84.20444444444445,0.02666666666666667,16.672584533691406,0.763623931623952
5.1861702127659575,28.6824,84.66666666666667,0.008888888888888889,35.63241410255432,0.7660190476190304
5.285904255319149,29.508622222222222,83.66222222222223,0.035555555555555556,54.84195876121521,0.764613953488336
5.38563829787234,29.038355555555555,83.96444444444444,0.008888888888888889,74.02198004722595,0.7655647509578115
5.485372340425532,28.6396,84.53333333333333,0.008888888888888889,93.06384897232056,0.7667214611871912
5.585106382978723,28.5116,85.09333333333333,0.008888888888888889,112.14982557296753,0.7687767676767521
5.684840425531915,28.738666666666667,84.67555555555556,0.044444444444444446,131.14102602005005,0.7700608414239334
5.784574468085107,29.03368888888889,84.51555555555555,0.02666666666666667,150.35812187194824,0.7703751412429567
5.884308510638298,29.179333333333332,84.44444444444444,0.044444444444444446,169.55182266235352,0.7707575605681906
5.98404255319149,30.105244444444445,83.84,0.08,188.83814477920532,0.7706366366367973
6.0837765957446805,28.67871111111111,85.77777777777777,0.02666666666666667,16.344509840011597,0.7838095238095449
6.183510638297872,28.905822222222223,85.22666666666666,0.07111111111111111,35.87430286407471,0.7836103059581162
6.283244680851064,29.29431111111111,85.39555555555556,0.07111111111111111,55.41498351097107,0.784874282733404
6.382978723404255,29.675866666666668,85.07555555555555,0.08888888888888889,74.6118552684784,0.784660493827125
6.482712765957447,29.950133333333333,85.48444444444443,0.09777777777777777,93.97698664665222,0.7852855831037302
6.582446808510638,30.55191111111111,85.02222222222223,0.08,113.36289525032043,0.7851912734652126
6.68218085106383,30.598177777777778,84.83555555555556,0.13333333333333333,132.60526204109192,0.7852458306259125
6.781914893617022,30.986755555555554,85.14666666666668,0.18666666666666668,151.9173812866211,0.7849924414210168
6.881648936170213,31.265333333333334,85.50222222222223,0.1511111111111111,172.15735840797424,0.7855920898274626
6.9813829787234045,31.973466666666667,85.64444444444445,0.20444444444444446,191.61798477172852,0.7861662149956191
7.0811170212765955,31.729555555555557,85.93777777777778,0.20444444444444446,15.93358826637268,0.7971001821493822
7.180851063829787,32.08511111111111,86.23111111111112,0.2488888888888889,34.874319314956665,0.796999999999988
7.280585106382978,32.800577777777775,86.05333333333334,0.2577777777777778,53.5798716545105,0.7950774091626918
7.38031914893617,33.35017777777778,86.17777777777778,0.3288888888888889,72.78517723083496,0.7958601398601081
7.480053191489362,33.510977777777775,86.0,0.19555555555555554,93.7668399810791,0.7957525392427994
7.579787234042553,33.880266666666664,85.95555555555555,0.3022222222222222,114.36639952659607,0.7960876656472571
7.679521276595745,34.67622222222222,85.74222222222222,0.27555555555555555,134.14121198654175,0.7959652098281883
7.779255319148936,36.266222222222225,85.6888888888889,0.4266666666666667,154.26200127601624,0.7956435343193007
7.878989361702128,36.443466666666666,85.87555555555556,0.37333333333333335,174.16177988052368,0.7957639939486213
7.9787234042553195,36.15831111111111,86.00888888888889,0.28444444444444444,192.84923243522644,0.7957536231885199
8.07845744680851,36.4492,86.94222222222223,0.35555555555555557,15.114066362380981,0.8028097928437065
8.178191489361701,37.60057777777778,86.7911111111111,0.3466666666666667,33.82408809661865,0.8032703150912036
8.277925531914894,39.019866666666665,85.81333333333333,0.45333333333333337,53.146132707595825,0.8021690590111457
8.377659574468085,38.85146666666667,86.66666666666667,0.4088888888888889,72.84494376182556,0.8023474178403526
8.477393617021276,40.18351111111111,87.12,0.5066666666666666,92.21342325210571,0.8030628288455306
8.577127659574469,41.117644444444444,85.98222222222222,0.48,112.24763703346252,0.8028253968253702
8.67686170212766,40.947066666666665,86.19555555555556,0.5422222222222223,131.92245817184448,0.8024344029687526
8.77659574468085,43.21986666666667,86.69333333333333,0.6222222222222222,150.9188334941864,0.8023226788432207
8.876329787234043,44.086666666666666,86.80888888888889,0.5866666666666667,169.76819515228271,0.8028595515090623
8.976063829787234,45.096355555555554,86.85333333333334,0.6044444444444445,188.63353085517883,0.8032812594611798
9.075797872340425,44.90502222222222,86.99555555555555,0.6311111111111111,15.648822784423828,0.8108771929824641
9.175531914893616,46.546755555555556,86.68444444444444,0.7022222222222222,35.85529685020447,0.8073535353535275
9.275265957446809,46.05831111111111,87.37777777777778,0.4977777777777778,57.02692532539368,0.8084594739666999
9.375,47.272444444444446,87.13777777777779,0.6844444444444444,77.32787919044495,0.8081922773837393
9.474734042553191,48.62235555555556,87.40444444444444,0.6755555555555556,97.46350193023682,0.8087394957982815
9.574468085106384,49.894888888888886,87.54666666666667,0.5955555555555556,116.31250810623169,0.8093734567900789
9.674202127659575,50.43977777777778,86.61333333333333,0.6844444444444444,135.938862323761,0.8084619767696226
9.773936170212766,52.278755555555556,87.48444444444445,0.7111111111111111,155.57087969779968,0.8091011836578673
9.873670212765957,53.32911111111111,86.09777777777778,0.6577777777777778,174.21303248405457,0.8084640622357707
9.97340425531915,55.12213333333333,86.64888888888889,0.7377777777777778,192.70076251029968,0.8083636915604663
