Epochs,Loss,Accuracy (%),Silent labels (%),Time (s),Average Prediction Confidence
0.09973404255319149,98.68404444444444,31.68888888888889,8.213333333333333,33.98225402832031,0.0
0.19946808510638298,63.004622222222224,54.17777777777778,0.5155555555555555,58.31097412109375,0.0
0.2992021276595745,57.0172,59.093333333333334,0.0,80.11428499221802,0.0
0.39893617021276595,54.348977777777776,62.488888888888894,0.0,100.61600875854492,0.0
0.49867021276595747,52.909866666666666,63.6,0.0,120.12981057167053,0.0
0.598404255319149,52.20031111111111,63.77777777777778,0.0,138.93065881729126,0.0
0.6981382978723404,51.709377777777775,63.733333333333334,0.0,157.22818994522095,0.0
0.7978723404255319,51.1888,64.20444444444445,0.0,175.093097448349,0.0
0.8976063829787234,50.99888888888889,63.44,0.0,192.61343026161194,0.0
0.9973404255319149,50.88377777777778,63.12888888888889,0.0,209.74633193016052,0.0
1.0970744680851063,50.76591111111111,63.12,0.0,16.62748885154724,0.0
1.196808510638298,50.474,63.19111111111111,0.0,33.258920431137085,0.0
1.2965425531914894,50.5952,62.65777777777778,0.0,49.669593334198,0.0
1.3962765957446808,50.28644444444444,63.022222222222226,0.0,65.94294285774231,0.0
1.4960106382978724,50.69102222222222,62.20444444444444,0.0,82.07954216003418,0.0
1.5957446808510638,50.74982222222222,61.964444444444446,0.0,97.96636199951172,0.0
1.6954787234042554,50.662444444444446,61.78666666666667,0.0,113.83878374099731,0.0
1.7952127659574468,50.7432,61.89333333333333,0.0,129.3981900215149,0.0
1.8949468085106382,51.008,60.142222222222216,0.0,144.9937493801117,0.0
1.9946808510638299,50.89702222222222,60.31111111111112,0.0,160.4385097026825,0.0
2.0944148936170213,51.065466666666666,60.15111111111111,0.008888888888888889,14.552595853805542,0.0
2.1941489361702127,50.994844444444446,60.595555555555556,0.0,29.5103600025177,0.0
2.293882978723404,51.17435555555556,59.51111111111111,0.0,44.32967925071716,0.0
2.393617021276596,50.90008888888889,59.93777777777778,0.0,59.12783646583557,0.0
2.4933510638297873,51.28884444444444,59.56444444444444,0.0,73.83133602142334,0.0
2.5930851063829787,51.53897777777778,58.91555555555556,0.0,88.5252594947815,0.0
2.69281914893617,51.19257777777778,59.77777777777777,0.0,102.984126329422,0.0
2.7925531914893615,51.39031111111111,58.63111111111111,0.0,117.39058494567871,0.0
2.8922872340425534,51.59817777777778,58.24,0.0,131.68407082557678,0.0
2.992021276595745,51.648088888888886,57.81333333333334,0.0,145.88709902763367,0.0
3.091755319148936,51.55528888888889,58.35555555555556,0.0,13.33209776878357,0.0
3.1914893617021276,51.62826666666667,57.76,0.0,27.183236837387085,0.0
3.291223404255319,51.86537777777778,57.448888888888895,0.0,41.00670003890991,0.0
3.390957446808511,51.68555555555555,58.07111111111111,0.0,54.894185304641724,0.0
3.4906914893617023,52.12417777777778,57.68,0.0,68.79259634017944,0.0
3.5904255319148937,52.33573333333333,56.471111111111114,0.008888888888888889,82.55335402488708,0.0
3.690159574468085,52.00346666666667,57.50222222222222,0.0,96.20652031898499,0.0
3.7898936170212765,52.2296,56.70222222222222,0.0,109.91984939575195,0.0
3.889627659574468,52.41484444444445,56.471111111111114,0.0,123.5708360671997,0.0
3.9893617021276597,52.270177777777775,56.30222222222222,0.0,137.0631926059723,0.0
4.089095744680851,52.09866666666667,56.75555555555556,0.0,12.27968144416809,0.0
4.1888297872340425,52.09551111111111,56.72888888888888,0.0,25.57048463821411,0.0
4.288563829787234,52.293955555555556,56.08,0.0,38.89846134185791,0.0
4.388297872340425,52.14528888888889,56.19555555555556,0.0,52.32994365692139,0.0
4.488031914893617,52.849155555555555,55.51111111111111,0.0,65.76977372169495,0.0
4.587765957446808,52.49893333333333,55.27111111111112,0.008888888888888889,79.02897047996521,0.0
4.6875,52.82257777777778,55.493333333333325,0.008888888888888889,92.28943014144897,0.0
4.787234042553192,52.730177777777776,55.64444444444444,0.0,105.48067021369934,0.0
4.886968085106383,52.63102222222222,55.36,0.0,118.70976090431213,0.0
4.986702127659575,52.57395555555556,55.67999999999999,0.0,131.82205772399902,0.0
5.086436170212766,52.79564444444444,55.16444444444445,0.0,11.718612670898438,0.0
5.1861702127659575,52.989288888888886,54.551111111111105,0.008888888888888889,24.80885076522827,0.0
5.285904255319149,53.04342222222222,54.20444444444444,0.0,37.897854804992676,0.0
5.38563829787234,52.71915555555555,54.81777777777778,0.0,50.9920859336853,0.0
5.485372340425532,53.139066666666665,54.51555555555555,0.0,64.18465781211853,0.0
5.585106382978723,53.02115555555555,54.48888888888889,0.008888888888888889,77.17265820503235,0.0
5.684840425531915,53.14311111111111,54.61333333333334,0.008888888888888889,90.12626314163208,0.0
5.784574468085107,53.373644444444444,53.955555555555556,0.0,103.19339776039124,0.0
5.884308510638298,53.09702222222222,54.63111111111111,0.0,116.28725481033325,0.0
5.98404255319149,53.22022222222222,53.91111111111111,0.0,129.33914852142334,0.0
6.0837765957446805,53.584177777777775,53.78666666666667,0.0,11.130865573883057,0.0
6.183510638297872,53.45795555555556,53.66222222222222,0.008888888888888889,24.043185472488403,0.0
6.283244680851064,53.69777777777778,52.64888888888889,0.0,36.97638249397278,0.0
6.382978723404255,53.64902222222222,52.64,0.008888888888888889,49.913071393966675,0.0
6.482712765957447,53.84857777777778,53.36888888888889,0.008888888888888889,62.80681610107422,0.0
6.582446808510638,53.754311111111114,53.14666666666666,0.008888888888888889,75.6360228061676,0.0
6.68218085106383,53.69568888888889,52.72,0.008888888888888889,88.39844536781311,0.0
6.781914893617022,53.60768888888889,53.37777777777778,0.0,101.27389812469482,0.0
6.881648936170213,53.641866666666665,53.208888888888886,0.0,114.22100305557251,0.0
6.9813829787234045,54.15533333333333,52.73777777777777,0.0,126.97271013259888,0.0
7.0811170212765955,53.76128888888889,53.07555555555555,0.0,10.60265040397644,0.0
7.180851063829787,54.31466666666667,52.11555555555556,0.008888888888888889,23.397428512573242,0.0
7.280585106382978,54.18897777777778,51.65333333333333,0.0,36.172537326812744,0.0
7.38031914893617,54.30777777777778,51.84888888888889,0.0,48.93290066719055,0.0
7.480053191489362,54.214844444444445,52.52444444444444,0.008888888888888889,61.752111196517944,0.0
7.579787234042553,54.63395555555555,51.68000000000001,0.017777777777777778,74.55656027793884,0.0
7.679521276595745,54.74448888888889,51.626666666666665,0.008888888888888889,87.3055031299591,0.0
7.779255319148936,54.46,51.519999999999996,0.0,100.12366271018982,0.0
7.878989361702128,54.52151111111111,52.00888888888889,0.008888888888888889,112.9054799079895,0.0
7.9787234042553195,54.83462222222222,51.36888888888889,0.0,125.69387531280518,0.0
8.07845744680851,54.65111111111111,51.37777777777778,0.0,10.27262282371521,0.0
8.178191489361701,55.132622222222224,50.853333333333325,0.008888888888888889,22.93321943283081,0.0
8.277925531914894,54.634933333333336,50.897777777777776,0.0,35.60716390609741,0.0
8.377659574468085,54.87475555555555,50.73777777777778,0.0,48.29042172431946,0.0
8.477393617021276,55.132311111111115,51.04,0.0,60.937230587005615,0.0
8.577127659574469,55.10262222222222,50.49777777777778,0.02666666666666667,73.571848154068,0.0
8.67686170212766,55.21355555555556,50.96000000000001,0.008888888888888889,86.17964172363281,0.0
8.77659574468085,55.31817777777778,50.16888888888889,0.0,98.71026802062988,0.0
8.876329787234043,54.91542222222222,50.66666666666667,0.0,111.37420749664307,0.0
8.976063829787234,55.406844444444445,50.22222222222222,0.0,123.91756248474121,0.0
9.075797872340425,55.2804,50.684444444444445,0.0,9.945968627929688,0.0
9.175531914893616,55.44497777777778,50.284444444444446,0.008888888888888889,22.48397207260132,0.0
9.275265957446809,55.50613333333333,49.422222222222224,0.0,35.06524443626404,0.0
9.375,55.55524444444445,49.84888888888889,0.008888888888888889,47.57522749900818,0.0
9.474734042553191,55.386355555555554,50.471111111111114,0.0,60.199084758758545,0.0
9.574468085106384,55.74088888888889,49.55555555555556,0.035555555555555556,72.74139356613159,0.0
9.674202127659575,55.57555555555555,49.76,0.0,85.26024889945984,0.0
9.773936170212766,55.47013333333334,49.85777777777778,0.0,97.90041923522949,0.0
9.873670212765957,55.614222222222224,49.68888888888889,0.0,110.54191994667053,0.0
9.97340425531915,55.75368888888889,49.53777777777778,0.0,123.07151484489441,0.0
