Epochs,Loss,Accuracy (%),Silent labels (%),Time (s),Average Prediction Confidence
0.09973404255319149,96.78897777777777,32.76444444444444,7.199999999999999,34.282196044921875,0.0
0.19946808510638298,66.55231111111111,54.53333333333333,2.0,59.107715368270874,0.0
0.2992021276595745,60.757822222222224,59.90222222222222,1.8488888888888888,81.1946120262146,0.0
0.39893617021276595,52.97151111111111,63.955555555555556,0.0,101.56990599632263,0.0
0.49867021276595747,50.70355555555555,66.33777777777777,0.0,121.22056841850281,0.0
0.598404255319149,49.318666666666665,66.81777777777778,0.0,139.99885320663452,0.0
0.6981382978723404,47.983377777777775,68.45333333333333,0.0,158.2683310508728,0.0
0.7978723404255319,47.08302222222222,69.47555555555556,0.0,176.060400724411,0.0
0.8976063829787234,46.61546666666667,68.93333333333334,0.0,193.5009310245514,0.0
0.9973404255319149,45.78888888888889,69.61777777777777,0.0,210.5110228061676,0.0
1.0970744680851063,45.391866666666665,69.5111111111111,0.0,16.715819358825684,0.0
1.196808510638298,44.69537777777778,70.53333333333333,0.008888888888888889,33.14444160461426,0.0
1.2965425531914894,44.48266666666667,70.35555555555555,0.0,49.62991690635681,0.0
1.3962765957446808,43.66404444444444,71.42222222222222,0.0,65.82782030105591,0.0
1.4960106382978724,43.732533333333336,71.84888888888888,0.0,81.8893051147461,0.0
1.5957446808510638,43.806844444444444,70.69333333333333,0.0,97.69732856750488,0.0
1.6954787234042554,43.48435555555555,71.43111111111111,0.0,113.40114712715149,0.0
1.7952127659574468,43.30871111111111,71.28,0.0,128.90680813789368,0.0
1.8949468085106382,43.422311111111114,70.56,0.0,144.25893473625183,0.0
1.9946808510638299,43.28346666666667,70.99555555555555,0.0,159.38715434074402,0.0
2.0944148936170213,43.022355555555556,71.37777777777778,0.0,14.594645977020264,0.0
2.1941489361702127,42.93808888888889,71.29777777777778,0.0,29.54210066795349,0.0
2.293882978723404,42.95071111111111,71.21777777777778,0.0,44.306318521499634,0.0
2.393617021276596,42.626133333333335,71.6,0.0,59.106964349746704,0.0
2.4933510638297873,42.87146666666667,71.32444444444445,0.0,73.63449907302856,0.0
2.5930851063829787,43.075244444444444,70.73777777777778,0.0,88.09287667274475,0.0
2.69281914893617,42.712133333333334,71.47555555555556,0.0,102.52420711517334,0.0
2.7925531914893615,42.546622222222226,71.46666666666667,0.0,116.75792860984802,0.0
2.8922872340425534,42.85902222222222,70.76444444444444,0.0,131.09279203414917,0.0
2.992021276595745,43.14297777777778,70.30222222222223,0.0,145.15265822410583,0.0
3.091755319148936,42.73817777777778,70.73777777777778,0.0,13.079962253570557,0.0
3.1914893617021276,42.86528888888889,70.46222222222222,0.0,26.93564248085022,0.0
3.291223404255319,42.87906666666667,70.0,0.0,40.71974277496338,0.0
3.390957446808511,42.67088888888889,70.74666666666667,0.0,54.59486365318298,0.0
3.4906914893617023,42.75986666666667,70.85333333333334,0.0,68.48966073989868,0.0
3.5904255319148937,43.041777777777774,69.76,0.0,82.23228025436401,0.0
3.690159574468085,42.906622222222225,70.08888888888889,0.0,95.95217847824097,0.0
3.7898936170212765,42.84137777777778,70.46222222222222,0.0,109.5940990447998,0.0
3.889627659574468,43.14097777777778,69.54666666666667,0.0,123.3295087814331,0.0
3.9893617021276597,43.21768888888889,69.58222222222223,0.008888888888888889,136.7146577835083,0.0
4.089095744680851,42.73457777777778,70.22222222222221,0.008888888888888889,12.250458717346191,0.0
4.1888297872340425,43.13377777777778,69.97333333333333,0.0,25.460530996322632,0.0
4.288563829787234,43.044133333333335,69.72444444444444,0.0,38.68960380554199,0.0
4.388297872340425,42.78417777777778,70.12444444444445,0.008888888888888889,51.974233865737915,0.0
4.488031914893617,43.30008888888889,69.07555555555555,0.0,65.31261014938354,0.0
4.587765957446808,43.34991111111111,69.01333333333334,0.0,78.41996574401855,0.0
4.6875,43.06093333333333,69.7688888888889,0.0,91.5096423625946,0.0
4.787234042553192,43.32035555555556,69.27111111111111,0.0,104.57056665420532,0.0
4.886968085106383,43.440444444444445,68.89777777777778,0.0,117.74062538146973,0.0
4.986702127659575,43.251777777777775,69.11111111111111,0.0,130.70714211463928,0.0
5.086436170212766,43.08875555555556,69.14666666666666,0.0,11.553014516830444,0.0
5.1861702127659575,43.553111111111114,68.61333333333334,0.0,24.267842531204224,0.0
5.285904255319149,43.32337777777778,68.64888888888889,0.0,37.12036967277527,0.0
5.38563829787234,42.916266666666665,69.61777777777777,0.008888888888888889,49.83706068992615,0.0
5.485372340425532,43.50528888888889,68.72888888888889,0.0,62.65197825431824,0.0
5.585106382978723,43.331466666666664,68.50666666666667,0.008888888888888889,75.44321274757385,0.0
5.684840425531915,43.294,68.58666666666666,0.008888888888888889,88.10445737838745,0.0
5.784574468085107,43.10177777777778,69.59111111111112,0.008888888888888889,100.78747200965881,0.0
5.884308510638298,43.388622222222224,68.64888888888889,0.0,113.5878369808197,0.0
5.98404255319149,43.672266666666665,68.11555555555555,0.0,126.30126976966858,0.0
6.0837765957446805,43.47013333333334,68.16888888888889,0.008888888888888889,10.959965467453003,0.0
6.183510638297872,44.08368888888889,67.5111111111111,0.008888888888888889,23.602572202682495,0.0
6.283244680851064,43.43311111111111,68.06222222222222,0.0,36.15090847015381,0.0
6.382978723404255,43.34768888888889,68.68444444444445,0.017777777777777778,48.68720984458923,0.0
6.482712765957447,43.699555555555555,68.28444444444445,0.008888888888888889,61.405773639678955,0.0
6.582446808510638,43.641688888888886,68.30222222222221,0.0,74.04825592041016,0.0
6.68218085106383,43.51875555555556,68.62222222222222,0.008888888888888889,86.64065837860107,0.0
6.781914893617022,43.519333333333336,68.41777777777777,0.008888888888888889,99.13522577285767,0.0
6.881648936170213,43.428266666666666,68.4,0.0,111.6753237247467,0.0
6.9813829787234045,43.754044444444446,67.5288888888889,0.0,124.19642639160156,0.0
7.0811170212765955,43.65488888888889,68.2311111111111,0.0,10.322551965713501,0.0
7.180851063829787,43.94208888888889,67.42222222222222,0.0,22.61910891532898,0.0
7.280585106382978,43.47497777777778,67.36,0.0,34.93787169456482,0.0
7.38031914893617,43.39946666666667,68.14222222222223,0.008888888888888889,47.2941620349884,0.0
7.480053191489362,43.76297777777778,67.57333333333332,0.008888888888888889,59.637645959854126,0.0
7.579787234042553,43.82511111111111,67.89333333333335,0.0,72.00465393066406,0.0
7.679521276595745,43.647911111111114,68.06222222222222,0.008888888888888889,84.21952486038208,0.0
7.779255319148936,43.943644444444445,67.60000000000001,0.0,96.42536783218384,0.0
7.878989361702128,43.94871111111111,67.54666666666667,0.0,108.74310088157654,0.0
7.9787234042553195,44.132755555555555,67.28,0.0,120.97011995315552,0.0
8.07845744680851,43.654044444444445,67.79555555555555,0.0,9.933836460113525,0.0
8.178191489361701,44.407022222222224,66.72,0.0,22.093607425689697,0.0
8.277925531914894,43.940488888888886,66.97777777777777,0.008888888888888889,34.289623975753784,0.0
8.377659574468085,43.9048,67.06666666666666,0.008888888888888889,46.4014356136322,0.0
8.477393617021276,44.11595555555556,66.93333333333334,0.008888888888888889,58.626036643981934,0.0
8.577127659574469,44.08191111111111,67.44,0.008888888888888889,70.86996221542358,0.0
8.67686170212766,43.94857777777778,67.25333333333333,0.0,83.05045485496521,0.0
8.77659574468085,44.18906666666667,66.99555555555555,0.017777777777777778,95.24784851074219,0.0
8.876329787234043,44.30715555555555,66.52444444444444,0.0,107.35914492607117,0.0
8.976063829787234,44.084177777777775,67.05777777777779,0.008888888888888889,119.42282795906067,0.0
9.075797872340425,44.07844444444444,67.07555555555555,0.0,9.644564390182495,0.0
9.175531914893616,44.376044444444446,66.66666666666666,0.008888888888888889,21.629717350006104,0.0
9.275265957446809,44.11568888888889,66.20444444444445,0.0,33.57858848571777,0.0
9.375,43.931244444444445,67.04,0.008888888888888889,45.55934119224548,0.0
9.474734042553191,44.04088888888889,66.85333333333332,0.0,57.642751693725586,0.0
9.574468085106384,44.29595555555556,66.22222222222223,0.008888888888888889,69.67457318305969,0.0
9.674202127659575,43.986444444444444,67.06666666666666,0.0,81.74576234817505,0.0
9.773936170212766,44.519866666666665,66.59555555555555,0.0,93.66943550109863,0.0
9.873670212765957,44.47795555555555,66.15111111111112,0.008888888888888889,105.72223734855652,0.0
9.97340425531915,44.446711111111114,66.4,0.017777777777777778,117.81591176986694,0.0
