Epochs,Loss,Accuracy (%),Silent labels (%),Time (s),Average Prediction Confidence
0.09973404255319149,97.78253333333333,32.92444444444445,7.724444444444445,33.57732677459717,0.0
0.19946808510638298,63.29817777777778,55.03111111111111,0.8977777777777777,57.596853256225586,0.0
0.2992021276595745,55.355422222222224,60.96,0.0,79.17004585266113,0.0
0.39893617021276595,51.71048888888889,65.17333333333333,0.0,99.4914653301239,0.0
0.49867021276595747,49.540755555555556,67.18222222222222,0.0,118.88351798057556,0.0
0.598404255319149,47.956177777777775,68.01777777777778,0.0,137.46264624595642,0.0
0.6981382978723404,46.330355555555556,69.42222222222222,0.0,155.45152187347412,0.0
0.7978723404255319,45.12128888888889,70.70222222222222,0.0,173.07234001159668,0.0
0.8976063829787234,44.43022222222222,70.18666666666667,0.0,190.2664246559143,0.0
0.9973404255319149,43.486044444444445,71.25333333333333,0.0,207.2134130001068,0.0
1.0970744680851063,42.906622222222225,71.89333333333333,0.0,16.4199800491333,0.0
1.196808510638298,42.14337777777778,72.30222222222223,0.0,32.87895846366882,0.0
1.2965425531914894,41.7448,72.57777777777777,0.0,49.03170609474182,0.0
1.3962765957446808,40.66528888888889,73.76888888888888,0.0,65.07462811470032,0.0
1.4960106382978724,40.56062222222222,73.89333333333333,0.0,80.90909337997437,0.0
1.5957446808510638,40.35635555555555,73.31555555555556,0.0,96.54346251487732,0.0
1.6954787234042554,39.82377777777778,74.52444444444446,0.0,112.09105920791626,0.0
1.7952127659574468,39.57831111111111,75.02222222222223,0.0,127.4116792678833,0.0
1.8949468085106382,39.36355555555556,74.09777777777778,0.0,142.73966455459595,0.0
1.9946808510638299,39.15177777777778,74.96000000000001,0.0,157.7954421043396,0.0
2.0944148936170213,39.077244444444446,74.94222222222223,0.0,14.52155351638794,0.0
2.1941489361702127,38.67715555555556,75.16444444444444,0.0,29.50719428062439,0.0
2.293882978723404,38.732622222222226,75.2088888888889,0.0,44.35393285751343,0.0
2.393617021276596,38.19231111111111,75.6,0.0,59.12697100639343,0.0
2.4933510638297873,38.05844444444445,76.24,0.0,73.79599595069885,0.0
2.5930851063829787,38.346444444444444,75.02222222222223,0.0,88.28025388717651,0.0
2.69281914893617,37.70382222222222,76.34666666666666,0.0,102.41515755653381,0.0
2.7925531914893615,37.596222222222224,76.32,0.0,116.72246170043945,0.0
2.8922872340425534,37.787333333333336,75.67111111111112,0.0,130.8769886493683,0.0
2.992021276595745,37.86617777777778,75.8488888888889,0.0,144.98646640777588,0.0
3.091755319148936,37.59724444444444,76.3111111111111,0.0,13.03720474243164,0.0
3.1914893617021276,37.61275555555556,75.91111111111111,0.0,26.817372798919678,0.0
3.291223404255319,37.668622222222226,75.78666666666666,0.0,40.665817737579346,0.0
3.390957446808511,37.10617777777778,76.41777777777777,0.0,54.43046045303345,0.0
3.4906914893617023,37.28711111111111,76.53333333333333,0.0,68.17578315734863,0.0
3.5904255319148937,37.548,75.93777777777778,0.0,81.79255819320679,0.0
3.690159574468085,36.9108,77.16444444444444,0.0,95.2301857471466,0.0
3.7898936170212765,37.022755555555555,76.72,0.0,108.6549928188324,0.0
3.889627659574468,37.16697777777778,76.10666666666667,0.0,122.14608955383301,0.0
3.9893617021276597,37.09022222222222,76.49777777777777,0.0,135.51316618919373,0.0
4.089095744680851,37.0392,76.4088888888889,0.0,12.055668830871582,0.0
4.1888297872340425,37.059955555555554,76.39111111111112,0.0,25.24007821083069,0.0
4.288563829787234,36.93488888888889,76.36444444444444,0.0,38.4093222618103,0.0
4.388297872340425,36.7408,76.98666666666666,0.0,51.502519607543945,0.0
4.488031914893617,36.883066666666664,76.90666666666667,0.0,64.70143342018127,0.0
4.587765957446808,37.18471111111111,75.91111111111111,0.0,77.7798855304718,0.0
4.6875,36.6148,77.38666666666667,0.0,90.87823915481567,0.0
4.787234042553192,36.54497777777778,76.83555555555556,0.0,103.80836343765259,0.0
4.886968085106383,37.01515555555556,76.20444444444445,0.0,116.78305721282959,0.0
4.986702127659575,36.81973333333333,76.78222222222222,0.008888888888888889,129.68607306480408,0.0
5.086436170212766,36.81377777777778,76.96,0.0,11.472663402557373,0.0
5.1861702127659575,36.93551111111111,76.4088888888889,0.0,24.208460569381714,0.0
5.285904255319149,36.59537777777778,76.46222222222222,0.0,37.025527000427246,0.0
5.38563829787234,36.294088888888886,77.13777777777779,0.0,49.7857825756073,0.0
5.485372340425532,36.52386666666666,77.22666666666666,0.008888888888888889,62.466493368148804,0.0
5.585106382978723,36.77728888888889,76.54222222222222,0.0,75.13997912406921,0.0
5.684840425531915,36.60946666666667,77.28,0.0,87.72788429260254,0.0
5.784574468085107,36.55008888888889,76.86222222222221,0.0,100.37293076515198,0.0
5.884308510638298,36.88711111111111,76.62222222222222,0.008888888888888889,113.10317325592041,0.0
5.98404255319149,36.66551111111111,76.7911111111111,0.0,125.67270541191101,0.0
6.0837765957446805,36.76875555555556,76.59555555555555,0.0,10.88820195198059,0.0
6.183510638297872,37.07648888888889,76.0,0.0,23.30314588546753,0.0
6.283244680851064,36.51253333333333,76.43555555555555,0.0,35.801737546920776,0.0
6.382978723404255,36.22217777777778,77.44,0.0,48.22317671775818,0.0
6.482712765957447,36.32884444444444,77.32444444444444,0.008888888888888889,60.80137300491333,0.0
6.582446808510638,36.78315555555555,76.08,0.0,73.23828721046448,0.0
6.68218085106383,36.555955555555556,76.88888888888889,0.0,85.62575054168701,0.0
6.781914893617022,36.52693333333333,76.93333333333334,0.0,98.22756552696228,0.0
6.881648936170213,36.793911111111115,76.58666666666667,0.008888888888888889,110.67378735542297,0.0
6.9813829787234045,37.03697777777778,76.27555555555556,0.0,123.11139917373657,0.0
7.0811170212765955,36.47568888888889,76.76444444444445,0.0,10.466593027114868,0.0
7.180851063829787,36.955555555555556,76.07111111111111,0.0,22.727835416793823,0.0
7.280585106382978,36.46653333333333,76.37333333333333,0.0,34.95244574546814,0.0
7.38031914893617,36.339422222222225,76.7911111111111,0.0,47.330127000808716,0.0
7.480053191489362,36.44146666666666,76.85333333333332,0.008888888888888889,59.56752610206604,0.0
7.579787234042553,36.65591111111111,76.23111111111112,0.0,71.73573279380798,0.0
7.679521276595745,36.43995555555556,77.29777777777778,0.0,83.89600253105164,0.0
7.779255319148936,36.660133333333334,76.51555555555557,0.0,96.02240061759949,0.0
7.878989361702128,36.65488888888889,76.43555555555555,0.008888888888888889,108.18702340126038,0.0
7.9787234042553195,37.07893333333333,75.69777777777777,0.0,120.31028628349304,0.0
8.07845744680851,36.602355555555555,76.49777777777777,0.0,9.923036336898804,0.0
8.178191489361701,36.84106666666667,76.01777777777777,0.008888888888888889,21.932458877563477,0.0
8.277925531914894,36.52057777777778,76.29333333333334,0.0,34.062310218811035,0.0
8.377659574468085,36.64048888888889,76.35555555555555,0.017777777777777778,46.151445388793945,0.0
8.477393617021276,36.49151111111111,76.50666666666666,0.0,58.24576807022095,0.0
8.577127659574469,37.01497777777778,75.39555555555556,0.008888888888888889,70.40272331237793,0.0
8.67686170212766,36.47471111111111,76.65777777777778,0.0,82.34522032737732,0.0
8.77659574468085,36.55693333333333,75.73333333333333,0.0,94.38249111175537,0.0
8.876329787234043,36.85368888888889,75.99111111111111,0.0,106.5254282951355,0.0
8.976063829787234,36.85457777777778,75.81333333333333,0.0,118.4877519607544,0.0
9.075797872340425,36.51551111111111,76.49777777777777,0.0,9.29955005645752,0.0
9.175531914893616,36.836755555555555,75.92,0.0,21.19598960876465,0.0
9.275265957446809,36.681866666666664,75.73333333333333,0.0,33.14362573623657,0.0
9.375,36.321244444444446,76.42666666666666,0.008888888888888889,45.12120223045349,0.0
9.474734042553191,36.42404444444445,76.27555555555556,0.0,57.04074454307556,0.0
9.574468085106384,36.82417777777778,75.71555555555555,0.008888888888888889,68.95976066589355,0.0
9.674202127659575,36.742133333333335,76.55999999999999,0.0,80.77724409103394,0.0
9.773936170212766,36.49746666666667,76.18666666666667,0.0,92.69761657714844,0.0
9.873670212765957,36.68222222222222,75.80444444444444,0.008888888888888889,104.62775588035583,0.0
9.97340425531915,36.93955555555556,75.5111111111111,0.008888888888888889,116.5251395702362,0.0
