Epochs,Loss,Accuracy (%),Silent labels (%),Time (s),Average Prediction Confidence
0.09973404255319149,97.24475555555556,32.64,7.342222222222222,38.254706621170044,0.29006222222224814
0.19946808510638298,61.23062222222222,54.58666666666666,0.0,63.65111231803894,0.34157629629624314
0.2992021276595745,55.214844444444445,61.38666666666667,0.0,86.71342325210571,0.3749056790123235
0.39893617021276595,51.82057777777778,64.8,0.0,108.32081961631775,0.39908740740739734
0.49867021276595747,49.385955555555554,66.3288888888889,0.0,129.07105422019958,0.41832177777776436
0.598404255319149,47.74902222222222,67.7688888888889,0.0,149.18319439888,0.43401975308640384
0.6981382978723404,45.8096,69.44888888888889,0.0,168.673597574234,0.44773079365078805
0.7978723404255319,44.57377777777778,69.90222222222222,0.0,187.7709527015686,0.45955481481482713
0.8976063829787234,43.59804444444445,70.77333333333333,0.0,206.4520764350891,0.4698475720164839
0.9973404255319149,42.2456,72.50666666666666,0.0,224.93491196632385,0.4794287407407697
1.0970744680851063,40.98435555555555,73.03111111111112,0.0,17.844573736190796,0.5760608828006192
1.196808510638298,40.70968888888889,72.97777777777777,0.0,35.79694652557373,0.5775345345345231
1.2965425531914894,39.94582222222222,73.99111111111111,0.0,53.546119928359985,0.5809287493771493
1.3962765957446808,39.42693333333333,74.06222222222222,0.0,71.01402044296265,0.5838911260253085
1.4960106382978724,38.77053333333333,75.14666666666666,0.0,88.39373517036438,0.5870884718498139
1.5957446808510638,38.756,74.10666666666667,0.0,105.6438148021698,0.5894603174602935
1.6954787234042554,38.59684444444444,74.16888888888889,0.008888888888888889,122.60283708572388,0.5912436796260856
1.7952127659574468,37.424844444444446,75.56444444444445,0.0,139.41522336006165,0.5939658119658189
1.8949468085106382,36.928577777777775,75.74222222222222,0.0,156.68211030960083,0.5967845468053682
1.9946808510638299,36.587466666666664,76.3111111111111,0.0,175.71807074546814,0.5994183006536334
2.0944148936170213,36.02231111111111,76.50666666666666,0.0,15.97051191329956,0.6267981220657458
2.1941489361702127,35.78653333333333,77.2088888888889,0.0,32.17054104804993,0.628073059360715
2.293882978723404,35.93231111111111,76.39111111111112,0.0,48.260324001312256,0.6279617898441057
2.393617021276596,34.9744,77.63555555555556,0.0,64.28062582015991,0.6303618618618099
2.4933510638297873,35.031777777777776,77.52,0.0,80.28569912910461,0.6318993710691384
2.5930851063829787,34.79546666666667,77.28,0.0,96.19054913520813,0.6335206776282792
2.69281914893617,34.54906666666667,77.72444444444444,0.0,111.84579730033875,0.6351179355939396
2.7925531914893615,34.05542222222222,78.32000000000001,0.0,127.35098600387573,0.6367472035794274
2.8922872340425534,34.358488888888886,77.74222222222222,0.0,142.75097131729126,0.6376817353866676
2.992021276595745,34.0904,77.85777777777778,0.0,158.1736536026001,0.6385987488830068
3.091755319148936,33.29826666666666,79.0311111111111,0.0,14.981928586959839,0.6519613526570257
3.1914893617021276,33.33795555555555,78.91555555555556,0.0,31.136191844940186,0.6525493827160316
3.291223404255319,33.39844444444444,78.7911111111111,0.0,47.21201539039612,0.6527529173008192
3.390957446808511,33.294133333333335,78.99555555555555,0.0,63.164239168167114,0.6535419501133279
3.4906914893617023,33.294088888888886,78.63111111111111,0.0,78.98498749732971,0.6541306835290137
3.5904255319148937,33.05875555555556,78.88,0.0,94.6906316280365,0.6546926926926682
3.690159574468085,32.2832,79.78666666666666,0.0,110.51746153831482,0.6562954399486056
3.7898936170212765,32.54351111111111,79.26222222222222,0.0,126.26820158958435,0.6573430602319413
3.889627659574468,32.552844444444446,79.44888888888889,0.0,141.67019295692444,0.6580754027570219
3.9893617021276597,32.49471111111111,79.37777777777778,0.0,157.2199718952179,0.6587670250896889
4.089095744680851,31.892355555555554,80.12444444444444,0.0,14.182909965515137,0.669180762852425
4.1888297872340425,32.037644444444446,79.98222222222222,0.0,30.3151273727417,0.667934272300455
4.288563829787234,31.6184,80.41777777777777,0.0,45.11748933792114,0.6694541730670387
4.388297872340425,31.715866666666667,79.92888888888889,0.0,59.76187086105347,0.6700639269405922
4.488031914893617,32.04795555555555,80.13333333333334,0.0,74.36031579971313,0.669855283075951
4.587765957446808,31.466755555555554,80.40888888888888,0.0,88.77112889289856,0.6705510306686486
4.6875,31.539066666666667,80.05333333333333,0.0,103.18042063713074,0.6711128304319594
4.787234042553192,31.842577777777777,80.36444444444444,0.0,117.51802730560303,0.671019519519508
4.886968085106383,31.668,80.24,0.0,131.8724102973938,0.6710238214226345
4.986702127659575,31.518977777777778,80.22222222222221,0.008888888888888889,146.18407726287842,0.6712722371968648
5.086436170212766,30.999288888888888,81.07555555555555,0.0,12.838964700698853,0.6763965811966003
5.1861702127659575,30.52008888888889,81.29777777777778,0.0,27.13522696495056,0.6799999999999867
5.285904255319149,31.132933333333334,80.03555555555556,0.0,41.271080493927,0.6795183462531857
5.38563829787234,30.939733333333333,80.57777777777778,0.0,55.46212649345398,0.6793471264367247
5.485372340425532,30.947955555555556,80.93333333333334,0.0,69.6982626914978,0.6791780821917333
5.585106382978723,30.48911111111111,81.48444444444445,0.0,83.85599064826965,0.6802292929292587
5.684840425531915,30.49431111111111,81.71555555555555,0.0,98.08220863342285,0.6809579288025585
5.784574468085107,30.652177777777776,81.64444444444445,0.008888888888888889,112.25813746452332,0.6812323917137209
5.884308510638298,31.058355555555554,80.96,0.0,126.37504196166992,0.6809604010025087
5.98404255319149,31.213333333333335,80.36444444444444,0.0,140.39997601509094,0.680636636636725
6.0837765957446805,30.097466666666666,81.8488888888889,0.008888888888888889,12.052283763885498,0.6880352733686286
6.183510638297872,29.948755555555554,81.89333333333333,0.0,26.148833513259888,0.6885507246376663
6.283244680851064,30.207333333333334,81.71555555555555,0.008888888888888889,40.15620160102844,0.6874887845591685
6.382978723404255,30.226266666666668,81.52888888888889,0.0,54.15723395347595,0.6873518518518071
6.482712765957447,30.01311111111111,81.89333333333333,0.0,68.2561342716217,0.6881922252830938
6.582446808510638,30.325377777777778,81.30666666666667,0.0,82.28896450996399,0.6881339421613096
6.68218085106383,30.120933333333333,81.38666666666666,0.0,96.24134278297424,0.6881975308641779
6.781914893617022,30.462044444444444,80.96,0.008888888888888889,110.2193193435669,0.6879674981103452
6.881648936170213,29.9052,82.08,0.0,124.17344403266907,0.6881642366348598
6.9813829787234045,30.031111111111112,81.34222222222223,0.0,138.04775404930115,0.6883246010239065
7.0811170212765955,29.636622222222222,82.08888888888889,0.0,11.54236388206482,0.6931074681238829
7.180851063829787,29.524355555555555,82.76444444444444,0.0,25.469841480255127,0.6939084967320118
7.280585106382978,29.626622222222224,81.91111111111111,0.0,39.408783197402954,0.6932322274881119
7.38031914893617,29.2904,82.56888888888889,0.008888888888888889,53.2676568031311,0.6941880341879828
7.480053191489362,29.49688888888889,81.92888888888888,0.0,67.0494737625122,0.6944635272391025
7.579787234042553,29.3532,82.11555555555556,0.008888888888888889,80.9232063293457,0.6950693170234075
7.679521276595745,29.390444444444444,82.00888888888889,0.0,94.65887832641602,0.6952876712328433
7.779255319148936,29.687066666666666,82.07111111111111,0.0,108.42319989204407,0.6950337504739967
7.878989361702128,29.62968888888889,81.92888888888888,0.008888888888888889,122.18208122253418,0.6951965036140679
7.9787234042553195,29.610355555555557,81.69777777777779,0.0,135.8843195438385,0.6952185990339158
8.07845744680851,28.733822222222223,83.15555555555557,0.0,11.121142864227295,0.7017853107344804
8.178191489361701,28.833377777777777,82.62222222222222,0.0,24.93322730064392,0.7021227197346471
8.277925531914894,29.32631111111111,81.89333333333333,0.0,38.64430594444275,0.7002913343965673
8.377659574468085,29.108755555555554,82.43555555555555,0.0,52.32302212715149,0.6999029733958837
8.477393617021276,28.95382222222222,83.23555555555555,0.008888888888888889,66.01885104179382,0.7003639740018086
8.577127659574469,29.401777777777777,82.0,0.0,79.69739294052124,0.6996374807987382
8.67686170212766,29.21782222222222,82.32888888888888,0.0,93.34846997261047,0.699604453176137
8.77659574468085,28.999777777777776,82.80888888888889,0.008888888888888889,107.02228331565857,0.6997184170471631
8.876329787234043,28.975555555555555,82.39999999999999,0.0,120.55137610435486,0.7000276513235837
8.976063829787234,28.924577777777777,82.74666666666667,0.0,134.12380170822144,0.7001247350894276
9.075797872340425,28.846666666666668,82.26666666666667,0.0,10.495905876159668,0.7019649122807184
9.175531914893616,28.829955555555557,82.78222222222223,0.017777777777777778,24.025718688964844,0.7027003367003267
9.275265957446809,28.536933333333334,83.05777777777777,0.0,37.564342737197876,0.703388083735875
9.375,28.654622222222223,82.53333333333333,0.0,51.08676528930664,0.70303861308112
9.474734042553191,28.470355555555557,83.13777777777777,0.0,64.57191061973572,0.7035356364767698
9.574468085106384,28.537155555555554,83.04,0.0,78.03178143501282,0.7038837448559254
9.674202127659575,29.412488888888888,82.0,0.0,91.48379349708557,0.7029401709401373
9.773936170212766,28.504533333333335,83.23555555555555,0.0,104.9997787475586,0.7035486827032942
9.873670212765957,29.179022222222223,82.01777777777778,0.0,118.51095747947693,0.7031510231692976
9.97340425531915,28.858622222222223,82.46222222222222,0.0,131.9988877773285,0.7028731026109024
