0.02,0.03,0.05,0.08,0.1,0.13,0.15,0.18,0.2
0.0,0.0,0.020013333333333338,0.15755999999999998,0.29587333333333327,0.5009133333333334,0.60864,0.7435533333333332,0.8065933333333333
0.0,0.0,0.030899999999999997,0.17921333333333334,0.3169666666666666,0.5192133333333332,0.6252533333333333,0.7623000000000001,0.8283333333333333
0.0,0.0,0.04095333333333334,0.20106666666666662,0.34184666666666663,0.54348,0.6474,0.7770533333333334,0.8371
0.0,0.0,0.05012666666666666,0.22132,0.3656866666666667,0.5684333333333332,0.6699933333333332,0.7928666666666665,0.84702
0.0,0.0,0.05648666666666668,0.2372533333333333,0.38628,0.5892333333333333,0.6877133333333334,0.8025133333333333,0.8516266666666666
0.0,0.0,0.06365333333333334,0.24613999999999997,0.3907733333333334,0.5872999999999998,0.6820133333333335,0.7935666666666666,0.8430133333333336
0.0,0.0,0.07085333333333334,0.25666000000000005,0.4020933333333334,0.5974266666666667,0.69066,0.8021066666666666,0.8529800000000001
0.0,0.00017333333333333334,0.078,0.26724,0.41513333333333335,0.6085133333333334,0.6997199999999999,0.8061066666666667,0.8546333333333332
0.0,0.0005800000000000002,0.08202,0.2708533333333333,0.41762,0.6107533333333334,0.7024733333333332,0.8130266666666668,0.8638000000000001
0.0,0.0007866666666666667,0.08550666666666668,0.27529999999999993,0.42077999999999993,0.6102933333333334,0.7006866666666667,0.8097533333333334,0.8611533333333332
