Epochs,Loss,Accuracy (%),Silent labels (%),Time (s)
0.1,46.948,64.26666666666667,7.9,25.136960744857788
0.2,27.043083333333332,79.3,0.0,47.912789821624756
0.3,24.433666666666667,80.5,0.0,70.3475775718689
0.4,23.17025,81.73333333333333,0.0,94.79724359512329
0.5,21.71925,82.91666666666667,0.0,119.13057827949524
0.6,20.420833333333334,84.01666666666667,0.0,143.6726794242859
0.7,19.854666666666667,84.2,0.0,167.49217438697815
0.8,20.3595,83.55,0.0,191.9967803955078
0.9,19.942333333333334,84.3,0.0,225.36224126815796
1.0,19.628,84.28333333333333,0.0,257.4366273880005
1.1,19.151166666666665,85.5,0.0,33.729686975479126
1.2,19.23825,85.91666666666666,0.0,66.89965796470642
1.3,19.668166666666668,85.11666666666666,0.0,97.63375306129456
1.4,19.604416666666665,85.03333333333333,0.0,128.12380456924438
1.5,19.405,86.26666666666667,0.0,161.40759539604187
1.6,19.007416666666668,86.2,0.0,192.74403166770935
1.7,18.923916666666667,86.88333333333334,0.0,224.79428362846375
1.8,19.48966666666667,86.38333333333334,0.0,256.5088448524475
1.9,18.735416666666666,86.83333333333333,0.0,288.5925440788269
2.0,18.676333333333332,86.23333333333333,0.0,321.3146595954895
2.1,18.040666666666667,86.78333333333333,0.0,25.095323085784912
2.2,17.960416666666667,87.63333333333333,0.0,49.12606763839722
2.3,18.720166666666668,86.41666666666666,0.0,73.02358436584473
2.4,18.22683333333333,86.63333333333333,0.0,97.5833580493927
2.5,17.66925,87.6,0.0,121.4644558429718
2.6,17.567583333333335,87.5,0.0,145.92365050315857
2.7,17.505333333333333,87.85,0.0,169.58059191703796
2.8,17.603833333333334,87.38333333333334,0.0,192.94534707069397
2.9,17.427833333333332,88.0,0.0,217.13297152519226
3.0,17.525083333333335,86.95,0.0,240.796142578125
3.1,16.663333333333334,87.51666666666667,0.0,26.280416250228882
3.2,16.289833333333334,88.55,0.0,50.90633678436279
3.3,17.178333333333335,87.41666666666667,0.0,74.30769228935242
3.4,16.750666666666667,87.4,0.0,98.90992379188538
3.5,16.5555,88.14999999999999,0.0,123.13208198547363
3.6,16.525,88.43333333333334,0.0,146.82874298095703
3.7,16.282916666666665,88.43333333333334,0.0,171.88486433029175
3.8,16.735833333333332,87.8,0.0,197.02496790885925
3.9,16.49925,88.58333333333334,0.0,221.7858817577362
4.0,16.817083333333333,87.78333333333333,0.016666666666666666,245.03965425491333
4.1,16.240083333333335,88.3,0.0,25.779770374298096
4.2,15.897333333333334,89.3,0.0,49.649935483932495
4.3,16.698583333333332,87.66666666666667,0.0,72.99936556816101
4.4,16.115,88.66666666666667,0.0,96.30249166488647
4.5,15.838416666666667,88.36666666666667,0.0,120.46376419067383
4.6,15.863833333333334,88.96666666666667,0.0,145.1991469860077
4.7,15.811416666666666,88.86666666666667,0.0,169.5323565006256
4.8,15.87475,88.51666666666667,0.016666666666666666,194.39101147651672
4.9,15.847166666666666,88.88333333333334,0.0,219.49525499343872
5.0,15.942166666666667,88.44999999999999,0.0,244.6658239364624
5.1,15.436166666666667,88.58333333333334,0.0,24.904873609542847
5.2,15.07175,89.60000000000001,0.0,49.26935410499573
5.3,15.889583333333333,88.18333333333334,0.0,72.79329466819763
5.4,15.270583333333333,88.66666666666667,0.0,96.67740488052368
5.5,15.12475,89.1,0.0,120.99927353858948
5.6,15.367833333333333,89.35,0.0,145.6189205646515
5.7,14.90825,89.28333333333333,0.0,169.98309755325317
5.8,15.15125,89.06666666666668,0.0,194.47407341003418
5.9,14.930916666666667,89.58333333333334,0.0,217.10883498191833
6.0,15.478833333333334,88.61666666666666,0.0,238.6891586780548
6.1,14.539416666666666,89.08333333333334,0.0,24.890594005584717
6.2,14.489083333333333,89.73333333333333,0.0,49.008995056152344
6.3,15.28075,88.51666666666667,0.0,72.93354320526123
6.4,14.673083333333333,89.35,0.0,96.65427494049072
6.5,14.489083333333333,89.64999999999999,0.0,120.44770979881287
6.6,14.819416666666667,89.61666666666666,0.0,144.73867988586426
6.7,14.61,89.33333333333333,0.0,167.9175682067871
6.8,14.587833333333334,89.45,0.0,191.7713315486908
6.9,14.629916666666666,89.68333333333334,0.0,215.92831802368164
7.0,15.02775,89.25,0.0,239.97241616249084
7.1,14.36825,89.51666666666667,0.0,27.111432313919067
7.2,14.0545,90.21666666666667,0.0,51.56386351585388
7.3,15.170916666666667,88.61666666666666,0.0,75.35970735549927
7.4,14.469166666666666,89.88333333333334,0.0,99.63910174369812
7.5,14.182583333333334,89.81666666666666,0.0,125.00195097923279
7.6,14.219,90.08333333333334,0.0,148.24184489250183
7.7,14.168083333333334,90.13333333333333,0.0,170.76224780082703
7.8,14.125166666666667,89.78333333333333,0.0,194.94805240631104
7.9,14.269833333333333,90.38333333333334,0.0,220.78819799423218
8.0,14.684333333333333,89.64999999999999,0.0,244.35856771469116
8.1,14.100333333333333,89.75,0.0,26.439791202545166
8.2,14.05925,90.31666666666666,0.0,49.99525809288025
8.3,14.643583333333334,89.23333333333333,0.0,73.29822874069214
8.4,13.901083333333334,90.13333333333333,0.0,97.68488001823425
8.5,13.801333333333334,90.23333333333333,0.0,122.13491463661194
8.6,14.341,90.41666666666667,0.0,146.05476713180542
8.7,13.904833333333332,90.3,0.0,169.00464510917664
8.8,13.917,90.2,0.0,193.76453924179077
8.9,14.092083333333333,90.46666666666667,0.0,219.71246457099915
9.0,14.504416666666666,89.83333333333333,0.016666666666666666,246.63760209083557
9.1,13.771416666666667,89.91666666666667,0.0,26.64715266227722
9.2,13.593166666666667,90.76666666666667,0.0,50.70692706108093
9.3,14.491166666666667,89.71666666666667,0.0,73.88777136802673
9.4,13.638333333333334,90.26666666666667,0.0,97.86793184280396
9.5,13.71275,90.83333333333333,0.0,121.03295731544495
9.6,13.730416666666667,90.83333333333333,0.0,143.97099685668945
9.7,13.84,90.48333333333333,0.0,168.31002402305603
9.8,13.640833333333333,90.33333333333333,0.0,192.16473698616028
9.9,13.513666666666667,91.0,0.0,216.0320384502411
10.0,13.991916666666667,90.28333333333333,0.0,240.7347719669342
