0.02,0.03,0.05,0.08,0.1,0.13,0.15,0.18,0.2
0.0,0.0,0.004141843971631206,0.07695035460992906,0.1476418439716312,0.2701808510638298,0.35750000000000004,0.4895460992907802,0.5749822695035461
0.0,2.8368794326241135e-05,0.03081205673758865,0.13764893617021276,0.22089716312056737,0.35081560283687946,0.4362801418439716,0.5595780141843971,0.636581560283688
0.000648936170212766,0.032329787234042555,0.11268794326241134,0.24429432624113476,0.33540070921985815,0.4604751773049645,0.5336524822695036,0.6312624113475177,0.6895496453900709
0.02070921985815603,0.07116312056737588,0.17125177304964534,0.3154751773049645,0.4071099290780143,0.5265567375886524,0.595741134751773,0.6880177304964539,0.7426985815602837
0.049,0.09848581560283684,0.2007198581560283,0.3426737588652482,0.42914184397163124,0.5447517730496454,0.6130992907801418,0.7038014184397162,0.7576985815602836
0.06055319148936168,0.11904609929078012,0.22172695035460988,0.3591914893617021,0.4435992907801419,0.5580602836879432,0.6249964539007092,0.7144290780141844,0.7669326241134752
0.06451063829787232,0.12926950354609926,0.23719503546099288,0.37314539007092196,0.4569184397163121,0.5707659574468085,0.6374858156028368,0.7269397163120568,0.7793049645390071
0.06668439716312055,0.13377659574468082,0.247177304964539,0.38176595744680863,0.464613475177305,0.5778085106382977,0.6449432624113476,0.7340531914893618,0.7871063829787234
0.07034397163120566,0.13812765957446804,0.25309929078014176,0.38632978723404254,0.4685567375886524,0.5813368794326241,0.6483971631205674,0.738241134751773,0.7912163120567377
0.07773758865248226,0.14525886524822693,0.25828723404255316,0.39084042553191484,0.47191843971631214,0.5844148936170213,0.6518368794326241,0.7419964539007093,0.7954007092198581
