0.02,0.03,0.05,0.08,0.1,0.13,0.15,0.18,0.2
0.0,0.0,0.0,0.028539007092198584,0.07544680851063829,0.17571276595744675,0.2667588652482269,0.34239361702127663,0.3763829787234042
0.0,0.0,0.0,0.05065248226950354,0.10295390070921982,0.19924822695035457,0.2746808510638297,0.33737234042553194,0.3654929078014185
0.0,0.0,0.0,0.06716312056737588,0.12041843971631205,0.2091170212765957,0.27440780141843973,0.3289432624113475,0.3534964539007092
0.0,0.0,0.0,0.08012765957446807,0.1321985815602837,0.2141560283687943,0.27341489361702126,0.32375886524822695,0.3458971631205674
0.0,0.0,0.0,0.09048581560283687,0.1389397163120567,0.21522340425531913,0.2703404255319149,0.31640070921985813,0.33676950354609925
0.0,0.0,3.1914893617021275e-05,0.09718085106382976,0.14212056737588652,0.2132198581560283,0.2644964539007092,0.30696808510638296,0.32572340425531915
0.0,0.0,0.0008687943262411347,0.10155319148936169,0.14416666666666664,0.21093617021276592,0.25945035460992905,0.29930851063829783,0.31656737588652484
0.0,0.0,0.002216312056737589,0.10518794326241132,0.14548581560283683,0.20831205673758865,0.2547553191489361,0.29207092198581563,0.30863120567375885
0.0,0.0,0.004187943262411347,0.10881205673758862,0.14635815602836874,0.2046560283687943,0.24842907801418437,0.28342553191489356,0.29856382978723406
0.0,0.0,0.011556737588652482,0.11880496453900707,0.15307801418439715,0.20226595744680842,0.23811702127659573,0.2656702127659574,0.27697163120567375
