0.02,0.03,0.05,0.08,0.1,0.13,0.15,0.18,0.2
0.0,0.0,1.773049645390071e-05,0.028833333333333336,0.11859219858156025,0.2301205673758865,0.30988297872340426,0.4681879432624113,0.5442056737588652
0.0,0.0,0.0002056737588652482,0.046365248226950345,0.15152836879432624,0.27313120567375887,0.35426595744680855,0.5083156028368794,0.5807056737588653
0.0,0.0,0.0008120567375886524,0.05943971631205674,0.1733191489361702,0.29624468085106387,0.3756985815602837,0.5238829787234043,0.5922836879432624
0.0,0.0,0.0016560283687943264,0.069322695035461,0.18797872340425525,0.3108723404255319,0.38821276595744686,0.5318085106382978,0.5976666666666667
0.0,0.0,0.0027056737588652484,0.07707446808510637,0.19821985815602836,0.3195673758865248,0.3957021276595746,0.5356808510638298,0.600195035460993
0.0,0.0,0.0037411347517730498,0.08294326241134752,0.20633687943262408,0.3278120567375887,0.4026347517730497,0.540854609929078,0.6041595744680851
0.0,0.0,0.0047021276595744675,0.08797163120567375,0.21210992907801413,0.33171631205673763,0.405209219858156,0.5408191489361702,0.6033900709219858
0.0,0.0,0.00576950354609929,0.09179787234042551,0.21589716312056734,0.33373758865248226,0.4065,0.5402304964539008,0.601
0.0,0.0,0.006680851063829786,0.0961063829787234,0.2211560283687943,0.3386843971631206,0.41058865248226956,0.5433156028368794,0.6037801418439717
0.0,0.0,0.007677304964539007,0.09859574468085103,0.22278014184397163,0.3390744680851065,0.410290780141844,0.541581560283688,0.6017446808510638
