0.02,0.03,0.05,0.08,0.1,0.13,0.15,0.18,0.2
0.0,0.0,0.0,0.023726950354609932,0.10063829787234041,0.1919574468085106,0.2821737588652482,0.3665567375886525,0.4435992907801419
0.0,0.0,0.00021631205673758864,0.04304255319148936,0.13159219858156027,0.22330851063829787,0.30477659574468086,0.3774574468085107,0.4435319148936171
0.0,0.0,0.0014680851063829789,0.05708510638297873,0.14944680851063827,0.23697872340425527,0.31116666666666665,0.3768687943262412,0.4370709219858156
0.0,0.0,0.0036950354609929076,0.06916666666666667,0.16225531914893615,0.2453829787234042,0.314322695035461,0.3761312056737589,0.43221985815602837
0.0,0.0,0.006085106382978723,0.0790354609929078,0.1717446808510638,0.25059929078014176,0.3168049645390071,0.37539361702127666,0.4288900709219859
0.0,0.0,0.008510638297872342,0.0864255319148936,0.1767588652482269,0.25213475177304956,0.3150992907801418,0.371304964539007,0.42184751773049645
0.0,0.0,0.009085106382978724,0.08570567375886524,0.1747943262411347,0.24777304964539004,0.309209219858156,0.36381560283687947,0.4136170212765957
0.0,0.0,0.009021276595744681,0.08265602836879432,0.17018794326241132,0.24241843971631202,0.30255319148936166,0.3566666666666667,0.4060992907801419
0.0,0.0,0.010390070921985817,0.08556382978723404,0.17139007092198577,0.24202127659574468,0.3009574468085106,0.3542765957446809,0.4028368794326242
0.0,0.0,0.01174822695035461,0.08791489361702128,0.1725248226950354,0.24096099290780137,0.2988368794326241,0.3503581560283688,0.39785815602836866
