0.02,0.03,0.05,0.08,0.1,0.13,0.15,0.18,0.2
0.0,0.0,0.0001276595744680851,0.04952127659574467,0.11988652482269502,0.24279078014184396,0.32749290780141843,0.44983333333333336,0.5275070921985816
0.0,0.0,0.0012943262411347516,0.07283333333333333,0.1529432624113475,0.28004255319148935,0.3613333333333334,0.4752198581560283,0.5457411347517731
0.0,0.0,0.0036028368794326243,0.08966312056737587,0.17416312056737587,0.29848936170212764,0.3743014184397163,0.47937588652482266,0.5444787234042553
0.0,0.0,0.006109929078014185,0.10124113475177304,0.18662411347517727,0.3075496453900709,0.3801914893617022,0.4805673758865248,0.5424326241134751
0.0,0.0,0.00875531914893617,0.10968794326241134,0.19568794326241135,0.31305319148936167,0.3832659574468085,0.4801524822695035,0.5394290780141844
0.0,0.0,0.011308510638297874,0.1163900709219858,0.20201773049645383,0.3169787234042553,0.3854680851063829,0.4801276595744681,0.537982269503546
0.0,0.0,0.013822695035460991,0.12183333333333332,0.20685460992907792,0.3189929078014184,0.3862198581560284,0.47846808510638295,0.5353794326241136
0.0,0.0,0.01623758865248227,0.12643262411347514,0.21080496453900707,0.3216276595744681,0.38809574468085106,0.4794893617021277,0.5357375886524823
0.0,0.0,0.018088652482269506,0.12996453900709218,0.2137198581560283,0.3224219858156029,0.3879078014184398,0.47816666666666663,0.5335070921985815
0.0,0.0,0.020163120567375886,0.13304255319148933,0.215886524822695,0.32281560283687943,0.3871985815602838,0.47586170212765966,0.5300212765957447
