Epochs,Loss,Accuracy (%),Silent labels (%),Time (s),Average Prediction Confidence
0.09973404255319149,98.3792,32.43555555555556,7.857777777777778,38.08779454231262,0.2862518518518767
0.19946808510638298,61.43857777777778,55.45777777777777,0.0,63.71177625656128,0.3397362962962413
0.2992021276595745,55.07324444444444,62.257777777777775,0.0,86.6779396533966,0.3739061728394808
0.39893617021276595,52.16808888888889,64.29333333333334,0.0,108.13066387176514,0.3978503703703562
0.49867021276595747,49.20911111111111,67.10222222222222,0.0,128.67436957359314,0.4176794074073947
0.598404255319149,47.08915555555556,68.96888888888888,0.0,148.5091254711151,0.43433185185183987
0.6981382978723404,45.62848888888889,69.69777777777779,0.0,167.74513959884644,0.4483758730158683
0.7978723404255319,44.42622222222222,70.29333333333334,0.0,186.59384441375732,0.46036222222223605
0.8976063829787234,42.83906666666667,71.36888888888889,0.0,205.03916096687317,0.4715364609053762
0.9973404255319149,42.75937777777778,70.90666666666667,0.0,223.1275520324707,0.48057066666670506
1.0970744680851063,40.81288888888889,73.34222222222222,0.008888888888888889,17.602012157440186,0.5796286149162988
1.196808510638298,39.8592,73.81333333333333,0.0,35.340290546417236,0.5848048048047981
1.2965425531914894,39.214666666666666,74.4888888888889,0.008888888888888889,52.914968729019165,0.5892575984055531
1.3962765957446808,38.61653333333334,74.46222222222222,0.0,70.28996253013611,0.5930559284115916
1.4960106382978724,38.14191111111111,75.01333333333334,0.0,87.52025580406189,0.5960428954423109
1.5957446808510638,37.733377777777775,75.55555555555556,0.0,104.60324454307556,0.5988839285714039
1.6954787234042554,36.97946666666667,75.80444444444444,0.0,121.43704581260681,0.6019876779264823
1.7952127659574468,36.331377777777774,75.89333333333333,0.0,138.18200707435608,0.6051921218877757
1.8949468085106382,36.12586666666667,76.38222222222223,0.0,154.90526723861694,0.6080250949314918
1.9946808510638299,36.596266666666665,75.45777777777778,0.0,171.39617323875427,0.6096951871658094
2.0944148936170213,35.02537777777778,77.24444444444445,0.008888888888888889,15.731260776519775,0.6416087636932887
2.1941489361702127,34.39231111111111,78.11555555555556,0.008888888888888889,32.05598473548889,0.6436468797564507
2.293882978723404,34.32351111111111,77.56444444444445,0.0,48.279773235321045,0.6448205128204717
2.393617021276596,33.51471111111111,78.7911111111111,0.0,64.37365078926086,0.6478048048047511
2.4933510638297873,34.26626666666667,77.71555555555555,0.0,80.2091794013977,0.6481605271038761
2.5930851063829787,33.559377777777776,78.08,0.0,95.98793196678162,0.6494299950174134
2.69281914893617,33.43262222222222,78.06222222222222,0.0,111.60757660865784,0.650599274898687
2.7925531914893615,33.184044444444446,78.28444444444445,0.0,127.15283703804016,0.651588366890379
2.8922872340425534,32.94937777777778,78.29333333333334,0.0,142.65063977241516,0.6527696638516463
2.992021276595745,33.05853333333334,78.56,0.0,158.1962513923645,0.6535347036045048
3.091755319148936,32.01186666666667,79.36888888888889,0.008888888888888889,14.370107412338257,0.6699452495974456
3.1914893617021276,31.756444444444444,79.72444444444444,0.0,29.558071613311768,0.6718580246913378
3.291223404255319,31.217244444444443,80.33777777777777,0.0,44.74957466125488,0.6746910197868705
3.390957446808511,31.782444444444444,79.0488888888889,0.0,59.73760414123535,0.6748238851095465
3.4906914893617023,31.444177777777778,79.67111111111112,0.0,74.65314745903015,0.6758036735922517
3.5904255319148937,30.928177777777776,80.24888888888889,0.0,89.62269139289856,0.6769029029028789
3.690159574468085,31.267866666666666,79.7688888888889,0.0,104.57476997375488,0.6773359023763482
3.7898936170212765,31.019377777777777,80.02666666666667,0.008888888888888889,119.34910655021667,0.6779139543583895
3.889627659574468,31.149822222222223,79.45777777777778,0.0,134.03739857673645,0.6782640757349568
3.9893617021276597,30.747644444444443,79.7688888888889,0.0,148.72754049301147,0.6792670250897227
4.089095744680851,30.051022222222223,80.94222222222223,0.0,13.289673805236816,0.6897844112769723
4.1888297872340425,29.790444444444443,80.84444444444443,0.0,27.88080859184265,0.6924913928012305
4.288563829787234,30.151244444444444,80.64,0.0,42.43003559112549,0.69152073732714
4.388297872340425,30.003733333333333,81.03111111111112,0.0,56.902358531951904,0.6918006088279487
4.488031914893617,30.138844444444445,80.76444444444445,0.0,71.36128401756287,0.6913835906750964
4.587765957446808,29.559066666666666,81.12888888888888,0.0,85.70949172973633,0.692449472096499
4.6875,29.2788,81.44,0.008888888888888889,99.95589399337769,0.6936600042982807
4.787234042553192,29.318088888888887,81.46666666666667,0.0,114.21679735183716,0.6944114114114007
4.886968085106383,29.294044444444445,81.36,0.0,128.40043544769287,0.6951984007996485
4.986702127659575,29.415466666666667,81.22666666666667,0.0,142.60760307312012,0.6955178197066352
5.086436170212766,28.962,81.60888888888888,0.008888888888888889,12.382429361343384,0.7037333333333591
5.1861702127659575,28.676133333333333,82.00888888888889,0.0,26.452041149139404,0.7045428571428378
5.285904255319149,28.6684,81.80444444444444,0.0,40.58922290802002,0.7052031007751532
5.38563829787234,28.561422222222223,81.67999999999999,0.008888888888888889,54.680705070495605,0.7058681992336631
5.485372340425532,27.915644444444446,82.84444444444445,0.0,68.77822518348694,0.7076493150684484
5.585106382978723,28.9848,81.67111111111112,0.0,82.78105545043945,0.7070676767676527
5.684840425531915,28.276355555555554,82.08,0.0,96.80765295028687,0.7076962243797046
5.784574468085107,28.469822222222223,81.52000000000001,0.0,110.65891528129578,0.7079465160075274
5.884308510638298,28.32888888888889,82.14222222222223,0.0,124.59442853927612,0.708284711779517
5.98404255319149,28.234577777777776,81.78666666666666,0.0,138.56656527519226,0.708713513513675
6.0837765957446805,28.21951111111111,82.0,0.0,11.8677396774292,0.7102292768959669
6.183510638297872,27.292355555555556,83.0488888888889,0.0,25.78280234336853,0.7155619967793683
6.283244680851064,27.710977777777778,82.72888888888889,0.0,39.58347296714783,0.7158706311945291
6.382978723404255,27.701333333333334,82.39999999999999,0.0,53.32331347465515,0.7159783950616643
6.482712765957447,27.536088888888887,82.52444444444444,0.0,67.072438955307,0.7165876951330966
6.582446808510638,27.615377777777777,82.64888888888889,0.0,80.82607841491699,0.7166910197868792
6.68218085106383,27.438844444444445,82.90666666666667,0.0,94.59137558937073,0.7171461988303879
6.781914893617022,27.78537777777778,82.29333333333332,0.008888888888888889,108.3348867893219,0.7171678004535008
6.881648936170213,28.050355555555555,82.02666666666667,0.008888888888888889,121.91777086257935,0.71689224065701
6.9813829787234045,27.16791111111111,83.04,0.0,135.568701505661,0.7174977416442364
7.0811170212765955,27.189333333333334,82.93333333333334,0.0,11.201682806015015,0.7224990892532099
7.180851063829787,27.12217777777778,83.18222222222222,0.0,24.757218837738037,0.7223986928104366
7.280585106382978,26.824044444444443,83.12888888888888,0.0,38.324997425079346,0.7236524486571455
7.38031914893617,26.5936,83.49333333333333,0.0,51.84934592247009,0.7247474747474137
7.480053191489362,27.09711111111111,83.28,0.0,65.35405039787292,0.7247386888272882
7.579787234042553,26.798933333333334,83.13777777777777,0.0,78.99657559394836,0.7250387359836583
7.679521276595745,27.116888888888887,82.68444444444445,0.0,92.4545030593872,0.7247862578821284
7.779255319148936,26.985155555555554,82.91555555555556,0.0,105.95151495933533,0.7246947288585369
7.878989361702128,26.66946666666667,83.18222222222222,0.0,119.36083674430847,0.7250038661960746
7.9787234042553195,26.916133333333335,83.19111111111111,0.0,132.7943217754364,0.7251727053141802
8.07845744680851,26.320133333333334,83.6,0.0,10.804097175598145,0.7308248587570847
8.178191489361701,26.19173333333333,83.46666666666667,0.0,24.207695245742798,0.7306898839137392
8.277925531914894,25.878666666666668,84.16,0.0,37.55626440048218,0.7325124933545486
8.377659574468085,26.0448,83.64444444444445,0.0,50.87168836593628,0.7331815336462628
8.477393617021276,26.518933333333333,83.29777777777778,0.0,64.24824976921082,0.7320383782110376
8.577127659574469,26.658,83.17333333333333,0.0,77.63325381278992,0.7314705581156891
8.67686170212766,26.712888888888887,83.01333333333332,0.0,91.00571012496948,0.7310203012442434
8.77659574468085,26.25177777777778,83.53777777777778,0.008888888888888889,104.32785820960999,0.7312252663622376
8.876329787234043,26.4844,83.44888888888889,0.0,117.67535138130188,0.7311124599562436
8.976063829787234,26.343511111111113,83.46666666666667,0.008888888888888889,130.94938778877258,0.730996669694388
9.075797872340425,25.898622222222222,83.78666666666666,0.0,10.280086517333984,0.7375438596491423
9.175531914893616,25.697955555555556,83.88444444444444,0.0,23.521933555603027,0.7374983164982976
9.275265957446809,26.01977777777778,83.84,0.0,36.73293685913086,0.7365045625335112
9.375,25.59337777777778,84.19555555555556,0.0,49.90239882469177,0.7371048069345417
9.474734042553191,25.804177777777777,84.08,0.008888888888888889,63.13018822669983,0.7370868347338507
9.574468085106384,25.735866666666666,83.79555555555555,0.0,76.31347703933716,0.7373456790123192
9.674202127659575,25.584044444444444,83.76,0.0,89.50092244148254,0.7374823580977198
9.773936170212766,26.165155555555554,83.50222222222222,0.0,102.67556548118591,0.7369621993127002
9.873670212765957,26.083155555555557,83.41333333333333,0.008888888888888889,115.83971405029297,0.7368205648571718
9.97340425531915,25.889955555555556,83.79555555555555,0.0,129.00946879386902,0.7367735276261586
