Epochs,Loss,Accuracy (%),Silent labels (%),Time (s),Average Prediction Confidence
0.09973404255319149,99.2172,28.897777777777776,8.79111111111111,34.35674166679382,0.0
0.19946808510638298,73.76542222222223,49.99111111111111,4.346666666666667,59.6184241771698,0.0
0.2992021276595745,65.4396888888889,52.42666666666666,1.9911111111111113,82.41816067695618,0.0
0.39893617021276595,64.11151111111111,53.38666666666667,2.1422222222222222,103.6334297657013,0.0
0.49867021276595747,63.73288888888889,52.78222222222222,2.2133333333333334,123.6676185131073,0.0
0.598404255319149,59.285244444444444,51.964444444444446,0.4088888888888889,143.06036829948425,0.0
0.6981382978723404,57.828355555555554,52.16888888888889,0.0,161.72300148010254,0.0
0.7978723404255319,57.80755555555555,51.79555555555555,0.0,180.0760736465454,0.0
0.8976063829787234,57.977022222222224,50.30222222222223,0.0,197.9396195411682,0.0
0.9973404255319149,58.163288888888886,49.92888888888889,0.0,215.4931390285492,0.0
1.0970744680851063,58.38742222222222,49.16444444444444,0.0,17.012428998947144,0.0
1.196808510638298,58.449555555555555,48.46222222222222,0.0,33.99617052078247,0.0
1.2965425531914894,58.6764,48.373333333333335,0.0,50.71249747276306,0.0
1.3962765957446808,58.48208888888889,48.44444444444444,0.0,67.34453225135803,0.0
1.4960106382978724,58.98791111111111,47.413333333333334,0.0,83.76704597473145,0.0
1.5957446808510638,58.958222222222226,46.62222222222222,0.0,99.95809555053711,0.0
1.6954787234042554,58.9888,46.94222222222223,0.0,115.7075924873352,0.0
1.7952127659574468,59.42968888888889,45.97333333333333,0.008888888888888889,131.39121890068054,0.0
1.8949468085106382,59.18782222222222,46.31111111111111,0.0,146.97972750663757,0.0
1.9946808510638299,59.78004444444444,45.208888888888886,0.0,162.38482522964478,0.0
2.0944148936170213,59.94164444444444,44.64,0.008888888888888889,14.713045597076416,0.0
2.1941489361702127,59.92662222222222,44.42666666666666,0.0,29.643150091171265,0.0
2.293882978723404,59.931955555555554,44.11555555555556,0.0,44.63503932952881,0.0
2.393617021276596,60.230666666666664,43.82222222222222,0.0,59.534698247909546,0.0
2.4933510638297873,60.287333333333336,44.062222222222225,0.0,74.35536098480225,0.0
2.5930851063829787,60.620177777777776,42.53333333333333,0.0,89.14644527435303,0.0
2.69281914893617,60.53702222222222,42.995555555555555,0.0,103.74780297279358,0.0
2.7925531914893615,60.46688888888889,43.324444444444445,0.0,118.49560022354126,0.0
2.8922872340425534,60.87382222222222,42.61333333333333,0.0,133.09427881240845,0.0
2.992021276595745,60.931466666666665,42.648888888888884,0.0,147.61721515655518,0.0
3.091755319148936,61.16097777777778,42.48888888888889,0.008888888888888889,13.611064910888672,0.0
3.1914893617021276,61.33462222222222,41.60888888888889,0.0,27.739426374435425,0.0
3.291223404255319,61.084177777777775,41.89333333333333,0.0,41.89731001853943,0.0
3.390957446808511,61.330533333333335,41.38666666666666,0.008888888888888889,56.109007596969604,0.0
3.4906914893617023,61.27386666666666,41.342222222222226,0.0,70.21719217300415,0.0
3.5904255319148937,61.4336,41.08444444444444,0.0,84.298579454422,0.0
3.690159574468085,61.422177777777776,41.25333333333333,0.0,98.1898238658905,0.0
3.7898936170212765,61.80888888888889,40.75555555555555,0.0,112.19741916656494,0.0
3.889627659574468,61.79528888888889,40.52444444444445,0.0,126.10950040817261,0.0
3.9893617021276597,61.94462222222222,40.69333333333333,0.0,140.03135657310486,0.0
4.089095744680851,62.13346666666666,40.41777777777778,0.0,12.700454711914062,0.0
4.1888297872340425,62.48773333333333,39.297777777777775,0.0,26.462302207946777,0.0
4.288563829787234,62.21577777777778,40.071111111111115,0.0,40.20787596702576,0.0
4.388297872340425,62.599066666666666,39.51111111111111,0.008888888888888889,54.03956937789917,0.0
4.488031914893617,62.647644444444445,39.07555555555556,0.017777777777777778,67.73861265182495,0.0
4.587765957446808,62.386266666666664,39.47555555555556,0.0,81.5337073802948,0.0
4.6875,62.50608888888889,39.6,0.0,95.17984795570374,0.0
4.787234042553192,62.75728888888889,39.18222222222222,0.0,108.7208936214447,0.0
4.886968085106383,62.4972,39.69777777777777,0.0,122.5304799079895,0.0
4.986702127659575,63.17008888888889,39.19111111111111,0.0,136.0806655883789,0.0
5.086436170212766,63.3628,38.96,0.008888888888888889,11.821575403213501,0.0
5.1861702127659575,63.501511111111114,38.31111111111111,0.0,25.183860301971436,0.0
5.285904255319149,63.37471111111111,38.50666666666667,0.0,38.54373741149902,0.0
5.38563829787234,63.57991111111111,38.355555555555554,0.0,51.87924861907959,0.0
5.485372340425532,64.19106666666667,37.77777777777778,0.008888888888888889,65.26832985877991,0.0
5.585106382978723,63.90191111111111,37.92888888888889,0.0,78.58275771141052,0.0
5.684840425531915,64.1023111111111,37.67111111111111,0.0,91.87416577339172,0.0
5.784574468085107,64.07986666666666,37.733333333333334,0.0,105.10410833358765,0.0
5.884308510638298,64.14253333333333,38.08888888888889,0.0,118.30868864059448,0.0
5.98404255319149,64.49626666666667,37.964444444444446,0.0,131.50958561897278,0.0
6.0837765957446805,64.65297777777778,37.724444444444444,0.0,11.196760892868042,0.0
6.183510638297872,64.88755555555555,36.995555555555555,0.0,24.134323596954346,0.0
6.283244680851064,64.96373333333334,36.791111111111114,0.0,37.10657978057861,0.0
6.382978723404255,65.32066666666667,36.782222222222224,0.0,49.9846076965332,0.0
6.482712765957447,65.55377777777778,37.37777777777778,0.0,62.91226410865784,0.0
6.582446808510638,64.73591111111111,37.68,0.0,76.05384111404419,0.0
6.68218085106383,65.30266666666667,36.648888888888884,0.0,88.91380095481873,0.0
6.781914893617022,65.32066666666667,36.977777777777774,0.0,101.73637676239014,0.0
6.881648936170213,65.4028,37.111111111111114,0.0,114.52610182762146,0.0
6.9813829787234045,65.82386666666666,36.577777777777776,0.0,127.3278431892395,0.0
7.0811170212765955,66.02884444444445,36.648888888888884,0.0,10.614165544509888,0.0
7.180851063829787,66.18466666666667,36.284444444444446,0.0,23.317729949951172,0.0
7.280585106382978,65.9476,36.391111111111115,0.0,35.96588087081909,0.0
7.38031914893617,66.23644444444444,35.76,0.0,48.74056339263916,0.0
7.480053191489362,66.90644444444445,35.306666666666665,0.008888888888888889,61.46231269836426,0.0
7.579787234042553,66.24471111111112,35.99111111111111,0.0,74.16684675216675,0.0
7.679521276595745,66.9208,35.315555555555555,0.0,86.8275830745697,0.0
7.779255319148936,66.96666666666667,35.46666666666667,0.0,99.50733637809753,0.0
7.878989361702128,66.73293333333334,35.715555555555554,0.0,112.22316718101501,0.0
7.9787234042553195,67.11515555555556,35.68,0.0,124.82621765136719,0.0
8.07845744680851,67.37893333333334,35.07555555555555,0.0,10.07408595085144,0.0
8.178191489361701,67.39666666666666,34.86222222222222,0.0,22.572445154190063,0.0
8.277925531914894,67.22857777777777,35.06666666666667,0.0,35.18901300430298,0.0
8.377659574468085,67.3767111111111,34.897777777777776,0.0,47.76627850532532,0.0
8.477393617021276,67.66884444444445,35.093333333333334,0.0,60.37277674674988,0.0
8.577127659574469,67.7876,34.77333333333333,0.0,72.95910787582397,0.0
8.67686170212766,68.1084,34.257777777777775,0.0,85.47530603408813,0.0
8.77659574468085,68.14595555555556,34.46222222222222,0.0,97.93583393096924,0.0
8.876329787234043,68.01031111111111,34.586666666666666,0.0,110.50734686851501,0.0
8.976063829787234,68.75222222222222,34.10666666666667,0.0,122.9808235168457,0.0
9.075797872340425,68.89928888888889,33.76888888888889,0.0,9.677184820175171,0.0
9.175531914893616,69.25071111111112,33.644444444444446,0.0,22.137028455734253,0.0
9.275265957446809,69.56813333333334,32.92444444444445,0.0,34.667511224746704,0.0
9.375,69.8096,33.61777777777778,0.0,47.21670961380005,0.0
9.474734042553191,70.33226666666667,33.12888888888889,0.0,59.79605007171631,0.0
9.574468085106384,70.83764444444445,32.92444444444445,0.0,72.49424886703491,0.0
9.674202127659575,72.0216,32.08,0.0,85.18938755989075,0.0
9.773936170212766,72.23151111111112,32.266666666666666,0.0,97.9915235042572,0.0
9.873670212765957,72.92124444444444,31.74222222222222,0.0,110.84448981285095,0.0
9.97340425531915,73.86382222222223,31.973333333333333,0.0,123.7512354850769,0.0
