Epochs,Loss,Accuracy (%),Silent labels (%),Time (s),Average Prediction Confidence
0.09973404255319149,95.37008888888889,33.111111111111114,6.408888888888889,38.24844431877136,0.2925096296296566
0.19946808510638298,66.68426666666667,55.51111111111111,2.1866666666666665,63.54672026634216,0.3395733333332804
0.2992021276595745,56.54013333333333,61.111111111111114,0.3911111111111111,85.86321377754211,0.37250370370367797
0.39893617021276595,52.30413333333333,63.60888888888889,0.0,106.70850682258606,0.3965037037036928
0.49867021276595747,49.09888888888889,67.06666666666666,0.0,126.61493039131165,0.41680829629628674
0.598404255319149,47.02031111111111,68.49777777777778,0.0,145.83344316482544,0.4337461728394962
0.6981382978723404,45.36231111111111,69.52000000000001,0.0,164.47392082214355,0.44808634920634527
0.7978723404255319,44.21848888888889,70.4711111111111,0.0,182.7351267337799,0.46039259259260734
0.8976063829787234,42.5612,71.17333333333333,0.008888888888888889,200.7445695400238,0.4717227983539398
0.9973404255319149,42.35466666666667,70.77333333333333,0.0,218.47615885734558,0.48101214814819104
1.0970744680851063,40.36017777777778,73.2088888888889,0.0,17.72115397453308,0.5807245053272562
1.196808510638298,39.379377777777776,73.86666666666667,0.0,35.87798309326172,0.5856516516516397
1.2965425531914894,38.56186666666667,74.21333333333334,0.0,53.33738088607788,0.5903218734429152
1.3962765957446808,37.89306666666667,73.80444444444444,0.0,70.24098920822144,0.5941864280387301
1.4960106382978724,37.39924444444444,75.02222222222223,0.0,87.10774517059326,0.5973369079534727
1.5957446808510638,37.18995555555556,75.04888888888888,0.0,103.66028094291687,0.6002043650793347
1.6954787234042554,36.76582222222222,75.73333333333333,0.0,119.62376832962036,0.6032904185255884
1.7952127659574468,36.42146666666667,75.81333333333333,0.0,135.76648116111755,0.6065113340765522
1.8949468085106382,36.32537777777778,76.13333333333333,0.017777777777777778,152.62365412712097,0.6091543668482851
1.9946808510638299,36.709155555555554,75.80444444444444,0.0,168.93983268737793,0.6108294711824478
2.0944148936170213,35.194177777777774,77.43111111111111,0.0,15.214720487594604,0.6428982785602675
2.1941489361702127,34.70124444444444,77.57333333333334,0.0,30.9075870513916,0.6439695585996766
2.293882978723404,34.406844444444445,77.42222222222223,0.0,46.72193241119385,0.6450658622422913
2.393617021276596,33.446,78.82666666666667,0.0,62.71508193016052,0.6482537537537009
2.4933510638297873,34.006,77.5111111111111,0.0,79.45225858688354,0.6488613357292147
2.5930851063829787,33.29337777777778,78.21333333333334,0.0,95.73878908157349,0.650433482810144
2.69281914893617,33.10008888888889,78.15111111111112,0.0,111.7497866153717,0.651692045212196
2.7925531914893615,32.734,78.04444444444445,0.0,127.35748267173767,0.652799403430284
2.8922872340425534,32.382933333333334,77.98222222222222,0.008888888888888889,143.98353791236877,0.6541639344262563
2.992021276595745,32.251422222222224,78.56888888888889,0.0,160.33593559265137,0.6550604706584301
3.091755319148936,31.2328,79.33333333333333,0.0,15.518107414245605,0.6717809983897174
3.1914893617021276,30.874,79.70666666666666,0.0,31.491636514663696,0.6741388888888739
3.291223404255319,30.422666666666668,80.24,0.008888888888888889,48.05828785896301,0.6773170979197994
3.390957446808511,31.195555555555554,79.10222222222222,0.008888888888888889,63.92504048347473,0.6774467120180915
3.4906914893617023,32.15284444444445,79.74222222222222,0.02666666666666667,80.10340666770935,0.6787485697078846
3.5904255319148937,33.422177777777776,80.24,0.06222222222222223,96.27538084983826,0.6802182182181997
3.690159574468085,35.30222222222222,79.83111111111111,0.10666666666666667,112.6176266670227,0.6808649111539168
3.7898936170212765,35.83631111111111,80.08888888888889,0.10666666666666667,129.2373480796814,0.6814635241301822
3.889627659574468,35.54195555555555,79.39555555555555,0.12444444444444445,146.26103687286377,0.6818774289985404
3.9893617021276597,34.755066666666664,79.94666666666667,0.08888888888888889,162.66804671287537,0.682949820788651
4.089095744680851,34.508044444444444,80.80000000000001,0.08888888888888889,15.659539699554443,0.6944875621890797
4.1888297872340425,34.65951111111111,80.51555555555555,0.12444444444444445,31.45698380470276,0.6979029733959162
4.288563829787234,35.742311111111114,80.44444444444444,0.20444444444444446,48.380117416381836,0.6968827444956066
4.388297872340425,35.39902222222222,80.71111111111111,0.08,64.24067831039429,0.6974840182647888
4.488031914893617,36.30217777777778,80.78222222222222,0.06222222222222223,80.37424778938293,0.6977402361489109
4.587765957446808,36.455733333333335,81.29777777777778,0.05333333333333334,97.4360682964325,0.6989864253393335
4.6875,36.93648888888889,81.41333333333334,0.044444444444444446,114.00939679145813,0.700400601762278
4.787234042553192,38.40595555555556,80.96,0.08888888888888889,131.46814608573914,0.7014211711711479
4.886968085106383,39.86817777777778,81.2,0.13333333333333333,148.07504725456238,0.7023388305847444
4.986702127659575,40.91133333333333,80.90666666666667,0.05333333333333334,164.10653853416443,0.7027625037437455
5.086436170212766,39.919422222222224,81.31555555555555,0.07111111111111111,14.22074270248413,0.7124991452991675
5.1861702127659575,39.019466666666666,82.05333333333333,0.02666666666666667,30.033535957336426,0.7123587301587107
5.285904255319149,37.89004444444444,81.71555555555555,0.035555555555555556,46.08379673957825,0.7130397932816109
5.38563829787234,35.8824,81.52000000000001,0.0,61.88053512573242,0.7128245210727424
5.485372340425532,32.928355555555555,83.06666666666666,0.0,77.55703449249268,0.7144949771689093
5.585106382978723,33.11462222222222,81.31555555555555,0.008888888888888889,93.73042559623718,0.7138464646464391
5.684840425531915,32.84671111111111,82.18666666666667,0.035555555555555556,110.0317530632019,0.7145984897518688
5.784574468085107,33.52168888888889,81.47555555555556,0.008888888888888889,126.97940826416016,0.7148896421845438
5.884308510638298,34.17653333333333,81.99111111111111,0.035555555555555556,143.34731650352478,0.7154212197160178
5.98404255319149,35.47213333333333,81.91111111111111,0.10666666666666667,160.65476822853088,0.7156918918920389
6.0837765957446805,36.2024,81.79555555555555,0.05333333333333334,14.515551805496216,0.7187372134039034
6.183510638297872,35.40453333333333,83.00444444444445,0.035555555555555556,31.38333535194397,0.7243735909822722
6.283244680851064,36.11511111111111,82.8,0.05333333333333334,48.24965190887451,0.7244423578507728
6.382978723404255,36.69751111111111,82.16,0.02666666666666667,64.76497435569763,0.724902777777727
6.482712765957447,34.75048888888889,82.53333333333333,0.044444444444444446,80.76122045516968,0.7250835629017047
6.582446808510638,33.224222222222224,82.33777777777777,0.02666666666666667,96.74500799179077,0.7249345509893163
6.68218085106383,32.91497777777778,83.18222222222222,0.017777777777777778,113.10301804542542,0.725341996967712
6.781914893617022,34.29808888888889,82.58666666666666,0.035555555555555556,129.0422067642212,0.7252592592592508
6.881648936170213,35.53408888888889,82.14222222222223,0.035555555555555556,145.03363251686096,0.7249706720295653
6.9813829787234045,35.370311111111114,83.23555555555555,0.0,160.96265482902527,0.7256711833786497
7.0811170212765955,35.65657777777778,82.90666666666667,0.008888888888888889,13.278120040893555,0.7318907103825325
7.180851063829787,34.2268,83.09333333333333,0.008888888888888889,29.424504041671753,0.7298235294117481
7.280585106382978,31.993644444444445,83.47555555555556,0.0,45.38186454772949,0.7310963665086518
7.38031914893617,31.407733333333333,83.75111111111111,0.02666666666666667,61.308818101882935,0.7325236985236483
7.480053191489362,32.65031111111111,83.47555555555556,0.017777777777777778,77.33373141288757,0.732770698676479
7.579787234042553,33.65142222222222,83.25333333333333,0.044444444444444446,93.5085916519165,0.733231396534123
7.679521276595745,34.91053333333333,82.88,0.035555555555555556,109.53445625305176,0.7331272015655392
7.779255319148936,35.495066666666666,82.79111111111112,0.008888888888888889,125.52370166778564,0.7328904057641127
7.878989361702128,34.36595555555556,83.18222222222222,0.0,141.5339231491089,0.7331914607497774
7.9787234042553195,33.462266666666665,82.81777777777778,0.008888888888888889,157.57239365577698,0.7330609903383202
8.07845744680851,31.764,83.58222222222223,0.017777777777777778,12.85161542892456,0.7385687382297789
8.178191489361701,31.491244444444444,83.36888888888889,0.02666666666666667,28.847960948944092,0.7386268656716284
8.277925531914894,32.09835555555556,84.32888888888888,0.044444444444444446,45.19103288650513,0.7407166400850248
8.377659574468085,33.202622222222224,83.6,0.02666666666666667,61.35137128829956,0.7411158059467364
8.477393617021276,33.779555555555554,83.30666666666666,0.0,77.59820294380188,0.7401448467966142
8.577127659574469,34.13013333333333,83.64444444444445,0.0,93.98328399658203,0.7400532514080501
8.67686170212766,35.76533333333333,82.85333333333334,0.09777777777777777,110.50642967224121,0.7399764243614555
8.77659574468085,36.96977777777778,83.66222222222223,0.09777777777777777,127.03143835067749,0.7401689497716576
8.876329787234043,38.83533333333333,83.18222222222222,0.1688888888888889,143.69299006462097,0.7398961389310879
8.976063829787234,41.391777777777776,83.27111111111111,0.1511111111111111,160.58088207244873,0.7397880714503122
9.075797872340425,43.47346666666667,83.49333333333333,0.1511111111111111,13.166282653808594,0.7452241715399798
9.175531914893616,45.68555555555555,84.08,0.11555555555555555,30.106552124023438,0.7459797979797862
9.275265957446809,44.3216,83.82222222222222,0.05333333333333334,47.08509421348572,0.7458829844336783
9.375,39.44551111111111,84.07111111111111,0.02666666666666667,63.93257975578308,0.7463546099290344
9.474734042553191,35.93302222222222,84.28444444444445,0.017777777777777778,80.75751256942749,0.7459682539682158
9.574468085106384,35.45457777777778,83.7688888888889,0.02666666666666667,97.72677659988403,0.7460329218106707
9.674202127659575,36.16466666666667,84.21333333333332,0.035555555555555556,114.74450421333313,0.7462195923734126
9.773936170212766,36.99928888888889,83.54666666666667,0.035555555555555556,131.79627966880798,0.745773959526516
9.873670212765957,38.22511111111111,83.75111111111111,0.044444444444444446,149.00603008270264,0.7456769829190506
9.97340425531915,39.23951111111111,83.99111111111111,0.08,166.2505965232849,0.7458099574986121
