Epochs,Loss,Accuracy (%),Silent labels (%),Time (s),Average Prediction Confidence
0.09973404255319149,93.73973333333333,32.897777777777776,5.502222222222223,32.06356930732727,0.0
0.19946808510638298,61.43817777777778,55.76,0.008888888888888889,54.67484092712402,0.0
0.2992021276595745,55.41422222222222,61.839999999999996,0.017777777777777778,75.01102209091187,0.0
0.39893617021276595,51.62413333333333,65.1288888888889,0.0,94.12650990486145,0.0
0.49867021276595747,49.09368888888889,67.28,0.0,112.30408978462219,0.0
0.598404255319149,47.29871111111111,67.92,0.0,129.83849430084229,0.0
0.6981382978723404,45.44506666666667,69.49333333333333,0.008888888888888889,146.8233780860901,0.0
0.7978723404255319,43.9204,70.80888888888889,0.0,163.33228278160095,0.0
0.8976063829787234,42.80413333333333,71.04,0.008888888888888889,179.5068655014038,0.0
0.9973404255319149,41.885244444444446,72.05333333333334,0.0,195.50496363639832,0.0
1.0970744680851063,40.861111111111114,72.67555555555556,0.008888888888888889,15.545026302337646,0.0
1.196808510638298,39.94511111111111,73.46666666666667,0.0,30.890305995941162,0.0
1.2965425531914894,39.22555555555556,73.41333333333333,0.0,45.97789287567139,0.0
1.3962765957446808,37.75382222222222,74.86222222222221,0.008888888888888889,60.83329772949219,0.0
1.4960106382978724,37.25928888888889,74.94222222222223,0.0,75.41686964035034,0.0
1.5957446808510638,37.0924,74.65777777777778,0.0,89.72410249710083,0.0
1.6954787234042554,36.02831111111111,76.07111111111111,0.0,103.83640766143799,0.0
1.7952127659574468,35.5812,76.22222222222223,0.0,117.73016858100891,0.0
1.8949468085106382,35.260622222222224,76.16000000000001,0.008888888888888889,131.507404088974,0.0
1.9946808510638299,34.93728888888889,76.29333333333334,0.008888888888888889,145.11634421348572,0.0
2.0944148936170213,34.76728888888889,76.89777777777778,0.0,13.06412649154663,0.0
2.1941489361702127,34.64248888888889,77.13777777777779,0.0,26.307734727859497,0.0
2.293882978723404,34.7808,77.23555555555556,0.0,39.70513105392456,0.0
2.393617021276596,34.39324444444444,78.4,0.0,53.482338666915894,0.0
2.4933510638297873,34.5196,78.59555555555555,0.008888888888888889,67.52204632759094,0.0
2.5930851063829787,34.76302222222222,77.94666666666666,0.0,81.99332046508789,0.0
2.69281914893617,33.77795555555556,79.36,0.0,96.67715811729431,0.0
2.7925531914893615,33.107733333333336,79.59111111111112,0.008888888888888889,111.53807663917542,0.0
2.8922872340425534,33.245244444444445,79.11111111111111,0.008888888888888889,126.53829073905945,0.0
2.992021276595745,32.921822222222225,79.41333333333334,0.0,141.74406337738037,0.0
3.091755319148936,32.89977777777778,80.08888888888889,0.008888888888888889,14.592561960220337,0.0
3.1914893617021276,32.99293333333333,79.84,0.0,30.28565239906311,0.0
3.291223404255319,32.47328888888889,80.39111111111112,0.0,46.38376522064209,0.0
3.390957446808511,31.48742222222222,81.66222222222223,0.0,62.47043776512146,0.0
3.4906914893617023,31.17257777777778,81.52000000000001,0.0,78.64966678619385,0.0
3.5904255319148937,31.45551111111111,80.89777777777778,0.008888888888888889,94.93646454811096,0.0
3.690159574468085,30.13071111111111,82.42666666666668,0.0,111.13003754615784,0.0
3.7898936170212765,30.1988,82.33777777777777,0.017777777777777778,127.40915060043335,0.0
3.889627659574468,30.401422222222223,81.67111111111112,0.0,143.78968930244446,0.0
3.9893617021276597,30.267644444444443,81.92,0.0,159.99100422859192,0.0
4.089095744680851,29.781466666666667,82.4888888888889,0.0,14.638206005096436,0.0
4.1888297872340425,30.186844444444443,82.11555555555556,0.008888888888888889,30.7029812335968,0.0
4.288563829787234,29.7932,82.59555555555555,0.008888888888888889,46.88214588165283,0.0
4.388297872340425,29.308533333333333,83.81333333333333,0.0,63.20470380783081,0.0
4.488031914893617,29.227555555555554,83.83111111111111,0.008888888888888889,79.44978046417236,0.0
4.587765957446808,29.7552,83.07555555555555,0.0,95.83302211761475,0.0
4.6875,28.934977777777778,84.22222222222221,0.017777777777777778,112.20320534706116,0.0
4.787234042553192,29.312622222222224,83.64444444444445,0.0,128.652334690094,0.0
4.886968085106383,29.398666666666667,83.58222222222223,0.008888888888888889,145.17437386512756,0.0
4.986702127659575,29.44977777777778,83.66222222222223,0.0,161.78397274017334,0.0
5.086436170212766,29.410755555555557,84.13333333333334,0.008888888888888889,14.602189779281616,0.0
5.1861702127659575,29.398533333333333,83.92888888888889,0.008888888888888889,31.224748849868774,0.0
5.285904255319149,28.858622222222223,84.08,0.008888888888888889,47.99171686172485,0.0
5.38563829787234,28.805777777777777,85.22666666666666,0.0,64.76494121551514,0.0
5.485372340425532,28.692444444444444,85.08444444444444,0.017777777777777778,81.59795308113098,0.0
5.585106382978723,28.87182222222222,84.65777777777778,0.0,98.37239646911621,0.0
5.684840425531915,28.4828,85.28888888888889,0.0,115.2768805027008,0.0
5.784574468085107,28.860533333333333,84.47111111111111,0.008888888888888889,132.13858079910278,0.0
5.884308510638298,28.621555555555556,84.96000000000001,0.0,148.96870803833008,0.0
5.98404255319149,28.74737777777778,84.94222222222221,0.017777777777777778,165.76600646972656,0.0
6.0837765957446805,28.648355555555554,85.2088888888889,0.0,14.260884761810303,0.0
6.183510638297872,28.972133333333332,84.95111111111112,0.0,31.145928144454956,0.0
6.283244680851064,28.34791111111111,85.29777777777777,0.017777777777777778,47.981552839279175,0.0
6.382978723404255,28.316977777777776,86.18666666666667,0.0,64.94906187057495,0.0
6.482712765957447,28.112133333333333,85.93777777777778,0.02666666666666667,81.99054765701294,0.0
6.582446808510638,28.526888888888887,85.50222222222223,0.017777777777777778,98.99518632888794,0.0
6.68218085106383,28.187244444444445,85.97333333333333,0.008888888888888889,116.08041214942932,0.0
6.781914893617022,28.639777777777777,85.40444444444445,0.044444444444444446,133.21749114990234,0.0
6.881648936170213,28.492,85.69777777777777,0.017777777777777778,150.3875811100006,0.0
6.9813829787234045,28.696266666666666,85.55555555555556,0.02666666666666667,167.5488998889923,0.0
7.0811170212765955,28.493777777777776,86.07111111111111,0.008888888888888889,14.310290813446045,0.0
7.180851063829787,28.498977777777778,85.89333333333333,0.05333333333333334,31.52288031578064,0.0
7.280585106382978,28.28951111111111,86.08,0.044444444444444446,48.675230503082275,0.0
7.38031914893617,27.95488888888889,86.64,0.044444444444444446,65.89127659797668,0.0
7.480053191489362,27.917555555555555,86.67555555555555,0.044444444444444446,83.03188562393188,0.0
7.579787234042553,28.654222222222224,86.06222222222222,0.008888888888888889,100.20446443557739,0.0
7.679521276595745,27.930977777777777,86.76444444444445,0.035555555555555556,117.3165295124054,0.0
7.779255319148936,28.525111111111112,86.32888888888888,0.05333333333333334,134.48076558113098,0.0
7.878989361702128,28.310755555555556,86.56888888888888,0.035555555555555556,151.70029497146606,0.0
7.9787234042553195,28.533333333333335,86.33777777777777,0.017777777777777778,169.06209897994995,0.0
8.07845744680851,28.268355555555555,86.80888888888889,0.08,13.770575046539307,0.0
8.178191489361701,28.985688888888888,86.36444444444444,0.044444444444444446,31.015016317367554,0.0
8.277925531914894,28.265066666666666,86.71111111111112,0.05333333333333334,48.15847969055176,0.0
8.377659574468085,28.006355555555555,87.17333333333333,0.07111111111111111,65.4658944606781,0.0
8.477393617021276,27.960933333333333,87.41333333333333,0.05333333333333334,82.6217348575592,0.0
8.577127659574469,28.5592,86.59555555555556,0.044444444444444446,99.94398713111877,0.0
8.67686170212766,28.374044444444444,87.26222222222222,0.05333333333333334,117.22731447219849,0.0
8.77659574468085,28.91462222222222,86.82666666666667,0.06222222222222223,134.66026663780212,0.0
8.876329787234043,28.460177777777776,86.92444444444445,0.07111111111111111,152.04189372062683,0.0
8.976063829787234,28.471155555555555,87.16444444444444,0.044444444444444446,169.38631105422974,0.0
9.075797872340425,29.0648,87.10222222222222,0.044444444444444446,13.32888150215149,0.0
9.175531914893616,28.999955555555555,87.01333333333334,0.05333333333333334,30.657413959503174,0.0
9.275265957446809,28.519466666666666,86.97777777777777,0.08888888888888889,47.96454691886902,0.0
9.375,28.74813333333333,87.63555555555556,0.044444444444444446,65.36452913284302,0.0
9.474734042553191,28.398622222222222,87.90222222222222,0.044444444444444446,82.77722692489624,0.0
9.574468085106384,28.66142222222222,87.10222222222222,0.13333333333333333,100.20857739448547,0.0
9.674202127659575,29.10511111111111,87.70666666666666,0.13333333333333333,117.60618042945862,0.0
9.773936170212766,29.5128,87.08444444444444,0.10666666666666667,134.96263718605042,0.0
9.873670212765957,29.467466666666667,87.15555555555555,0.1511111111111111,152.3662874698639,0.0
9.97340425531915,29.523822222222222,87.29777777777777,0.08,169.82394981384277,0.0
