Epochs,Loss,Accuracy (%),Silent labels (%),Time (s),Average Prediction Confidence
0.09973404255319149,96.75124444444444,32.76444444444444,7.253333333333334,38.0873167514801,0.28807111111113687
0.19946808510638298,66.46888888888888,55.58222222222222,2.1866666666666665,64.08726286888123,0.3380829629629119
0.2992021276595745,56.35608888888889,61.84888888888889,0.4088888888888889,87.36622166633606,0.37210271604935824
0.39893617021276595,52.2176,64.30222222222223,0.0,109.01888251304626,0.3962740740740619
0.49867021276595747,49.303466666666665,67.16444444444446,0.0,129.6828215122223,0.41631288888887585
0.598404255319149,47.330133333333336,68.50666666666667,0.0,149.76210260391235,0.43273481481480225
0.6981382978723404,45.86097777777778,69.52888888888889,0.0,169.12903118133545,0.4466175661375605
0.7978723404255319,44.605066666666666,70.16,0.0,188.12054753303528,0.458529629629642
0.8976063829787234,43.129377777777776,71.18222222222222,0.0,206.8211452960968,0.4694953086420014
0.9973404255319149,43.105155555555555,70.56888888888889,0.0,225.1418900489807,0.4783911111111503
1.0970744680851063,41.153911111111114,73.43111111111111,0.0,17.703954458236694,0.5747092846271058
1.196808510638298,40.272355555555556,73.79555555555555,0.0,35.58634090423584,0.5794804804804742
1.2965425531914894,39.59226666666667,73.73333333333333,0.0,53.225499629974365,0.5839262580966322
1.3962765957446808,39.11208888888889,74.11555555555556,0.0,70.63110589981079,0.5875510812825833
1.4960106382978724,38.70497777777778,74.84444444444445,0.0,87.96115446090698,0.5902436699433498
1.5957446808510638,38.224177777777776,75.13777777777779,0.0,105.32516431808472,0.5930763888888554
1.6954787234042554,37.54035555555556,75.44,0.0,122.30301427841187,0.59594136392605
1.7952127659574468,36.97871111111111,75.64444444444445,0.0,139.02989983558655,0.5986473429951646
1.8949468085106382,36.83902222222222,76.20444444444445,0.0,155.65107226371765,0.6010896483407699
1.9946808510638299,37.41111111111111,75.00444444444445,0.0,172.12886714935303,0.6024515745692518
2.0944148936170213,35.898133333333334,76.83555555555556,0.0,15.59542727470398,0.6300782472613633
2.1941489361702127,35.32911111111111,77.50222222222222,0.0,31.77966547012329,0.6318721461187039
2.293882978723404,35.37248888888889,77.05777777777779,0.0,48.02179718017578,0.6327621920562718
2.393617021276596,34.45128888888889,78.67555555555555,0.0,63.889214277267456,0.6354309309308777
2.4933510638297873,35.202933333333334,77.37777777777778,0.0,79.59980893135071,0.6359868224018657
2.5930851063829787,34.77053333333333,77.65333333333334,0.0,95.23851442337036,0.6368221225709731
2.69281914893617,34.70066666666666,77.73333333333333,0.0,110.75104832649231,0.6373486884196948
2.7925531914893615,34.52071111111111,77.63555555555556,0.0,126.1722047328949,0.6379209545115558
2.8922872340425534,34.193644444444445,77.74222222222222,0.0,141.495502948761,0.6388759728431962
2.992021276595745,34.17617777777778,77.99111111111111,0.0,156.7837677001953,0.6396610068514386
3.091755319148936,33.25066666666667,78.86222222222223,0.0,14.236922979354858,0.6555491143317447
3.1914893617021276,33.10444444444445,79.13777777777777,0.0,29.420751094818115,0.6563333333333177
3.291223404255319,32.564,79.65333333333334,0.0,44.455288887023926,0.6585306950785998
3.390957446808511,33.156888888888886,78.62222222222222,0.0,59.54728150367737,0.658063492063438
3.4906914893617023,32.977777777777774,79.03999999999999,0.0,74.4844617843628,0.658476362541361
3.5904255319148937,32.4984,79.38666666666667,0.0,89.29111099243164,0.6591851851851611
3.690159574468085,32.73844444444445,79.38666666666667,0.0,104.16306066513062,0.6595581245985728
3.7898936170212765,32.672577777777775,79.45777777777778,0.008888888888888889,118.98588156700134,0.6598406285072919
3.889627659574468,32.83128888888889,78.93333333333334,0.0,133.69384598731995,0.6599488457067005
3.9893617021276597,32.36191111111111,79.19111111111111,0.0,148.34688472747803,0.6606356033453797
4.089095744680851,31.895155555555554,80.11555555555555,0.0,13.214672803878784,0.6685041459370026
4.1888297872340425,31.766266666666667,80.07111111111112,0.0,27.891570806503296,0.669571205007814
4.288563829787234,32.08293333333334,79.44,0.0,42.37755107879639,0.6690855094725671
4.388297872340425,31.651066666666665,80.41777777777777,0.0,56.76168465614319,0.6696118721460704
4.488031914893617,31.9528,79.88444444444444,0.0,71.20317816734314,0.6694181047532187
4.587765957446808,31.442355555555555,80.58666666666666,0.0,85.60859417915344,0.6702262443438712
4.6875,31.15097777777778,80.50666666666667,0.0,99.90527486801147,0.671411132602611
4.787234042553192,31.248666666666665,80.49777777777778,0.0,114.20749878883362,0.6722552552552543
4.886968085106383,31.26671111111111,80.16,0.0,128.446937084198,0.6728615692154197
4.986702127659575,31.21968888888889,80.53333333333333,0.0,142.7406508922577,0.6732973944295817
5.086436170212766,30.976311111111112,80.72,0.0,12.390700101852417,0.6810940170940394
5.1861702127659575,30.668044444444444,81.79555555555555,0.0,26.436432123184204,0.6807650793650625
5.285904255319149,30.69182222222222,80.93333333333334,0.0,40.57757592201233,0.6810129198966031
5.38563829787234,30.667466666666666,81.10222222222222,0.008888888888888889,54.782005310058594,0.6811249042145074
5.485372340425532,30.008311111111112,82.05333333333333,0.0,68.92861676216125,0.6826447488584002
5.585106382978723,31.098977777777776,80.51555555555555,0.0,83.04748392105103,0.682150505050472
5.684840425531915,30.35728888888889,81.29777777777778,0.0,96.99108958244324,0.682921251348418
5.784574468085107,30.623955555555554,80.93333333333334,0.0,111.04927659034729,0.6831254237288019
5.884308510638298,30.610755555555556,81.16444444444444,0.0,125.04071378707886,0.6833390142022016
5.98404255319149,30.297422222222224,81.2,0.0,138.981018781662,0.6838222222223406
6.0837765957446805,30.42688888888889,80.86222222222223,0.0,11.85634732246399,0.6840211640211844
6.183510638297872,29.492177777777776,82.43555555555555,0.0,25.964476823806763,0.6898228663445914
6.283244680851064,30.133733333333332,81.57333333333334,0.0,39.90740442276001,0.6892999478351192
6.382978723404255,29.913555555555554,81.58222222222223,0.0,53.660059452056885,0.6901203703703173
6.482712765957447,29.845111111111112,81.67111111111112,0.0,67.4614098072052,0.6904144475053077
6.582446808510638,29.92182222222222,81.77777777777779,0.0,81.31201672554016,0.6903967529172681
6.68218085106383,29.577866666666665,81.83111111111111,0.0,95.1778085231781,0.6910825211175847
6.781914893617022,29.854222222222223,81.61777777777777,0.008888888888888889,108.93768262863159,0.6911360544217497
6.881648936170213,30.117733333333334,81.32444444444444,0.0,122.61569094657898,0.6912016088486912
6.9813829787234045,29.428622222222224,82.39999999999999,0.0,136.38735222816467,0.6915597711533767
7.0811170212765955,29.514133333333334,82.00888888888889,0.008888888888888889,11.3307945728302,0.6963497267759736
7.180851063829787,29.448888888888888,82.33777777777777,0.008888888888888889,25.040624380111694,0.695656862745084
7.280585106382978,29.102133333333335,82.40888888888888,0.0,38.67861342430115,0.6970847814638893
7.38031914893617,29.156133333333333,82.50666666666666,0.008888888888888889,52.466291189193726,0.6971981351980843
7.480053191489362,29.358355555555555,82.4711111111111,0.0,66.12659621238708,0.6971400430901374
7.579787234042553,29.262355555555555,81.96444444444444,0.0,79.74805283546448,0.6972793068297289
7.679521276595745,29.530755555555555,81.92888888888888,0.0,93.33722615242004,0.697041965644678
7.779255319148936,29.457244444444445,82.07111111111111,0.0,106.92157363891602,0.6969215017064642
7.878989361702128,28.995911111111113,82.63111111111111,0.0,120.57295727729797,0.6974483106404681
7.9787234042553195,29.366444444444443,81.87555555555555,0.0,134.08850955963135,0.6975283816426199
8.07845744680851,28.799688888888888,82.68444444444445,0.0,10.848277807235718,0.7038794726930518
8.178191489361701,28.80071111111111,82.50666666666666,0.008888888888888889,24.314262628555298,0.702706467661679
8.277925531914894,28.403555555555556,83.34222222222222,0.0,37.90040707588196,0.7042743221690205
8.377659574468085,28.510577777777776,82.64,0.0,51.37137961387634,0.7047417840375046
8.477393617021276,28.895555555555557,82.63111111111111,0.0,64.86826968193054,0.70407799442892
8.577127659574469,29.24342222222222,82.17777777777778,0.0,78.30415678024292,0.7031131592421537
8.67686170212766,29.511777777777777,81.73333333333333,0.0,91.72650241851807,0.7021357782143325
8.77659574468085,28.827955555555555,82.55111111111111,0.0,105.28996205329895,0.7024330289193041
8.876329787234043,29.259733333333333,82.27555555555556,0.0,118.63081860542297,0.7020880121396269
8.976063829787234,29.00271111111111,82.42666666666668,0.008888888888888889,131.9362154006958,0.7018250075689816
9.075797872340425,28.55431111111111,82.43555555555555,0.0,10.350812911987305,0.7068693957115171
9.175531914893616,28.333555555555556,82.9688888888889,0.0,23.9105122089386,0.7062558922558759
9.275265957446809,28.58062222222222,83.17333333333333,0.0,37.20244073867798,0.705923778851277
9.375,28.4488,83.08444444444444,0.0,50.48746657371521,0.7061497241922294
9.474734042553191,28.6312,82.8,0.0,63.711605072021484,0.7059483348894683
9.574468085106384,28.75631111111111,82.70222222222222,0.0,77.02883839607239,0.7055277777777507
9.674202127659575,28.485688888888888,83.04,0.0,90.29268503189087,0.7054867411790261
9.773936170212766,29.129066666666667,82.50666666666666,0.0,103.58513355255127,0.7048277968690145
9.873670212765957,28.753688888888888,82.59555555555555,0.0,116.95292401313782,0.7048029764924992
9.97340425531915,28.737022222222222,82.70222222222222,0.0,130.21223282814026,0.7046417729205668
