Epochs,Loss,Accuracy (%),Silent labels (%),Time (s),Average Prediction Confidence
0.09973404255319149,95.95635555555556,30.933333333333334,6.222222222222222,33.20838379859924,0.0
0.19946808510638298,61.81337777777778,55.51111111111111,0.0,57.42190647125244,0.0
0.2992021276595745,56.273377777777775,60.968888888888884,0.0,79.34780240058899,0.0
0.39893617021276595,52.89906666666667,64.63111111111111,0.0,100.06602358818054,0.0
0.49867021276595747,50.7184,66.56888888888889,0.0,119.80006408691406,0.0
0.598404255319149,49.28693333333333,66.81777777777778,0.0,138.77272534370422,0.0
0.6981382978723404,48.01204444444444,68.06222222222222,0.0,157.15052151679993,0.0
0.7978723404255319,46.958533333333335,69.47555555555556,0.0,174.99489331245422,0.0
0.8976063829787234,46.45408888888889,69.22666666666667,0.0,192.57989621162415,0.0
0.9973404255319149,46.01582222222222,69.6,0.0,209.68246960639954,0.0
1.0970744680851063,45.558844444444446,69.83111111111111,0.008888888888888889,16.511251211166382,0.0
1.196808510638298,44.61315555555556,71.00444444444445,0.0,33.05894207954407,0.0
1.2965425531914894,44.580133333333336,70.28444444444445,0.0,49.38170337677002,0.0
1.3962765957446808,43.78622222222222,71.53777777777778,0.008888888888888889,65.63137984275818,0.0
1.4960106382978724,43.717866666666666,71.60888888888888,0.008888888888888889,81.65943050384521,0.0
1.5957446808510638,43.629955555555554,71.02222222222223,0.0,97.49647164344788,0.0
1.6954787234042554,43.453466666666664,71.87555555555556,0.0,113.1916937828064,0.0
1.7952127659574468,43.340177777777775,71.59111111111112,0.0,128.72639656066895,0.0
1.8949468085106382,43.28688888888889,71.17333333333333,0.0,144.20548510551453,0.0
1.9946808510638299,43.13755555555556,71.44888888888889,0.0,159.47105407714844,0.0
2.0944148936170213,43.120844444444444,71.18222222222222,0.008888888888888889,14.681465864181519,0.0
2.1941489361702127,43.087066666666665,71.45777777777778,0.0,29.768540143966675,0.0
2.293882978723404,43.111955555555554,71.08444444444444,0.0,44.73199772834778,0.0
2.393617021276596,42.954,71.37777777777778,0.008888888888888889,59.67673683166504,0.0
2.4933510638297873,42.80102222222222,71.46666666666667,0.0,74.51205611228943,0.0
2.5930851063829787,42.962,71.25333333333333,0.0,89.2375340461731,0.0
2.69281914893617,42.67315555555555,72.21333333333332,0.0,103.89512896537781,0.0
2.7925531914893615,42.69244444444445,71.72444444444444,0.0,118.42477655410767,0.0
2.8922872340425534,42.898,70.62222222222222,0.0,132.98050355911255,0.0
2.992021276595745,42.915866666666666,71.13777777777777,0.0,147.45323038101196,0.0
3.091755319148936,42.6332,70.9688888888889,0.008888888888888889,13.365749597549438,0.0
3.1914893617021276,42.757777777777775,71.01333333333332,0.0,27.258607387542725,0.0
3.291223404255319,42.8008,70.88,0.0,41.3040235042572,0.0
3.390957446808511,42.58248888888889,70.98666666666666,0.008888888888888889,55.2497181892395,0.0
3.4906914893617023,42.79208888888889,71.13777777777777,0.0,69.12264728546143,0.0
3.5904255319148937,42.74871111111111,70.66666666666667,0.0,82.91743183135986,0.0
3.690159574468085,43.02728888888889,70.58666666666666,0.0,96.66774129867554,0.0
3.7898936170212765,42.952577777777776,70.35555555555555,0.0,110.27275800704956,0.0
3.889627659574468,42.98568888888889,70.05333333333333,0.0,123.88884997367859,0.0
3.9893617021276597,42.92937777777778,70.1511111111111,0.0,137.361656665802,0.0
4.089095744680851,42.92951111111111,70.06222222222223,0.008888888888888889,12.17154335975647,0.0
4.1888297872340425,43.174,69.36888888888889,0.0,25.440633535385132,0.0
4.288563829787234,43.09093333333333,69.45777777777778,0.0,38.76802062988281,0.0
4.388297872340425,42.78604444444444,69.97333333333333,0.008888888888888889,51.9889395236969,0.0
4.488031914893617,43.01017777777778,69.73333333333333,0.008888888888888889,65.19088697433472,0.0
4.587765957446808,43.04302222222222,69.48444444444445,0.0,78.27398920059204,0.0
4.6875,42.97217777777778,70.4888888888889,0.0,91.46284174919128,0.0
4.787234042553192,42.888977777777775,69.94666666666667,0.008888888888888889,104.4805223941803,0.0
4.886968085106383,43.17608888888889,69.02222222222221,0.008888888888888889,117.44735836982727,0.0
4.986702127659575,43.56431111111111,68.91555555555556,0.008888888888888889,130.40881037712097,0.0
5.086436170212766,43.15831111111111,69.02222222222221,0.008888888888888889,11.724364519119263,0.0
5.1861702127659575,43.306355555555555,68.71111111111111,0.0,24.470863342285156,0.0
5.285904255319149,43.450355555555554,68.66666666666667,0.0,37.37686324119568,0.0
5.38563829787234,43.425644444444444,68.87111111111112,0.008888888888888889,50.19902515411377,0.0
5.485372340425532,43.38715555555556,69.00444444444445,0.008888888888888889,62.968913316726685,0.0
5.585106382978723,43.30777777777778,68.55111111111111,0.008888888888888889,75.82273983955383,0.0
5.684840425531915,42.97151111111111,69.65333333333334,0.0,88.51797795295715,0.0
5.784574468085107,43.15288888888889,68.90666666666667,0.008888888888888889,101.39377236366272,0.0
5.884308510638298,43.147422222222225,69.07555555555555,0.008888888888888889,114.14951610565186,0.0
5.98404255319149,43.56293333333333,68.93333333333334,0.008888888888888889,126.79777097702026,0.0
6.0837765957446805,43.33306666666667,68.76444444444444,0.008888888888888889,10.89355731010437,0.0
6.183510638297872,43.67386666666667,67.39555555555555,0.0,23.46676230430603,0.0
6.283244680851064,43.22328888888889,68.55111111111111,0.008888888888888889,36.00425982475281,0.0
6.382978723404255,43.083555555555556,68.60444444444444,0.0,48.63610649108887,0.0
6.482712765957447,43.31288888888889,68.97777777777779,0.008888888888888889,61.24341154098511,0.0
6.582446808510638,43.276088888888886,68.19555555555556,0.0,73.91762018203735,0.0
6.68218085106383,43.08657777777778,69.07555555555555,0.0,86.47843217849731,0.0
6.781914893617022,43.178533333333334,68.98666666666666,0.0,98.97409892082214,0.0
6.881648936170213,43.312311111111114,68.22222222222221,0.017777777777777778,111.43987989425659,0.0
6.9813829787234045,43.70848888888889,68.13333333333334,0.0,123.94446754455566,0.0
7.0811170212765955,43.23231111111111,68.33777777777777,0.017777777777777778,10.409702062606812,0.0
7.180851063829787,43.78573333333333,67.42222222222222,0.0,22.682936429977417,0.0
7.280585106382978,43.36964444444445,68.24,0.008888888888888889,34.99571490287781,0.0
7.38031914893617,43.2464,68.34666666666666,0.0,47.40325045585632,0.0
7.480053191489362,43.60071111111111,68.54222222222222,0.017777777777777778,59.68415141105652,0.0
7.579787234042553,43.50657777777778,68.16888888888889,0.0,72.05516743659973,0.0
7.679521276595745,43.39675555555556,68.46222222222222,0.0,84.29036927223206,0.0
7.779255319148936,43.59835555555556,68.31111111111112,0.0,96.5090696811676,0.0
7.878989361702128,43.52395555555555,67.44888888888889,0.017777777777777778,108.75175213813782,0.0
7.9787234042553195,43.92004444444444,67.31555555555555,0.0,120.96379065513611,0.0
8.07845744680851,43.41568888888889,67.91111111111111,0.008888888888888889,9.955059051513672,0.0
8.178191489361701,44.49746666666667,66.47111111111111,0.008888888888888889,22.003156185150146,0.0
8.277925531914894,43.82297777777778,67.61777777777777,0.008888888888888889,34.23662853240967,0.0
8.377659574468085,44.05062222222222,67.29777777777778,0.0,46.331716775894165,0.0
8.477393617021276,43.53008888888889,68.35555555555555,0.0,58.49063563346863,0.0
8.577127659574469,43.973333333333336,67.65333333333334,0.017777777777777778,70.64571905136108,0.0
8.67686170212766,43.61342222222222,68.11555555555555,0.008888888888888889,82.73314046859741,0.0
8.77659574468085,44.086888888888886,67.37777777777778,0.0,94.82364988327026,0.0
8.876329787234043,43.86315555555556,66.94222222222223,0.017777777777777778,106.91386342048645,0.0
8.976063829787234,44.0992,66.76444444444445,0.008888888888888889,118.98798441886902,0.0
9.075797872340425,43.839644444444446,67.45777777777778,0.0,9.519259691238403,0.0
9.175531914893616,44.56973333333333,66.19555555555556,0.008888888888888889,21.552837133407593,0.0
9.275265957446809,43.88146666666667,67.06666666666666,0.008888888888888889,33.54968237876892,0.0
9.375,44.14048888888889,66.76444444444445,0.0,45.53769612312317,0.0
9.474734042553191,44.02342222222222,66.8,0.0,57.62835907936096,0.0
9.574468085106384,44.06208888888889,67.02222222222223,0.017777777777777778,69.63403725624084,0.0
9.674202127659575,44.09417777777778,67.16444444444446,0.0,81.6046884059906,0.0
9.773936170212766,44.26711111111111,66.55111111111111,0.0,93.65783882141113,0.0
9.873670212765957,44.016888888888886,66.51555555555557,0.02666666666666667,105.70222687721252,0.0
9.97340425531915,44.21697777777778,66.43555555555555,0.008888888888888889,117.69761252403259,0.0
