Epochs,Loss,Accuracy (%),Silent labels (%),Time (s),Average Prediction Confidence
0.09973404255319149,98.34871111111111,31.715555555555557,8.026666666666667,33.69784450531006,0.0
0.19946808510638298,63.190977777777775,54.14222222222222,0.41777777777777775,58.14125347137451,0.0
0.2992021276595745,57.01822222222222,59.83111111111111,0.0,80.20070314407349,0.0
0.39893617021276595,54.51186666666667,62.59555555555556,0.0,100.75678586959839,0.0
0.49867021276595747,53.00844444444444,63.65333333333333,0.0,120.33516478538513,0.0
0.598404255319149,52.0832,63.519999999999996,0.0,139.11211562156677,0.0
0.6981382978723404,51.36462222222222,64.18666666666667,0.0,157.32908177375793,0.0
0.7978723404255319,50.95137777777778,64.33777777777779,0.0,175.19616866111755,0.0
0.8976063829787234,50.87231111111111,63.34222222222222,0.0,192.72557711601257,0.0
0.9973404255319149,50.57564444444444,63.58222222222222,0.0,209.8849618434906,0.0
1.0970744680851063,50.632488888888886,63.11111111111111,0.008888888888888889,16.677143335342407,0.0
1.196808510638298,50.192,63.351111111111116,0.0,33.36268854141235,0.0
1.2965425531914894,50.14128888888889,63.013333333333335,0.0,49.95497941970825,0.0
1.3962765957446808,49.906977777777776,63.102222222222224,0.008888888888888889,66.33925271034241,0.0
1.4960106382978724,50.141644444444445,63.08444444444444,0.0,82.63236331939697,0.0
1.5957446808510638,50.322177777777775,61.26222222222222,0.0,98.65309119224548,0.0
1.6954787234042554,50.22022222222222,62.4,0.0,114.57982015609741,0.0
1.7952127659574468,50.47497777777778,61.413333333333334,0.0,130.34660506248474,0.0
1.8949468085106382,50.54044444444445,60.68444444444444,0.0,146.06168246269226,0.0
1.9946808510638299,50.571511111111114,60.79111111111111,0.0,161.58853197097778,0.0
2.0944148936170213,50.738533333333336,60.142222222222216,0.008888888888888889,15.05403447151184,0.0
2.1941489361702127,50.54022222222222,60.142222222222216,0.0,30.38216257095337,0.0
2.293882978723404,50.73702222222222,59.662222222222226,0.0,45.64810538291931,0.0
2.393617021276596,50.68013333333333,59.96444444444444,0.008888888888888889,60.84074592590332,0.0
2.4933510638297873,50.8524,60.31111111111112,0.008888888888888889,75.79482078552246,0.0
2.5930851063829787,50.93564444444444,59.528888888888886,0.0,90.68614387512207,0.0
2.69281914893617,50.84671111111111,59.928888888888885,0.0,105.4310712814331,0.0
2.7925531914893615,50.989288888888886,58.94222222222222,0.0,120.04254984855652,0.0
2.8922872340425534,51.2352,58.61333333333333,0.0,134.5973596572876,0.0
2.992021276595745,51.376044444444446,58.02666666666667,0.0,149.08035397529602,0.0
3.091755319148936,50.937866666666665,59.02222222222222,0.0,13.364728689193726,0.0
3.1914893617021276,51.2312,58.34666666666667,0.0,27.560990810394287,0.0
3.291223404255319,51.56133333333333,57.13777777777778,0.0,41.68130016326904,0.0
3.390957446808511,51.26897777777778,57.768888888888895,0.0,55.88246989250183,0.0
3.4906914893617023,51.50417777777778,57.98222222222223,0.008888888888888889,69.96414923667908,0.0
3.5904255319148937,51.54688888888889,57.06666666666666,0.0,83.96982145309448,0.0
3.690159574468085,51.580933333333334,57.77777777777777,0.008888888888888889,97.8810408115387,0.0
3.7898936170212765,51.72022222222222,57.23555555555555,0.0,111.64186644554138,0.0
3.889627659574468,51.95342222222222,56.56888888888889,0.0,125.47314882278442,0.0
3.9893617021276597,52.04226666666667,56.46222222222222,0.0,139.24959540367126,0.0
4.089095744680851,51.9428,56.764444444444436,0.0,12.537841558456421,0.0
4.1888297872340425,52.196577777777776,56.151111111111106,0.0,26.08685612678528,0.0
4.288563829787234,52.24017777777778,55.87555555555556,0.008888888888888889,39.672579526901245,0.0
4.388297872340425,52.0924,55.59111111111111,0.008888888888888889,53.25084066390991,0.0
4.488031914893617,52.425466666666665,55.43111111111111,0.008888888888888889,66.87187170982361,0.0
4.587765957446808,52.30093333333333,55.404444444444444,0.0,80.38819217681885,0.0
4.6875,52.12444444444444,55.98222222222222,0.008888888888888889,93.89391160011292,0.0
4.787234042553192,52.53604444444444,55.51111111111111,0.0,107.38208556175232,0.0
4.886968085106383,52.6292,54.87111111111111,0.0,120.94128227233887,0.0
4.986702127659575,52.32631111111111,55.39555555555555,0.0,134.4560489654541,0.0
5.086436170212766,52.516,55.39555555555555,0.008888888888888889,12.098014831542969,0.0
5.1861702127659575,52.58288888888889,55.217777777777776,0.0,25.35897922515869,0.0
5.285904255319149,52.87835555555556,54.071111111111115,0.0,38.78888988494873,0.0
5.38563829787234,52.48751111111111,54.96,0.0,52.059645652770996,0.0
5.485372340425532,52.90951111111111,54.76444444444445,0.0,65.39753913879395,0.0
5.585106382978723,52.9812,54.02666666666667,0.0,78.70361280441284,0.0
5.684840425531915,52.92764444444445,54.24,0.008888888888888889,91.99419689178467,0.0
5.784574468085107,52.91671111111111,54.471111111111114,0.0,105.40200066566467,0.0
5.884308510638298,53.011066666666665,54.24888888888889,0.0,118.76968955993652,0.0
5.98404255319149,53.54773333333333,54.01777777777777,0.0,132.0539267063141,0.0
6.0837765957446805,55.47817777777778,54.45333333333333,0.0,11.294880867004395,0.0
6.183510638297872,53.77671111111111,53.55555555555556,0.0,24.699100732803345,0.0
6.283244680851064,53.90773333333333,52.666666666666664,0.0,38.02628755569458,0.0
6.382978723404255,53.51897777777778,53.39555555555555,0.0,51.3771276473999,0.0
6.482712765957447,54.01711111111111,53.31555555555556,0.008888888888888889,64.71795797348022,0.0
6.582446808510638,54.14604444444444,52.76444444444445,0.0,77.96773481369019,0.0
6.68218085106383,54.34826666666667,52.20444444444444,0.0,91.19608616828918,0.0
6.781914893617022,54.087066666666665,52.92444444444444,0.0,104.41160106658936,0.0
6.881648936170213,54.49062222222222,51.839999999999996,0.0,117.7325553894043,0.0
6.9813829787234045,54.751688888888886,52.30222222222223,0.0,130.84593868255615,0.0
7.0811170212765955,55.11528888888889,52.71111111111111,0.0,11.007883310317993,0.0
7.180851063829787,58.58164444444444,51.14666666666666,0.0,23.912068605422974,0.0
7.280585106382978,56.279288888888885,51.46666666666667,0.0,37.066885471343994,0.0
7.38031914893617,55.03635555555555,51.50222222222223,0.0,50.32894945144653,0.0
7.480053191489362,55.15808888888889,52.01777777777777,0.008888888888888889,63.753411531448364,0.0
7.579787234042553,55.38791111111111,50.453333333333326,0.0,76.95879650115967,0.0
7.679521276595745,55.2544,50.92444444444445,0.0,90.09657502174377,0.0
7.779255319148936,55.08888888888889,51.182222222222215,0.0,103.29806590080261,0.0
7.878989361702128,55.504933333333334,50.63111111111112,0.008888888888888889,116.38332629203796,0.0
7.9787234042553195,55.52391111111111,51.17333333333334,0.0,129.4579541683197,0.0
8.07845744680851,55.28408888888889,51.297777777777775,0.008888888888888889,10.599133491516113,0.0
8.178191489361701,56.17728888888889,49.62666666666667,0.008888888888888889,23.46821355819702,0.0
8.277925531914894,55.988844444444446,49.715555555555554,0.0,36.38818335533142,0.0
8.377659574468085,55.96373333333333,49.89333333333333,0.0,49.3564932346344,0.0
8.477393617021276,55.97551111111111,50.01777777777778,0.0,62.35234546661377,0.0
8.577127659574469,56.062266666666666,49.57333333333334,0.008888888888888889,75.29969310760498,0.0
8.67686170212766,55.97875555555556,49.57333333333334,0.0,88.19798564910889,0.0
8.77659574468085,55.702133333333336,50.06222222222222,0.0,101.087566614151,0.0
8.876329787234043,56.16737777777778,49.34222222222222,0.0,113.99486756324768,0.0
8.976063829787234,56.034444444444446,49.77777777777778,0.0,126.85060429573059,0.0
9.075797872340425,55.84968888888889,49.742222222222225,0.0,10.00426959991455,0.0
9.175531914893616,56.431022222222225,49.38666666666667,0.008888888888888889,22.813698053359985,0.0
9.275265957446809,56.54937777777778,49.20888888888889,0.0,35.619396448135376,0.0
9.375,56.373777777777775,48.96,0.0,48.38785934448242,0.0
9.474734042553191,56.24942222222222,49.38666666666667,0.0,61.2023024559021,0.0
9.574468085106384,56.416133333333335,48.96888888888889,0.008888888888888889,74.00929498672485,0.0
9.674202127659575,56.70195555555556,48.142222222222216,0.0,86.71481490135193,0.0
9.773936170212766,56.51586666666667,48.906666666666666,0.0,99.51179265975952,0.0
9.873670212765957,56.58453333333333,48.84444444444445,0.008888888888888889,112.26890921592712,0.0
9.97340425531915,56.324711111111114,49.093333333333334,0.0,125.092853307724,0.0
