Epochs,Loss,Accuracy (%),Silent labels (%),Time (s),Average Prediction Confidence
0.09973404255319149,98.94506666666666,32.49777777777778,8.08,38.36366128921509,0.2867140740740998
0.19946808510638298,62.62453333333333,55.17333333333333,0.41777777777777775,63.792349100112915,0.3382992592592043
0.2992021276595745,55.285377777777775,62.3111111111111,0.0,86.50921750068665,0.37234567901231846
0.39893617021276595,52.294666666666664,64.15111111111112,0.0,107.759690284729,0.39641777777776266
0.49867021276595747,49.21888888888889,66.76444444444445,0.0,128.03172779083252,0.41655585185183847
0.598404255319149,47.0804,68.67555555555556,0.0,147.6416802406311,0.4335328395061593
0.6981382978723404,45.48244444444445,69.50222222222222,0.0,166.70140433311462,0.4479221164021094
0.7978723404255319,44.33315555555556,70.28444444444445,0.0,185.33902192115784,0.46009555555556775
0.8976063829787234,42.76173333333333,71.14666666666668,0.0,203.58516645431519,0.4713995061728658
0.9973404255319149,42.54266666666667,71.09333333333333,0.0,221.548686504364,0.48066548148152094
1.0970744680851063,40.72666666666667,73.15555555555555,0.0,17.58435845375061,0.5808706240487141
1.196808510638298,39.7548,73.80444444444444,0.008888888888888889,35.16185784339905,0.5857507507507407
1.2965425531914894,38.93364444444445,74.4,0.0,52.60183620452881,0.5906188340806892
1.3962765957446808,38.43551111111111,74.30222222222223,0.0,69.86071562767029,0.5947919463086836
1.4960106382978724,37.91177777777778,75.04888888888888,0.0,87.00012540817261,0.5978266309204141
1.5957446808510638,37.40311111111111,75.55555555555556,0.0,104.04452705383301,0.6008799603174321
1.6954787234042554,36.75031111111111,75.77777777777777,0.008888888888888889,120.93669581413269,0.6040492882940179
1.7952127659574468,36.06133333333333,75.84,0.0,137.6892445087433,0.6072493496841341
1.8949468085106382,35.8948,76.59555555555555,0.0,154.3201105594635,0.6100353310219696
1.9946808510638299,36.40537777777778,75.28888888888889,0.0,170.78915786743164,0.6116928104575562
2.0944148936170213,34.81186666666667,77.19111111111111,0.0,15.762712717056274,0.6426416275430533
2.1941489361702127,34.20231111111111,77.78666666666668,0.0,32.006203413009644,0.644480974124791
2.293882978723404,34.1132,77.54666666666667,0.0,48.184107303619385,0.6456892911010128
2.393617021276596,33.2976,78.72888888888889,0.0,64.24005341529846,0.6487447447446898
2.4933510638297873,33.937555555555555,77.80444444444444,0.0,80.14490938186646,0.6495321952679968
2.5930851063829787,33.357733333333336,78.13333333333333,0.0,95.91952896118164,0.6508261086198046
2.69281914893617,33.31164444444445,78.08,0.0,111.80572605133057,0.6517637022819249
2.7925531914893615,32.9712,77.90222222222222,0.0,127.44482088088989,0.6528799403430279
2.8922872340425534,32.7032,78.16888888888889,0.0,143.01427841186523,0.6541851299884256
2.992021276595745,32.85688888888889,78.42666666666666,0.0,158.51177382469177,0.6549693178434111
3.091755319148936,31.728533333333335,79.38666666666667,0.0,14.571209192276001,0.6728502415459175
3.1914893617021276,31.522755555555555,79.57333333333332,0.0,29.85831928253174,0.6741419753086284
3.291223404255319,30.94391111111111,80.35555555555555,0.0,45.17567205429077,0.6767935058345643
3.390957446808511,31.39208888888889,79.38666666666667,0.0,60.428961515426636,0.6768526077096979
3.4906914893617023,31.205733333333335,79.83111111111111,0.0,75.57454895973206,0.6776320385425714
3.5904255319148937,30.676133333333333,80.11555555555555,0.0,90.52532744407654,0.6788678678678491
3.690159574468085,30.979288888888888,79.63555555555556,0.0,105.51885724067688,0.6793705844572869
3.7898936170212765,30.718133333333334,80.31111111111112,0.0,120.49903678894043,0.6800314253647675
3.889627659574468,30.836222222222222,79.78666666666666,0.0,135.32546997070312,0.6804550739080308
3.9893617021276597,30.528488888888887,79.96444444444445,0.008888888888888889,150.16057443618774,0.6813900836321485
4.089095744680851,29.761688888888887,80.97777777777779,0.0,13.490249156951904,0.6916484245439705
4.1888297872340425,29.439244444444444,80.77333333333333,0.0,28.291236400604248,0.6953865414710309
4.288563829787234,29.822666666666667,80.72888888888889,0.0,42.98124051094055,0.6947219662057894
4.388297872340425,29.67097777777778,81.03111111111112,0.0,57.53123426437378,0.694850837138451
4.488031914893617,29.70422222222222,80.80000000000001,0.0,72.07876229286194,0.6945528307598751
4.587765957446808,29.194622222222222,81.65333333333334,0.0,86.51694464683533,0.6954912016088243
4.6875,28.894133333333333,81.50222222222222,0.0,100.91611623764038,0.6967066408768395
4.787234042553192,29.0224,81.44888888888889,0.0,115.30755114555359,0.6974572072072013
4.886968085106383,28.922933333333333,81.15555555555557,0.0,129.56565833091736,0.6981442612027857
4.986702127659575,28.92662222222222,81.42222222222222,0.0,143.96504044532776,0.6987864630130168
5.086436170212766,28.567333333333334,81.68888888888888,0.0,12.64360785484314,0.7065572649572872
5.1861702127659575,28.287644444444446,82.44444444444444,0.0,26.84015655517578,0.7079269841269618
5.285904255319149,28.19808888888889,82.19555555555556,0.0,41.095032691955566,0.7088454780361304
5.38563829787234,28.1636,81.8488888888889,0.0,55.26326942443848,0.7090375478926607
5.485372340425532,27.43777777777778,82.90666666666667,0.008888888888888889,69.49296045303345,0.7108529680364805
5.585106382978723,28.511866666666666,81.48444444444445,0.0,83.65425658226013,0.7102535353535047
5.684840425531915,27.8836,82.22222222222221,0.0,97.7231879234314,0.710882416396959
5.784574468085107,28.010933333333334,81.62666666666667,0.0,111.7082691192627,0.7111239171374693
5.884308510638298,27.84871111111111,82.05333333333333,0.0,125.71558284759521,0.7114867167920469
5.98404255319149,27.801022222222223,82.0,0.0,139.73146057128906,0.7119291291292916
6.0837765957446805,27.78217777777778,82.45333333333333,0.0,12.078850269317627,0.7132839506173068
6.183510638297872,26.859022222222222,83.36888888888889,0.0,26.118784189224243,0.719584541062779
6.283244680851064,27.243111111111112,82.73777777777778,0.0,40.0662477016449,0.7200876369326574
6.382978723404255,27.2196,82.64888888888889,0.0,53.9492712020874,0.7204305555554921
6.482712765957447,27.05622222222222,82.53333333333333,0.0,67.81033706665039,0.721112947658351
6.582446808510638,27.110222222222223,82.75555555555556,0.0,81.72938346862793,0.7213718924403508
6.68218085106383,26.8844,83.43111111111111,0.0,95.59235072135925,0.7219302577431006
6.781914893617022,27.262,82.50666666666666,0.0,109.405832529068,0.721839758125457
6.881648936170213,27.410977777777777,82.08888888888889,0.008888888888888889,123.21154689788818,0.7217228087816965
6.9813829787234045,26.4992,83.46666666666667,0.0,137.00513458251953,0.7224625112919316
7.0811170212765955,26.6072,83.29777777777778,0.0,11.36113429069519,0.7274462659380918
7.180851063829787,26.542533333333335,83.41333333333333,0.0,25.32718539237976,0.7276437908496525
7.280585106382978,26.190133333333332,83.54666666666667,0.0,38.9724280834198,0.7293459715639387
7.38031914893617,25.986,83.98222222222222,0.0,52.841228723526,0.7304071484070893
7.480053191489362,26.397111111111112,83.50222222222222,0.008888888888888889,66.53787612915039,0.7304795321636955
7.579787234042553,26.24053333333333,83.24444444444444,0.0,80.18252730369568,0.730737003058073
7.679521276595745,26.555955555555556,82.90666666666667,0.0,93.78900408744812,0.7305283757338396
7.779255319148936,26.444355555555557,83.35111111111111,0.0,107.38833808898926,0.7303526734925974
7.878989361702128,25.979511111111112,83.66222222222223,0.0,120.99990487098694,0.7307729030089954
7.9787234042553195,26.20262222222222,83.25333333333333,0.0,134.5207178592682,0.7309619565219148
8.07845744680851,25.77,83.6711111111111,0.0,10.935646772384644,0.7385612052730955
8.178191489361701,25.600133333333332,83.93777777777778,0.0,24.440666913986206,0.7374527363183911
8.277925531914894,25.108133333333335,84.81777777777778,0.0,38.03010272979736,0.7391557682083557
8.377659574468085,25.363555555555557,83.95555555555556,0.0,51.53272247314453,0.7397683881063599
8.477393617021276,25.771066666666666,83.74222222222222,0.0,65.06905770301819,0.7389526462395168
8.577127659574469,25.99097777777778,83.80444444444444,0.0,78.69144773483276,0.7383830005120054
8.67686170212766,26.081422222222223,83.31555555555555,0.0,92.26453399658203,0.7378249290547672
8.77659574468085,25.491777777777777,84.03555555555555,0.008888888888888889,105.82235264778137,0.7379794520547814
8.876329787234043,25.818666666666665,83.59111111111112,0.0,119.39684534072876,0.7378870342270307
8.976063829787234,25.737733333333335,83.96444444444444,0.0,132.83726692199707,0.7378128973662079
9.075797872340425,25.144577777777776,84.17777777777778,0.0,10.454633712768555,0.74297076023394
9.175531914893616,24.908177777777777,84.4888888888889,0.008888888888888889,23.99838376045227,0.7442895622895445
9.275265957446809,25.157244444444444,84.46222222222222,0.0,37.41350960731506,0.7440085882983994
9.375,24.942355555555555,84.62222222222222,0.0,50.88104009628296,0.7449188337272847
9.474734042553191,25.094133333333332,84.56888888888889,0.0,64.29901242256165,0.7445938375349657
9.574468085106384,25.123822222222223,84.16888888888889,0.0,77.73492980003357,0.7446358024691064
9.674202127659575,24.906177777777778,84.32,0.0,91.13928246498108,0.7447740521586463
9.773936170212766,25.474,83.75111111111111,0.008888888888888889,104.49891519546509,0.7442688048873501
9.873670212765957,25.233866666666668,84.11555555555556,0.0,117.85883378982544,0.7441907661086659
9.97340425531915,25.22671111111111,84.12444444444445,0.0,131.26434969902039,0.744123861566666
