Epochs,Loss,Accuracy (%),Silent labels (%),Time (s),Average Prediction Confidence
0.09973404255319149,98.31457777777777,32.52444444444444,7.742222222222223,39.0414023399353,0.2883851851852107
0.19946808510638298,61.69475555555555,55.56444444444445,0.0,64.86195731163025,0.3399644444443883
0.2992021276595745,55.22195555555555,62.07111111111111,0.0,88.14164805412292,0.37370271604935695
0.39893617021276595,52.1876,64.34666666666666,0.0,109.92912483215332,0.3976977777777644
0.49867021276595747,49.03737777777778,67.20888888888888,0.0,130.74195885658264,0.41793066666665246
0.598404255319149,46.877066666666664,68.55111111111111,0.0,150.97875118255615,0.43493037037035753
0.6981382978723404,45.49666666666667,69.53777777777778,0.0,171.0364933013916,0.4490869841269805
0.7978723404255319,44.22844444444444,70.18666666666667,0.0,190.0077085494995,0.46126444444445813
0.8976063829787234,42.555822222222226,71.24444444444444,0.0,208.4017276763916,0.47255176954735467
0.9973404255319149,42.47204444444444,70.9688888888889,0.0,226.3056936264038,0.481736296296339
1.0970744680851063,40.434355555555555,73.13777777777779,0.0,17.648664236068726,0.5813637747336482
1.196808510638298,39.45142222222222,73.72444444444444,0.008888888888888889,35.33983540534973,0.5863303303303232
1.2965425531914894,38.56608888888889,74.32888888888888,0.0,52.782453298568726,0.5906188340806875
1.3962765957446808,37.91537777777778,74.08,0.0,70.63508296012878,0.5946830723340382
1.4960106382978724,37.43951111111111,74.96000000000001,0.0,88.93030095100403,0.5976776884122227
1.5957446808510638,36.94991111111111,75.2088888888889,0.0,106.55110549926758,0.6005902777777535
1.6954787234042554,36.08902222222222,75.78666666666666,0.0,123.93210744857788,0.6037238155937874
1.7952127659574468,35.4528,75.80444444444444,0.0,142.1305422782898,0.6068866592344891
1.8949468085106382,35.355333333333334,76.23111111111112,0.0,159.3396816253662,0.609578339111786
1.9946808510638299,35.821511111111114,75.54666666666667,0.008888888888888889,175.08197832107544,0.6112477718360492
2.0944148936170213,34.50075555555556,77.44888888888889,0.0,15.313736200332642,0.6449076682316291
2.1941489361702127,34.35248888888889,77.78666666666668,0.0,30.866204023361206,0.6474185692541682
2.293882978723404,35.049733333333336,77.83111111111111,0.008888888888888889,46.633230686187744,0.6495706385117722
2.393617021276596,35.7104,79.06666666666666,0.008888888888888889,62.848822832107544,0.6535405405404875
2.4933510638297873,38.63404444444444,77.32444444444444,0.06222222222222223,80.08757019042969,0.6547984426474539
2.5930851063829787,40.59466666666667,78.24,0.1511111111111111,97.17070436477661,0.6569676133532371
2.69281914893617,43.34364444444444,77.86666666666666,0.14222222222222222,114.59397482872009,0.6588415440392238
2.7925531914893615,45.24871111111111,78.06222222222222,0.1511111111111111,132.91326355934143,0.6606651752423467
2.8922872340425534,47.95808888888889,78.42666666666666,0.13333333333333333,150.82156562805176,0.662713031958945
2.992021276595745,50.38377777777778,78.44444444444446,0.2577777777777778,168.1916525363922,0.6642484361037481
3.091755319148936,51.08835555555556,79.35111111111111,0.18666666666666668,18.209783792495728,0.6887342995169309
3.1914893617021276,52.08195555555555,80.10666666666667,0.12444444444444445,35.98145389556885,0.6916049382715928
3.291223404255319,52.26128888888889,80.36444444444444,0.17777777777777778,53.704594373703,0.6942323693556293
3.390957446808511,53.6164,79.14666666666666,0.1511111111111111,71.05803894996643,0.6937838246409318
3.4906914893617023,52.13093333333333,80.00888888888889,0.09777777777777777,88.54212141036987,0.6947509786208693
3.5904255319148937,48.96013333333333,80.28444444444445,0.02666666666666667,105.61726784706116,0.6955385385385199
3.690159574468085,47.45506666666667,79.90222222222222,0.12444444444444445,122.67550921440125,0.6954938985227863
3.7898936170212765,44.4176,80.30222222222221,0.017777777777777778,141.12751698493958,0.6957171717171627
3.889627659574468,42.123466666666666,79.66222222222223,0.02666666666666667,158.4834885597229,0.6956226540442253
3.9893617021276597,39.67084444444444,80.33777777777777,0.008888888888888889,175.35455870628357,0.6966720430108787
4.089095744680851,37.94724444444444,81.08444444444444,0.008888888888888889,15.461839199066162,0.7064610281923959
4.1888297872340425,36.75271111111111,81.38666666666666,0.008888888888888889,32.233792781829834,0.7099092331768276
4.288563829787234,37.49084444444444,81.10222222222222,0.035555555555555556,48.91543912887573,0.7102365591397503
4.388297872340425,37.49662222222222,81.12888888888888,0.035555555555555556,65.66323399543762,0.7114824961947844
4.488031914893617,39.17968888888889,81.35111111111111,0.11555555555555555,82.40023899078369,0.7118135028761416
4.587765957446808,40.73204444444445,81.73333333333333,0.06222222222222223,99.16314053535461,0.7135052790346689
4.6875,43.03977777777778,81.81333333333333,0.10666666666666667,115.90930414199829,0.7150045132172567
4.787234042553192,45.96315555555555,81.29777777777778,0.14222222222222222,132.71912026405334,0.7160510510510338
4.886968085106383,48.61071111111111,81.80444444444444,0.18666666666666668,149.5734305381775,0.7169848409129244
4.986702127659575,52.3492,81.10222222222222,0.20444444444444446,166.40035367012024,0.7176028751124187
5.086436170212766,53.00275555555555,81.90222222222222,0.17777777777777778,14.97815227508545,0.7285470085470286
5.1861702127659575,54.29244444444444,82.57777777777778,0.1511111111111111,31.775715827941895,0.7282793650793475
5.285904255319149,55.937333333333335,82.33777777777777,0.14222222222222222,48.570756912231445,0.7280847545219294
5.38563829787234,56.56337777777778,81.83111111111111,0.10666666666666667,65.2385094165802,0.7276735632183489
5.485372340425532,55.54946666666667,83.28,0.07111111111111111,82.51597666740417,0.7287147640791055
5.585106382978723,56.202355555555556,81.33333333333333,0.12444444444444445,99.48589253425598,0.726948484848448
5.684840425531915,54.55888888888889,82.37333333333333,0.05333333333333334,116.1701991558075,0.7265182308521757
5.784574468085107,53.211555555555556,81.6,0.08888888888888889,132.86051607131958,0.7259736346515703
5.884308510638298,49.19808888888889,81.99111111111111,0.05333333333333334,149.7441267967224,0.7256060150376499
5.98404255319149,44.29377777777778,82.11555555555556,0.02666666666666667,166.6592710018158,0.7256888888890283
6.0837765957446805,39.943955555555554,82.16888888888889,0.008888888888888889,14.619402408599854,0.7247477954144818
6.183510638297872,36.057066666666664,83.31555555555555,0.008888888888888889,32.17603921890259,0.7305410628019141
6.283244680851064,34.34693333333333,83.11111111111111,0.0,50.10583806037903,0.7323129890453413
6.382978723404255,33.34231111111111,82.44444444444444,0.008888888888888889,68.4871301651001,0.7340524691357471
6.482712765957447,32.02182222222222,83.45777777777778,0.0,86.78270411491394,0.7358053259871028
6.582446808510638,32.11871111111111,83.18222222222222,0.0,103.65106725692749,0.7364708269913447
6.68218085106383,31.14528888888889,84.02666666666667,0.008888888888888889,120.48490166664124,0.7383998267272878
6.781914893617022,31.670222222222222,83.01333333333332,0.02666666666666667,137.29856514930725,0.7394867724867544
6.881648936170213,32.03737777777778,82.9511111111111,0.05333333333333334,154.20910239219666,0.7401474777945993
6.9813829787234045,31.894,84.09777777777778,0.044444444444444446,171.0148422718048,0.7416928635954334
7.0811170212765955,33.08604444444445,83.94666666666667,0.08888888888888889,13.944082260131836,0.7561457194899991
7.180851063829787,33.85386666666667,83.89333333333333,0.13333333333333333,30.98247981071472,0.7572287581699215
7.280585106382978,35.42395555555556,84.23111111111112,0.16,47.82866358757019,0.7591384939441551
7.38031914893617,36.11968888888889,84.60444444444445,0.18666666666666668,64.88284659385681,0.7609432789432441
7.480053191489362,38.989155555555556,84.18666666666667,0.1688888888888889,81.75640749931335,0.761553708833456
7.579787234042553,42.07337777777778,84.57777777777777,0.2222222222222222,98.73931503295898,0.7625280326197347
7.679521276595745,45.0316,83.83111111111111,0.3911111111111111,115.77912187576294,0.7625031528592785
7.779255319148936,49.57013333333333,83.93777777777778,0.37333333333333335,132.7436466217041,0.7622927569207159
7.878989361702128,53.024,84.03555555555555,0.36444444444444446,150.15432119369507,0.7627823163557282
7.9787234042553195,56.05848888888889,83.70666666666666,0.5155555555555555,167.03801250457764,0.7627711352657942
8.07845744680851,60.18835555555555,84.8,0.45333333333333337,13.535663604736328,0.7710056497175317
8.178191489361701,62.995022222222225,84.62222222222222,0.37333333333333335,30.261746168136597,0.770129353233821
8.277925531914894,62.48164444444444,85.43111111111111,0.20444444444444446,46.847491979599,0.770887825624638
8.377659574468085,58.364222222222224,85.15555555555555,0.16,63.363670349121094,0.7694945226916663
8.477393617021276,51.35924444444444,84.57777777777777,0.035555555555555556,79.84867024421692,0.7662333642834669
8.577127659574469,45.071244444444446,84.66666666666667,0.0,96.4091911315918,0.7641443932411276
8.67686170212766,41.21151111111111,84.1511111111111,0.0,113.09146571159363,0.7627408862693345
8.77659574468085,37.3992,84.81777777777778,0.0,129.69941067695618,0.762574581430724
8.876329787234043,35.501422222222224,84.28444444444445,0.0,146.39969754219055,0.7623921766987701
8.976063829787234,33.40848888888889,84.32888888888888,0.008888888888888889,163.12765455245972,0.762475325461847
9.075797872340425,32.53368888888889,84.92444444444445,0.017777777777777778,13.030985116958618,0.7741520467836449
9.175531914893616,32.7408,85.68,0.044444444444444446,29.779998540878296,0.775030303030293
9.275265957446809,33.47253333333333,85.30666666666666,0.02666666666666667,46.58706617355347,0.7754696725710953
9.375,34.25066666666667,85.69777777777777,0.08888888888888889,63.32301688194275,0.7758471237194241
9.474734042553191,35.5424,85.55555555555556,0.11555555555555555,80.26073694229126,0.7764519140989395
9.574468085106384,36.23208888888889,85.31555555555556,0.09777777777777777,97.18498945236206,0.7768353909464669
9.674202127659575,37.80786666666667,85.28888888888889,0.18666666666666668,114.0312488079071,0.7777076484768382
9.773936170212766,40.9408,84.96000000000001,0.2577777777777778,130.8439085483551,0.7773707521954786
9.873670212765957,42.532088888888886,85.07555555555555,0.20444444444444446,147.68056726455688,0.7774726872992326
9.97340425531915,44.254977777777775,85.34222222222222,0.3111111111111111,164.51041412353516,0.7777972070432285
