Epochs,Loss,Accuracy (%),Silent labels (%),Time (s),Average Prediction Confidence
0.09973404255319149,100.81284444444445,32.168888888888894,8.79111111111111,33.085586071014404,0.0
0.19946808510638298,66.31991111111111,55.04,1.7866666666666666,56.79759073257446,0.0
0.2992021276595745,55.73111111111111,61.23555555555556,0.0,78.31057238578796,0.0
0.39893617021276595,52.03315555555555,64.96,0.0,98.4742374420166,0.0
0.49867021276595747,49.69222222222222,67.09333333333333,0.0,117.64362835884094,0.0
0.598404255319149,48.138533333333335,67.53777777777778,0.0,136.036358833313,0.0
0.6981382978723404,46.345733333333335,69.12,0.0,153.84622621536255,0.0
0.7978723404255319,45.34488888888889,70.25777777777778,0.0,171.4380030632019,0.0
0.8976063829787234,44.35666666666667,70.70222222222222,0.0,188.65811371803284,0.0
0.9973404255319149,43.543955555555556,71.02222222222223,0.0,205.52085876464844,0.0
1.0970744680851063,42.980044444444445,71.73333333333333,0.008888888888888889,16.405815601348877,0.0
1.196808510638298,42.06333333333333,72.70222222222222,0.0,32.856083154678345,0.0
1.2965425531914894,41.80137777777778,72.53333333333333,0.0,49.05426859855652,0.0
1.3962765957446808,40.88128888888889,74.09777777777778,0.0,65.05663895606995,0.0
1.4960106382978724,40.73422222222222,73.56444444444445,0.0,80.92765021324158,0.0
1.5957446808510638,40.434755555555554,73.79555555555555,0.008888888888888889,96.65375113487244,0.0
1.6954787234042554,39.830133333333336,74.75555555555556,0.0,112.2838294506073,0.0
1.7952127659574468,39.468177777777775,74.92444444444445,0.0,127.80950713157654,0.0
1.8949468085106382,39.35551111111111,74.58666666666667,0.0,143.192120552063,0.0
1.9946808510638299,39.25071111111111,74.69333333333333,0.0,158.45671010017395,0.0
2.0944148936170213,38.83164444444444,74.99555555555555,0.0,14.447566509246826,0.0
2.1941489361702127,38.73831111111111,75.63555555555556,0.0,29.375682830810547,0.0
2.293882978723404,38.56613333333333,75.2,0.0,44.163984537124634,0.0
2.393617021276596,37.952533333333335,76.41777777777777,0.008888888888888889,58.90428400039673,0.0
2.4933510638297873,38.18,75.94666666666666,0.0,73.41310286521912,0.0
2.5930851063829787,38.111777777777775,75.52,0.0,87.82744550704956,0.0
2.69281914893617,37.772622222222225,76.56888888888889,0.0,102.0945885181427,0.0
2.7925531914893615,37.72328888888889,76.26666666666667,0.008888888888888889,116.28612351417542,0.0
2.8922872340425534,37.96924444444444,75.6888888888889,0.0,130.41347455978394,0.0
2.992021276595745,38.059733333333334,75.44,0.0,144.50287532806396,0.0
3.091755319148936,37.56324444444444,76.08,0.0,12.99406385421753,0.0
3.1914893617021276,37.663244444444445,76.10666666666667,0.0,26.723244190216064,0.0
3.291223404255319,37.59137777777778,75.47555555555554,0.0,40.447213649749756,0.0
3.390957446808511,36.842755555555556,77.2,0.008888888888888889,54.250065326690674,0.0
3.4906914893617023,37.25657777777778,76.45333333333333,0.008888888888888889,67.92907905578613,0.0
3.5904255319148937,37.23591111111111,75.84,0.0,81.45687556266785,0.0
3.690159574468085,37.06386666666667,76.47111111111111,0.0,95.00366401672363,0.0
3.7898936170212765,36.934844444444444,76.72888888888889,0.008888888888888889,108.42906522750854,0.0
3.889627659574468,37.4544,75.88444444444444,0.0,121.89707779884338,0.0
3.9893617021276597,37.3428,76.4,0.0,135.10460829734802,0.0
4.089095744680851,37.050577777777775,76.4,0.0,12.156094074249268,0.0
4.1888297872340425,37.108177777777776,76.21333333333334,0.0,25.316012620925903,0.0
4.288563829787234,36.9564,75.94666666666666,0.0,38.53983449935913,0.0
4.388297872340425,36.61022222222222,77.09333333333333,0.008888888888888889,51.638214349746704,0.0
4.488031914893617,36.82706666666667,76.65777777777778,0.008888888888888889,64.6587061882019,0.0
4.587765957446808,36.946622222222224,76.12444444444444,0.0,77.55340671539307,0.0
4.6875,36.66871111111111,77.2088888888889,0.0,90.41329836845398,0.0
4.787234042553192,37.016,76.7911111111111,0.0,103.26705241203308,0.0
4.886968085106383,37.150666666666666,76.15111111111112,0.0,116.0228066444397,0.0
4.986702127659575,36.86528888888889,76.42666666666666,0.0,128.8348639011383,0.0
5.086436170212766,36.54826666666666,77.07555555555555,0.0,11.350036382675171,0.0
5.1861702127659575,36.85262222222222,76.30222222222223,0.0,23.992002725601196,0.0
5.285904255319149,36.53902222222222,76.02666666666667,0.008888888888888889,36.542937994003296,0.0
5.38563829787234,36.15502222222222,77.2,0.0,49.229867935180664,0.0
5.485372340425532,36.322266666666664,77.34222222222222,0.0,61.760300397872925,0.0
5.585106382978723,36.44457777777778,76.8,0.0,74.35254168510437,0.0
5.684840425531915,36.385822222222224,77.29777777777778,0.0,86.89497900009155,0.0
5.784574468085107,36.42364444444444,76.66666666666667,0.0,99.36005091667175,0.0
5.884308510638298,36.596444444444444,76.41777777777777,0.0,111.87160444259644,0.0
5.98404255319149,36.76235555555556,76.64888888888889,0.0,124.27031350135803,0.0
6.0837765957446805,36.218,76.82666666666667,0.0,10.785288333892822,0.0
6.183510638297872,36.7864,76.20444444444445,0.008888888888888889,23.168570280075073,0.0
6.283244680851064,36.44648888888889,76.10666666666667,0.008888888888888889,35.53353404998779,0.0
6.382978723404255,36.065866666666665,77.42222222222223,0.0,47.85776448249817,0.0
6.482712765957447,36.19213333333333,77.46666666666667,0.008888888888888889,60.11050486564636,0.0
6.582446808510638,36.46595555555555,76.27555555555556,0.0,72.42932629585266,0.0
6.68218085106383,36.28862222222222,77.33333333333333,0.008888888888888889,84.76330947875977,0.0
6.781914893617022,36.07875555555555,77.09333333333333,0.0,97.0483911037445,0.0
6.881648936170213,36.38044444444444,76.72888888888889,0.0,109.28722667694092,0.0
6.9813829787234045,36.54253333333333,76.36444444444444,0.0,121.46775031089783,0.0
7.0811170212765955,36.199733333333334,77.01333333333334,0.0,10.15856647491455,0.0
7.180851063829787,36.78728888888889,75.97333333333334,0.008888888888888889,22.394273281097412,0.0
7.280585106382978,36.102088888888886,76.53333333333333,0.008888888888888889,34.559460163116455,0.0
7.38031914893617,36.04506666666666,77.14666666666666,0.0,46.76721143722534,0.0
7.480053191489362,36.017377777777774,77.38666666666667,0.008888888888888889,58.955647468566895,0.0
7.579787234042553,36.694177777777774,76.16888888888889,0.0,71.1098427772522,0.0
7.679521276595745,36.535111111111114,77.02222222222223,0.0,83.18432068824768,0.0
7.779255319148936,36.336444444444446,76.43555555555555,0.0,95.32578730583191,0.0
7.878989361702128,36.45382222222222,76.27555555555556,0.0,107.35555529594421,0.0
7.9787234042553195,36.48831111111111,76.37333333333333,0.0,119.25710248947144,0.0
8.07845744680851,36.16146666666667,77.41333333333333,0.0,9.770777463912964,0.0
8.178191489361701,36.79866666666667,75.92888888888889,0.008888888888888889,21.728405475616455,0.0
8.277925531914894,36.15617777777778,76.52444444444444,0.008888888888888889,33.65537643432617,0.0
8.377659574468085,36.11928888888889,77.22666666666666,0.0,45.662166118621826,0.0
8.477393617021276,36.16822222222222,76.8711111111111,0.0,57.613548278808594,0.0
8.577127659574469,36.419466666666665,76.20444444444445,0.008888888888888889,69.52937483787537,0.0
8.67686170212766,36.30777777777778,76.74666666666667,0.0,81.43441390991211,0.0
8.77659574468085,36.56004444444444,76.28444444444445,0.0,93.41558241844177,0.0
8.876329787234043,36.196888888888886,76.67555555555555,0.0,105.41955757141113,0.0
8.976063829787234,36.406711111111115,76.65777777777778,0.008888888888888889,117.36712598800659,0.0
9.075797872340425,36.02502222222222,76.8711111111111,0.0,9.346037149429321,0.0
9.175531914893616,36.70386666666667,76.09777777777778,0.008888888888888889,21.224456548690796,0.0
9.275265957446809,35.995066666666666,76.68444444444444,0.008888888888888889,33.08085751533508,0.0
9.375,36.129822222222224,76.80888888888889,0.008888888888888889,44.99632930755615,0.0
9.474734042553191,36.01573333333333,77.25333333333333,0.0,56.81503748893738,0.0
9.574468085106384,36.50266666666667,76.08888888888889,0.017777777777777778,68.64288187026978,0.0
9.674202127659575,36.14582222222222,76.72,0.0,80.49123334884644,0.0
9.773936170212766,36.24346666666667,76.67555555555555,0.0,92.39291000366211,0.0
9.873670212765957,36.424755555555556,76.0,0.0,104.16541481018066,0.0
9.97340425531915,36.35888888888889,76.27555555555556,0.008888888888888889,115.928626537323,0.0
