Epochs,Loss,Accuracy (%),Silent labels (%),Time (s),Average Prediction Confidence
0.1,47.55475,70.33333333333334,2.9499999999999997,18.2485773563385,0.5365333333333283
0.2,25.726,89.26666666666667,0.016666666666666666,37.195996046066284,0.6335055555555918
0.3,20.72325,91.3,0.0,54.405027627944946,0.6819518518518466
0.4,18.181083333333333,92.65,0.0,70.11021542549133,0.7122611111110816
0.5,15.965166666666667,93.95,0.0,85.00085997581482,0.7357466666666208
0.6,14.71525,94.66666666666667,0.0,99.09505462646484,0.7533851851851259
0.7,14.09225,94.71666666666667,0.016666666666666666,112.46759510040283,0.7668730158729472
0.8,13.3015,94.89999999999999,0.0,125.30338764190674,0.7781013888888205
0.9,12.48975,95.15,0.0,137.66173005104065,0.7877518518517906
1.0,12.355833333333333,95.55,0.0,149.7221474647522,0.7956822222221661
1.1,11.339333333333334,96.0,0.016666666666666666,11.714300870895386,0.8768000000000112
1.2,10.979166666666666,96.33333333333334,0.0,23.30450415611267,0.8792222222222325
1.3,11.17675,95.61666666666667,0.0,34.89956474304199,0.879407407407391
1.4,10.477,96.25,0.0,46.756399393081665,0.8813972222221848
1.5,10.61,96.1,0.0,58.792219400405884,0.882264444444391
1.6,9.956666666666667,96.66666666666667,0.0,69.73150610923767,0.88408518518512
1.7,9.966833333333334,96.68333333333334,0.0,80.65643763542175,0.8854904761904169
1.8,9.61675,96.6,0.0,91.21819925308228,0.8870069444443901
1.9,9.287083333333333,96.68333333333334,0.0,101.89131712913513,0.8886148148147666
2.0,9.544583333333334,96.55,0.0,111.75579190254211,0.8894766666666194
2.1,8.704666666666666,97.13333333333334,0.0,9.842917680740356,0.9066777777777899
2.2,8.339416666666667,97.46666666666667,0.0,19.390551805496216,0.909261111111118
2.3,8.6755,97.2,0.0,28.84857726097107,0.9085703703703606
2.4,8.668916666666666,96.98333333333333,0.0,38.19181823730469,0.9078277777777374
2.5,8.616583333333333,96.95,0.0,47.39879751205444,0.908037777777726
2.6,8.375166666666667,97.2,0.016666666666666666,56.778053998947144,0.9082944444443788
2.7,8.351916666666666,97.36666666666667,0.0,67.00777006149292,0.9088063492062928
2.8,8.031833333333333,97.18333333333334,0.0,77.0534930229187,0.9096347222221784
2.9,8.156833333333333,97.28333333333333,0.0,86.31471824645996,0.9102407407407014
3.0,8.067,97.33333333333334,0.0,95.15894651412964,0.9107544444444114
3.1,7.428416666666666,97.76666666666667,0.0,9.049533367156982,0.9204777777777913
3.2,7.356083333333333,97.86666666666667,0.0,18.603119134902954,0.9211944444444524
3.3,7.453083333333334,97.43333333333334,0.0,27.73055148124695,0.921407407407398
3.4,7.617583333333333,97.7,0.0,36.71377897262573,0.9207916666666314
3.5,7.3814166666666665,97.8,0.0,45.2940731048584,0.9211622222221733
3.6,7.157166666666667,97.93333333333332,0.0,53.76497769355774,0.921829629629571
3.7,7.25975,97.86666666666667,0.0,62.23997735977173,0.9220746031745543
3.8,7.348416666666667,97.8,0.0,70.57039046287537,0.9220833333332904
3.9,7.070083333333334,97.83333333333334,0.0,78.81956458091736,0.9225851851851519
4.0,7.205333333333333,97.55,0.0,86.9691276550293,0.922736666666639
4.1,6.7385,98.2,0.0,8.160040378570557,0.9286555555555659
4.2,6.62225,98.13333333333333,0.0,16.40962529182434,0.9295777777777812
4.3,6.76625,97.93333333333332,0.0,24.44111657142639,0.9290740740740593
4.4,6.517833333333333,98.11666666666666,0.0,32.44241499900818,0.9297861111110776
4.5,6.471666666666667,98.43333333333332,0.0,40.4607892036438,0.9304199999999531
4.6,6.582333333333334,97.75,0.0,48.39777612686157,0.9304888888888346
4.7,6.813583333333334,97.76666666666667,0.0,56.325998067855835,0.9302047619047196
4.8,6.801333333333333,97.95,0.0,64.23274493217468,0.9299499999999692
4.9,6.234,98.55000000000001,0.0,72.74955582618713,0.9306074074073838
5.0,6.43125,98.18333333333334,0.0,80.78033590316772,0.9308577777777637
5.1,5.977166666666666,98.41666666666666,0.0,7.844178676605225,0.9362777777777881
5.2,6.37625,98.23333333333333,0.0,15.678833484649658,0.9353055555555579
5.3,6.1074166666666665,98.26666666666667,0.0,23.661784887313843,0.9358185185185027
5.4,6.112333333333333,98.26666666666667,0.0,31.59985089302063,0.9358416666666336
5.5,6.028083333333333,98.18333333333334,0.0,39.58397459983826,0.9361866666666174
5.6,6.183,98.38333333333334,0.0,47.55526685714722,0.9358796296295749
5.7,6.0495833333333335,98.2,0.0,55.44916391372681,0.9361047619047247
5.8,5.898916666666667,98.43333333333332,0.0,63.31890511512756,0.9364361111110813
5.9,5.994833333333333,98.2,0.0,70.91190648078918,0.936612345678992
6.0,5.90825,98.4,0.0,78.98406219482422,0.9367788888888762
6.1,5.671666666666667,98.53333333333333,0.0,7.8828125,0.9405222222222317
6.2,5.701416666666667,98.46666666666667,0.0,15.822066307067871,0.9405388888888915
6.3,5.607166666666667,98.53333333333333,0.0,23.598963260650635,0.941044444444432
6.4,5.65075,98.5,0.0,31.387867212295532,0.9411777777777418
6.5,5.7605,98.33333333333333,0.0,38.969592809677124,0.9410488888888376
6.6,5.613166666666666,98.63333333333333,0.0,46.656412839889526,0.9411629629629099
6.7,5.550916666666667,98.46666666666667,0.0,55.07072448730469,0.9414158730158382
6.8,5.617,98.53333333333333,0.0,62.74655485153198,0.9414694444444208
6.9,5.6805,98.38333333333334,0.0,70.41414737701416,0.941359259259242
7.0,5.53075,98.53333333333333,0.0,78.23122549057007,0.9414955555555472
7.1,5.218416666666666,98.88333333333334,0.0,7.640672445297241,0.9459888888889003
7.2,5.356166666666667,98.71666666666667,0.0,15.639268159866333,0.944933333333336
7.3,5.370916666666667,98.6,0.0,23.528163194656372,0.9448296296296129
7.4,5.3415,98.55000000000001,0.0,30.984971284866333,0.9448833333332949
7.5,5.397333333333333,98.56666666666666,0.0,38.632155895233154,0.9446577777777247
7.6,5.333,98.63333333333333,0.0,46.179389238357544,0.9446314814814261
7.7,5.2525,98.51666666666667,0.0,53.59443020820618,0.9448634920634604
7.8,5.1575,98.73333333333333,0.0,61.298808097839355,0.9451124999999782
7.9,5.135833333333333,98.65,0.0,68.87395524978638,0.9454938271604841
8.0,5.366583333333334,98.5,0.0,76.30726075172424,0.9454688888888884
8.1,4.81375,98.96666666666667,0.0,7.325529336929321,0.9489333333333445
8.2,4.963,98.8,0.0,15.121708631515503,0.9491500000000033
8.3,5.168166666666667,98.73333333333333,0.0,23.71629285812378,0.9483370370370261
8.4,4.964833333333333,98.76666666666667,0.0,31.935168266296387,0.9483611111110769
8.5,5.067,98.75,0.0,39.39751195907593,0.9483066666666163
8.6,5.02425,98.93333333333332,0.0,46.84753680229187,0.9483092592592122
8.7,4.97,98.75,0.0,54.28640079498291,0.9484158730158447
8.8,4.909666666666666,98.85000000000001,0.0,61.52249789237976,0.9487555555555355
8.9,4.967666666666666,98.8,0.0,68.74533295631409,0.9488197530864111
9.0,5.000166666666667,98.85000000000001,0.0,76.21642446517944,0.9487566666666677
9.1,4.502666666666666,99.06666666666666,0.0,7.9314727783203125,0.9540888888888979
9.2,4.601833333333333,99.01666666666667,0.0,15.964265823364258,0.9535500000000017
9.3,4.5185,99.1,0.0,23.68204092979431,0.9536148148148018
9.4,4.704,98.98333333333333,0.0,31.587838888168335,0.9530305555555191
9.5,5.1185833333333335,98.61666666666666,0.0,39.17176866531372,0.9518844444443942
9.6,4.9055,98.88333333333334,0.0,46.32880520820618,0.951574074074026
9.7,4.796333333333333,98.63333333333333,0.0,53.87140655517578,0.9514698412698159
9.8,4.617083333333333,99.11666666666666,0.0,61.14034461975098,0.9517402777777655
9.9,5.083833333333334,98.78333333333333,0.0,68.43674945831299,0.9513901234567874
10.0,4.729416666666666,98.96666666666667,0.0,75.60642290115356,0.951422222222225
