Epochs,Loss,Accuracy (%),Silent labels (%),Time (s),Average Prediction Confidence
0.1,47.463,69.88333333333333,2.8666666666666667,18.4178249835968,0.5382888888888845
0.2,25.634333333333334,89.38333333333334,0.03333333333333333,37.06740927696228,0.6348111111111479
0.3,20.642416666666666,91.48333333333333,0.0,54.22330570220947,0.683040740740736
0.4,18.128916666666665,92.51666666666667,0.0,70.33056211471558,0.7131305555555291
0.5,15.895666666666667,93.89999999999999,0.0,85.67281460762024,0.7364244444443986
0.6,14.692583333333333,94.48333333333333,0.0,100.1233458518982,0.753975925925869
0.7,14.076166666666667,94.73333333333333,0.016666666666666666,113.4454824924469,0.7672333333332669
0.8,13.380583333333334,94.73333333333333,0.0,126.15990591049194,0.7783999999999346
0.9,12.483666666666666,95.35,0.0,138.2271373271942,0.7880061728394463
1.0,12.39875,95.45,0.0,150.01572251319885,0.7958833333332767
1.1,11.336166666666667,95.98333333333333,0.0,11.455928802490234,0.8767000000000106
1.2,10.999583333333334,96.21666666666667,0.0,22.699180603027344,0.8786666666666764
1.3,11.1685,95.51666666666667,0.0,33.52135705947876,0.8788518518518333
1.4,10.50575,96.31666666666666,0.0,44.12974572181702,0.8809055555555145
1.5,10.625583333333333,96.1,0.016666666666666666,54.705968379974365,0.8817333333332771
1.6,9.95425,96.66666666666667,0.0,64.91943550109863,0.8835555555554884
1.7,9.978416666666666,96.73333333333333,0.0,75.01120185852051,0.884861904761842
1.8,9.60975,96.55,0.0,85.27651000022888,0.8865097222221667
1.9,9.23075,96.71666666666667,0.0,95.23515510559082,0.8881814814814318
2.0,9.498083333333334,96.65,0.0,104.99358224868774,0.8891399999999511
2.1,8.72825,97.16666666666667,0.0,9.646769523620605,0.9063666666666803
2.2,8.334583333333333,97.38333333333333,0.0,19.430763721466064,0.9090333333333402
2.3,8.707166666666666,97.16666666666667,0.0,28.71968173980713,0.9079629629629484
2.4,8.665583333333334,96.88333333333333,0.0,38.04368281364441,0.9072416666666275
2.5,8.611333333333333,96.91666666666666,0.0,47.35369253158569,0.907406666666619
2.6,8.36475,97.35000000000001,0.0,56.38297748565674,0.907914814814753
2.7,8.2845,97.21666666666667,0.0,65.3318099975586,0.908534920634868
2.8,7.9911666666666665,97.13333333333334,0.0,74.30725336074829,0.9093805555555118
2.9,8.119,97.3,0.0,83.34561324119568,0.9099308641974929
3.0,8.012916666666667,97.26666666666667,0.0,92.72813653945923,0.9104355555555245
3.1,7.4318333333333335,97.55,0.0,9.182100772857666,0.9204666666666789
3.2,7.360666666666667,97.81666666666666,0.0,17.75602912902832,0.9213944444444492
3.3,7.4225,97.46666666666667,0.0,26.27134656906128,0.9215296296296168
3.4,7.604833333333334,97.66666666666667,0.0,34.85292673110962,0.9208527777777402
3.5,7.3845,97.81666666666666,0.0,43.38081216812134,0.9211422222221731
3.6,7.09475,97.86666666666667,0.0,51.800180435180664,0.9217981481480892
3.7,7.18975,97.91666666666666,0.0,60.17066717147827,0.9220476190475722
3.8,7.314333333333333,97.76666666666667,0.0,68.58312129974365,0.9221388888888469
3.9,7.06975,97.73333333333333,0.0,76.90545630455017,0.9227456790123134
4.0,7.206083333333333,97.41666666666666,0.0,85.10442805290222,0.9227733333333084
4.1,6.716583333333333,98.21666666666667,0.0,8.3447585105896,0.927855555555566
4.2,6.652166666666667,98.1,0.016666666666666666,16.474230766296387,0.9291388888888921
4.3,6.765333333333333,97.95,0.0,24.473292112350464,0.9285037037036865
4.4,6.5304166666666665,98.1,0.0,32.43116641044617,0.9292361111110675
4.5,6.37625,98.28333333333333,0.0,40.358484745025635,0.9301399999999446
4.6,6.5915,97.86666666666667,0.0,48.25770378112793,0.9302833333332697
4.7,6.796833333333334,97.7,0.0,56.54014754295349,0.9300809523809033
4.8,6.777083333333334,97.75,0.0,64.68218493461609,0.9297222222221879
4.9,6.240666666666667,98.5,0.0,72.77266526222229,0.9303493827160222
5.0,6.43725,98.11666666666666,0.0,81.0466980934143,0.9305811111110949
5.1,5.94425,98.51666666666667,0.0,7.959010362625122,0.9367111111111219
5.2,6.325166666666667,98.26666666666667,0.0,15.911219358444214,0.9352444444444445
5.3,6.092583333333334,98.28333333333333,0.0,23.698097467422485,0.9358444444444282
5.4,6.0906666666666665,98.23333333333333,0.0,31.54908323287964,0.9358722222221795
5.5,5.998166666666667,98.23333333333333,0.0,39.32885408401489,0.9363711111110562
5.6,6.183583333333333,98.16666666666667,0.0,47.05401825904846,0.9361222222221655
5.7,6.027416666666666,98.33333333333333,0.0,54.67895841598511,0.936328571428532
5.8,5.79,98.55000000000001,0.0,62.297216176986694,0.936719444444412
5.9,5.996666666666667,98.15,0.0,69.87250661849976,0.936806172839484
6.0,5.886083333333334,98.21666666666667,0.0,77.56678175926208,0.9370255555555408
6.1,5.60275,98.43333333333332,0.0,8.123918294906616,0.9409888888888983
6.2,5.63925,98.56666666666666,0.0,15.867128610610962,0.9409555555555584
6.3,5.5475,98.6,0.016666666666666666,23.461561679840088,0.9411222222222128
6.4,5.5495,98.58333333333333,0.0,31.020119190216064,0.9415111111110812
6.5,5.7935,98.41666666666666,0.0,38.609957695007324,0.9412266666666274
6.6,5.616333333333333,98.43333333333332,0.0,46.29346013069153,0.9412666666666205
6.7,5.53125,98.65,0.0,53.80254602432251,0.941573015872986
6.8,5.675416666666667,98.58333333333333,0.0,61.28466057777405,0.9416263888888693
6.9,5.692166666666667,98.35000000000001,0.0,68.81057739257812,0.9414641975308508
7.0,5.463333333333333,98.51666666666667,0.0,76.48741006851196,0.9416844444444401
7.1,5.156333333333333,98.98333333333333,0.0,7.726473093032837,0.9465777777777883
7.2,5.38625,98.63333333333333,0.0,15.160969018936157,0.9450333333333341
7.3,5.35275,98.61666666666666,0.0,22.674131870269775,0.9448925925925796
7.4,5.316916666666667,98.48333333333333,0.0,30.26527190208435,0.944794444444404
7.5,5.356333333333334,98.65,0.0,38.258145809173584,0.9448022222221634
7.6,5.248833333333334,98.61666666666666,0.0,46.019877195358276,0.9449962962962379
7.7,5.277666666666667,98.6,0.0,53.24144697189331,0.9451412698412341
7.8,5.152583333333333,98.8,0.0,60.64163422584534,0.945268055555532
7.9,5.12625,98.73333333333333,0.016666666666666666,68.52172350883484,0.9456345679012234
8.0,5.31525,98.5,0.0,76.65376019477844,0.945631111111109
8.1,4.85225,98.96666666666667,0.0,7.667320013046265,0.9486888888888989
8.2,4.985083333333334,98.7,0.0,15.517244100570679,0.9488277777777866
8.3,5.1095,98.83333333333333,0.0,23.194029092788696,0.9481333333333262
8.4,4.940083333333333,98.71666666666667,0.0,30.900705814361572,0.9483527777777483
8.5,5.030666666666667,98.71666666666667,0.0,38.56918001174927,0.9483311111110644
8.6,5.051333333333333,98.86666666666667,0.016666666666666666,46.30197238922119,0.9482907407406939
8.7,4.959666666666666,98.88333333333334,0.0,54.031086921691895,0.9483857142856839
8.8,4.915416666666666,99.01666666666667,0.0,61.78718018531799,0.9487874999999788
8.9,4.971333333333333,98.75,0.0,70.00679802894592,0.9487987654320895
9.0,5.002916666666667,98.83333333333333,0.0,77.76304459571838,0.9487999999999984
9.1,4.48825,98.96666666666667,0.0,6.930363893508911,0.9532666666666774
9.2,4.538083333333334,99.06666666666666,0.0,13.833171367645264,0.9535555555555578
9.3,4.592083333333333,98.98333333333333,0.016666666666666666,20.753275394439697,0.9535296296296203
9.4,4.72025,98.86666666666667,0.0,27.965463161468506,0.9530999999999622
9.5,5.075833333333334,98.6,0.0,35.2512092590332,0.9518755555555113
9.6,4.75125,98.88333333333334,0.0,42.876832008361816,0.9516425925925489
9.7,4.7476666666666665,98.78333333333333,0.0,50.395419120788574,0.9516269841269598
9.8,4.620666666666667,99.05000000000001,0.0,57.69359612464905,0.9518638888888774
9.9,5.0845,98.71666666666667,0.0,64.85694646835327,0.9514456790123421
10.0,4.658083333333333,99.0,0.0,72.2279736995697,0.9515255555555617
