Epochs,Loss,Accuracy (%),Silent labels (%),Time (s),Average Prediction Confidence
0.1,46.98741666666667,70.71666666666667,2.7833333333333337,19.234715223312378,0.5441444444444385
0.2,25.549583333333334,89.55,0.03333333333333333,39.18369746208191,0.6385000000000359
0.3,20.687416666666667,91.35,0.016666666666666666,56.04128623008728,0.6859703703703667
0.4,18.147083333333335,92.9,0.0,71.49994158744812,0.7155777777777522
0.5,15.936333333333334,93.8,0.0,86.03632855415344,0.7384377777777347
0.6,14.753583333333333,94.25,0.0,99.779452085495,0.7556259259258711
0.7,14.096083333333333,94.76666666666667,0.016666666666666666,112.71848154067993,0.7687587301586652
0.8,13.394833333333333,94.61666666666667,0.0,125.08323645591736,0.779724999999935
0.9,12.513416666666666,95.35,0.0,136.9643805027008,0.7891987654320411
1.0,12.416416666666667,95.5,0.0,148.48348951339722,0.7968822222221685
1.1,11.329,96.08333333333333,0.0,11.170627355575562,0.8772666666666772
1.2,10.953833333333334,96.2,0.0,22.24921202659607,0.8792222222222286
1.3,11.134083333333333,95.5,0.0,32.92737126350403,0.8796111111110918
1.4,10.508916666666666,96.16666666666667,0.0,43.401543617248535,0.881497222222182
1.5,10.581666666666667,96.1,0.0,53.57477688789368,0.8823044444443894
1.6,9.989,96.83333333333334,0.0,63.65378451347351,0.8841111111110447
1.7,9.977416666666667,96.73333333333333,0.0,73.42413401603699,0.885425396825337
1.8,9.554583333333333,96.63333333333334,0.0,83.0700991153717,0.8869361111110582
1.9,9.232916666666666,96.76666666666667,0.0,92.61203217506409,0.8885098765431636
2.0,9.503416666666666,96.55,0.0,101.96613621711731,0.8894866666666238
2.1,8.651333333333334,97.21666666666667,0.0,9.248793363571167,0.90647777777779
2.2,8.305833333333334,97.5,0.0,18.56963586807251,0.9093500000000098
2.3,8.68,97.16666666666667,0.016666666666666666,27.757455110549927,0.9084666666666548
2.4,8.658416666666668,96.89999999999999,0.016666666666666666,36.99704599380493,0.9077138888888473
2.5,8.595166666666668,97.05,0.0,45.99458909034729,0.9078511111110585
2.6,8.271083333333333,97.3,0.0,54.851590156555176,0.9084425925925268
2.7,8.330416666666666,97.1,0.0,63.64818334579468,0.9089888888888338
2.8,7.9359166666666665,97.2,0.0,72.31454920768738,0.9098361111110689
2.9,8.087666666666667,97.18333333333334,0.0,81.00474452972412,0.9104333333332959
3.0,7.964166666666666,97.48333333333333,0.0,89.58462333679199,0.9109588888888569
3.1,7.398416666666667,97.6,0.0,8.414206266403198,0.9201777777777901
3.2,7.30825,97.78333333333333,0.0,16.920422077178955,0.9213388888888939
3.3,7.350416666666667,97.71666666666667,0.0,25.290257692337036,0.921818518518508
3.4,7.505416666666667,97.8,0.0,33.60697555541992,0.9211749999999599
3.5,7.337083333333333,97.76666666666667,0.0,41.93920540809631,0.9214511111110596
3.6,7.068333333333333,98.0,0.0,50.18953251838684,0.922220370370313
3.7,7.195666666666667,97.95,0.0,58.342941761016846,0.9223888888888451
3.8,7.283916666666666,97.75,0.0,66.37208414077759,0.9224638888888533
3.9,6.9595,97.61666666666666,0.0,74.37525391578674,0.9231518518518232
4.0,7.1593333333333335,97.41666666666666,0.016666666666666666,82.35410809516907,0.923214444444421
4.1,6.689416666666666,98.11666666666666,0.0,8.0968599319458,0.9287888888889007
4.2,6.550083333333333,98.15,0.0,16.3741192817688,0.9299388888888942
4.3,6.7210833333333335,97.91666666666666,0.0,24.434760808944702,0.9294740740740604
4.4,6.421583333333333,98.03333333333333,0.0,32.463640213012695,0.9301277777777373
4.5,6.326583333333334,98.3,0.0,40.445964336395264,0.9309799999999464
4.6,6.517416666666667,97.83333333333334,0.0,48.31553888320923,0.9310592592592012
4.7,6.70975,97.76666666666667,0.0,56.16858959197998,0.9307857142856668
4.8,6.732166666666667,97.85000000000001,0.0,64.01910495758057,0.930473611111075
4.9,6.2185,98.41666666666666,0.0,71.80583357810974,0.9310308641975032
5.0,6.37625,98.15,0.0,79.50547361373901,0.931125555555537
5.1,5.848416666666667,98.48333333333333,0.0,7.785252571105957,0.937455555555566
5.2,6.261333333333333,98.33333333333333,0.0,15.414767503738403,0.9357555555555597
5.3,5.998166666666667,98.16666666666667,0.0,22.9599826335907,0.9362037037036898
5.4,5.9445,98.21666666666667,0.0,30.415254592895508,0.9363305555555168
5.5,5.87425,98.33333333333333,0.0,37.8807315826416,0.9369444444443934
5.6,6.05575,98.38333333333334,0.0,45.34730672836304,0.93683703703698
5.7,5.929416666666667,98.28333333333333,0.0,52.67398142814636,0.9370793650793223
5.8,5.7156666666666665,98.48333333333333,0.0,59.99547076225281,0.9374236111110805
5.9,5.910416666666666,98.15,0.0,67.2640733718872,0.9376012345678809
6.0,5.8285833333333334,98.36666666666667,0.0,74.57175540924072,0.9378199999999881
6.1,5.61925,98.4,0.0,7.413856029510498,0.9415000000000108
6.2,5.629666666666667,98.43333333333332,0.0,14.65669560432434,0.9421222222222229
6.3,5.685833333333333,98.51666666666667,0.0,21.899938106536865,0.9427111111110994
6.4,5.899333333333334,98.71666666666667,0.016666666666666666,29.125694036483765,0.9432416666666292
6.5,6.366333333333333,98.3,0.0,36.31818604469299,0.9432466666666135
6.6,6.644416666666666,98.55000000000001,0.0,43.48242139816284,0.943468518518465
6.7,7.0136666666666665,98.55000000000001,0.0,50.76645565032959,0.9440142857142437
6.8,7.44025,98.31666666666666,0.016666666666666666,57.97677254676819,0.944184722222187
6.9,8.1705,98.45,0.03333333333333333,65.20217823982239,0.9440987654320648
7.0,8.537833333333333,98.5,0.016666666666666666,72.47010540962219,0.9443666666666338
7.1,8.584583333333333,98.81666666666666,0.0,7.230474472045898,0.9508000000000084
7.2,8.979333333333333,98.41666666666666,0.016666666666666666,14.50745177268982,0.9492000000000047
7.3,9.434333333333333,98.43333333333332,0.016666666666666666,21.796677827835083,0.948937037037027
7.4,9.52025,98.43333333333332,0.016666666666666666,29.10491132736206,0.9486749999999767
7.5,9.177916666666667,98.56666666666666,0.016666666666666666,36.3879189491272,0.9485422222221835
7.6,8.661,98.63333333333333,0.016666666666666666,43.62791037559509,0.9483166666666258
7.7,8.662083333333333,98.6,0.0,50.86892652511597,0.9482904761904479
7.8,8.338916666666666,98.91666666666666,0.0,58.06185841560364,0.9485402777777542
7.9,7.8155833333333335,98.66666666666667,0.0,65.14100337028503,0.9485987654320859
8.0,7.411833333333333,98.45,0.016666666666666666,72.23940873146057,0.9483544444444406
8.1,5.75025,99.03333333333333,0.0,7.26058030128479,0.9487222222222337
8.2,5.4345,98.68333333333334,0.0,14.304665803909302,0.948761111111118
8.3,5.406583333333334,98.73333333333333,0.0,21.333572149276733,0.9477888888888774
8.4,5.17725,98.66666666666667,0.0,28.28840470314026,0.947994444444409
8.5,5.144333333333333,98.71666666666667,0.0,35.24609684944153,0.9480444444443931
8.6,5.084333333333333,98.88333333333334,0.0,42.589823484420776,0.9483703703703213
8.7,5.03,98.88333333333334,0.0,50.82991886138916,0.9485619047618742
8.8,5.008083333333333,98.93333333333332,0.0,58.5743613243103,0.949040277777761
8.9,5.068583333333334,98.81666666666666,0.0,66.09021735191345,0.949233333333326
9.0,5.15025,98.76666666666667,0.0,73.17141890525818,0.9494100000000018
9.1,4.8925,99.05000000000001,0.0,7.418514966964722,0.9555444444444533
9.2,5.2185,99.05000000000001,0.016666666666666666,14.618802070617676,0.9550500000000038
9.3,5.346416666666666,98.91666666666666,0.0,21.759934425354004,0.9555037037036954
9.4,5.845166666666667,98.91666666666666,0.0,28.914538860321045,0.9551972222221887
9.5,6.3285,98.61666666666666,0.0,36.128013134002686,0.9542088888888473
9.6,6.311333333333334,98.93333333333332,0.0,44.06110501289368,0.9540981481481042
9.7,6.561083333333333,98.7,0.016666666666666666,51.88355612754822,0.9541793650793345
9.8,6.7235,98.93333333333332,0.0,59.52924919128418,0.9544402777777516
9.9,7.264583333333333,98.53333333333333,0.0,67.08404350280762,0.9542530864197285
10.0,7.245916666666667,98.95,0.0,74.3701229095459,0.9542199999999804
