Epochs,Loss,Accuracy (%),Silent labels (%),Time (s),Average Prediction Confidence
0.1,47.11558333333333,70.33333333333334,2.8166666666666664,18.255584478378296,0.5411111111111069
0.2,25.53325,89.55,0.05,37.194047927856445,0.6368444444444812
0.3,20.605833333333333,91.28333333333333,0.0,55.5601441860199,0.6844444444444384
0.4,18.18225,92.86666666666666,0.0,71.4925549030304,0.7140499999999721
0.5,15.8545,93.95,0.0,86.6329574584961,0.7372444444443976
0.6,14.69575,94.6,0.016666666666666666,100.8386378288269,0.7546481481480892
0.7,14.040333333333333,94.76666666666667,0.016666666666666666,114.24013948440552,0.7680841269840599
0.8,13.410666666666666,94.86666666666666,0.0,127.1745171546936,0.7790499999999341
0.9,12.458,95.13333333333334,0.0,139.58592247962952,0.7885962962962364
1.0,12.344416666666667,95.65,0.0,151.71318674087524,0.7964511111110505
1.1,11.34425,96.03333333333333,0.016666666666666666,11.705566883087158,0.8766444444444547
1.2,10.975583333333333,96.23333333333333,0.0,23.070010900497437,0.8792611111111185
1.3,11.156166666666667,95.46666666666667,0.0,34.32365274429321,0.8794925925925721
1.4,10.487666666666666,96.31666666666666,0.0,45.32805013656616,0.8816361111110674
1.5,10.577666666666667,96.15,0.0,56.507174253463745,0.8825666666666094
1.6,9.94075,96.63333333333334,0.0,67.12123823165894,0.8843537037036366
1.7,10.001916666666666,96.7,0.0,77.44629955291748,0.8855761904761277
1.8,9.54925,96.43333333333334,0.0,87.83711338043213,0.8871444444443854
1.9,9.24525,96.65,0.0,98.92014169692993,0.888613580246862
2.0,9.554166666666667,96.56666666666666,0.0,109.73879957199097,0.8895466666666172
2.1,8.7695,97.11666666666666,0.0,9.847890377044678,0.9062111111111227
2.2,8.34525,97.38333333333333,0.0,19.504348278045654,0.9089444444444525
2.3,8.700083333333334,97.15,0.0,29.453129053115845,0.9084259259259134
2.4,8.657833333333333,96.98333333333333,0.0,39.36214876174927,0.9078138888888476
2.5,8.59525,96.96666666666667,0.0,49.209590911865234,0.9078733333332817
2.6,8.3655,97.45,0.0,58.383981704711914,0.9082925925925303
2.7,8.324583333333333,97.23333333333333,0.0,67.44162631034851,0.9088174603174093
2.8,8.003083333333333,97.03333333333333,0.0,76.60033965110779,0.9096263888888468
2.9,8.161,97.18333333333334,0.0,85.52401089668274,0.9100814814814451
3.0,8.027083333333334,97.36666666666667,0.0,94.29237222671509,0.9105844444444144
3.1,7.398166666666667,97.61666666666666,0.0,9.196467399597168,0.9208555555555679
3.2,7.352333333333333,97.81666666666666,0.0,18.31652808189392,0.9213722222222259
3.3,7.464583333333334,97.58333333333333,0.0,27.44659423828125,0.9213592592592453
3.4,7.580416666666666,97.71666666666667,0.0,36.414655685424805,0.9206888888888486
3.5,7.36075,97.78333333333333,0.0,45.12739372253418,0.9210777777777213
3.6,7.158333333333333,97.98333333333333,0.0,53.67300319671631,0.9217333333332655
3.7,7.198166666666666,97.81666666666666,0.0,62.69063401222229,0.922006349206296
3.8,7.274416666666666,97.8,0.0,71.34196591377258,0.9221305555555093
3.9,7.035083333333334,97.66666666666667,0.0,79.95982313156128,0.9227098765431746
4.0,7.191833333333333,97.43333333333334,0.0,88.2078504562378,0.9228211111110827
4.1,6.78925,98.16666666666667,0.0,8.236196517944336,0.9275666666666779
4.2,6.62475,98.18333333333334,0.0,16.721652507781982,0.9290722222222271
4.3,6.762666666666667,97.8,0.0,24.889809131622314,0.9287703703703551
4.4,6.513333333333334,98.2,0.0,33.196244955062866,0.929363888888851
4.5,6.405333333333333,98.31666666666666,0.0,41.29316425323486,0.9302244444443915
4.6,6.551,97.95,0.0,49.41536092758179,0.9304685185184561
4.7,6.756666666666667,97.7,0.0,57.5557017326355,0.9302809523809022
4.8,6.782416666666666,97.83333333333334,0.0,65.51044940948486,0.9299888888888516
4.9,6.23225,98.51666666666667,0.0,73.4398603439331,0.9305604938271309
5.0,6.428833333333333,98.13333333333333,0.0,81.28254699707031,0.9308422222222018
5.1,5.957,98.51666666666667,0.0,8.048176050186157,0.9363888888888999
5.2,6.386833333333334,98.13333333333333,0.0,15.88006854057312,0.934661111111113
5.3,6.093,98.23333333333333,0.0,23.752853631973267,0.9353962962962801
5.4,6.1055,98.25,0.0,31.608498096466064,0.9357166666666267
5.5,6.016,98.25,0.0,39.42065954208374,0.9361911111110541
5.6,6.18375,98.28333333333333,0.0,47.281150817871094,0.9361166666666092
5.7,6.080916666666667,98.3,0.0,55.11430740356445,0.9363031746031304
5.8,5.799166666666666,98.48333333333333,0.0,62.81016206741333,0.9366763888888565
5.9,6.053416666666666,98.31666666666666,0.0,70.60472702980042,0.9367703703703454
6.0,5.92,98.38333333333334,0.0,78.24606847763062,0.9370066666666479
6.1,5.659583333333333,98.48333333333333,0.0,7.631898641586304,0.9409000000000101
6.2,5.693833333333333,98.5,0.0,15.503595113754272,0.9408888888888899
6.3,5.527833333333334,98.6,0.0,23.157310247421265,0.9414888888888765
6.4,5.59275,98.61666666666666,0.0,30.72624921798706,0.9415861111110734
6.5,5.712583333333333,98.4,0.0,38.219337463378906,0.9416044444443956
6.6,5.620916666666667,98.53333333333333,0.0,45.826159954071045,0.941638888888833
6.7,5.541,98.68333333333334,0.0,53.356664180755615,0.9418936507936126
6.8,5.691333333333334,98.31666666666666,0.0,60.82968235015869,0.941945833333307
6.9,5.6963333333333335,98.48333333333333,0.0,68.24185419082642,0.94174938271603
7.0,5.52675,98.45,0.0,75.72337889671326,0.9417966666666575
7.1,5.212,98.95,0.0,7.481659412384033,0.9469333333333431
7.2,5.354,98.76666666666667,0.0,14.986760377883911,0.9455555555555588
7.3,5.3805,98.61666666666666,0.0,22.3188898563385,0.9453777777777636
7.4,5.32225,98.5,0.0,29.701727151870728,0.9454694444444147
7.5,5.458666666666667,98.63333333333333,0.0,37.008270263671875,0.9451111111110656
7.6,5.28225,98.6,0.0,44.32529425621033,0.9453148148147674
7.7,5.280833333333334,98.66666666666667,0.0,51.67076539993286,0.9454460317460052
7.8,5.120833333333334,98.8,0.0,58.97736740112305,0.9456180555555399
7.9,5.12,98.65,0.0,66.35069012641907,0.9459370370370335
8.0,5.391166666666667,98.58333333333333,0.016666666666666666,73.65676069259644,0.9457955555555637
8.1,4.769,99.05000000000001,0.0,7.491744518280029,0.950377777777789
8.2,4.997333333333334,98.8,0.0,14.852909326553345,0.9498777777777859
8.3,5.137333333333333,98.78333333333333,0.0,22.192787885665894,0.9490851851851767
8.4,5.00075,98.68333333333334,0.0,29.496187925338745,0.9488472222221876
8.5,5.0005,98.76666666666667,0.0,36.75993061065674,0.9488444444443892
8.6,5.042416666666667,98.8,0.0,43.96590757369995,0.9487314814814264
8.7,5.034416666666667,98.85000000000001,0.0,51.23741626739502,0.9488158730158358
8.8,4.899166666666667,98.96666666666667,0.0,58.43578267097473,0.9491236111110883
8.9,4.9039166666666665,98.83333333333333,0.0,65.7549660205841,0.9492271604938166
9.0,5.010833333333333,98.85000000000001,0.0,73.00548815727234,0.949288888888888
9.1,4.509916666666666,99.16666666666667,0.0,7.384447336196899,0.9538111111111209
9.2,4.611666666666666,99.01666666666667,0.0,14.682770013809204,0.9540944444444474
9.3,4.624583333333334,98.98333333333333,0.0,21.905730485916138,0.9540740740740619
9.4,4.76325,99.01666666666667,0.0,29.15685272216797,0.9533138888888496
9.5,5.1105,98.6,0.0,36.337634325027466,0.9521955555555031
9.6,4.8895,98.91666666666666,0.0,43.465933084487915,0.9519259259258761
9.7,4.890916666666667,98.9,0.0,50.65850567817688,0.9517984126983825
9.8,4.7603333333333335,98.98333333333333,0.0,57.92005491256714,0.9520666666666472
9.9,5.160583333333333,98.76666666666667,0.0,65.1313829421997,0.9517086419752979
10.0,4.793166666666667,98.93333333333332,0.0,72.32646203041077,0.951729999999998
