Epochs,Loss,Accuracy (%),Silent labels (%),Time (s),Average Prediction Confidence
0.1,46.97258333333333,70.35,2.7833333333333337,19.59671926498413,0.5429999999999948
0.2,25.429916666666667,89.58333333333334,0.016666666666666666,38.68078851699829,0.6391166666667019
0.3,20.563916666666668,91.5,0.0,55.26691961288452,0.6864037037036987
0.4,18.082083333333333,92.78333333333333,0.016666666666666666,70.50628805160522,0.7158666666666434
0.5,15.800333333333333,93.98333333333333,0.0,84.85279631614685,0.7388999999999609
0.6,14.620666666666667,94.55,0.0,98.35011744499207,0.7561888888888396
0.7,14.041333333333334,94.95,0.016666666666666666,111.26624822616577,0.7692904761904156
0.8,13.347583333333333,94.76666666666667,0.0,123.65993905067444,0.7801416666666058
0.9,12.459416666666666,95.3,0.0,135.70748448371887,0.7895827160493278
1.0,12.3305,95.71666666666667,0.0,147.32977938652039,0.7973388888888362
1.1,11.285416666666666,96.05,0.03333333333333333,11.563098669052124,0.8766111111111229
1.2,10.929333333333334,96.18333333333334,0.016666666666666666,23.828489542007446,0.8790555555555654
1.3,11.050916666666666,95.66666666666667,0.0,35.35951375961304,0.8796629629629452
1.4,10.403166666666667,96.25,0.0,46.103652000427246,0.881744444444404
1.5,10.4955,96.21666666666667,0.0,56.6495566368103,0.8826755555555001
1.6,9.9145,96.6,0.0,67.18477058410645,0.8844425925925313
1.7,9.925333333333333,96.66666666666667,0.0,77.62187623977661,0.8856888888888333
1.8,9.501083333333334,96.71666666666667,0.0,87.41990733146667,0.8872694444443933
1.9,9.123416666666667,96.75,0.0,97.16278123855591,0.8889061728394589
2.0,9.44825,96.6,0.0,106.7526113986969,0.8897533333332881
2.1,8.65175,97.18333333333334,0.0,9.671539545059204,0.9072555555555687
2.2,8.240583333333333,97.43333333333334,0.0,19.511736631393433,0.9098277777777867
2.3,8.591583333333332,97.25,0.0,30.379974365234375,0.9092851851851708
2.4,8.582166666666666,97.11666666666666,0.0,41.09345316886902,0.9086499999999581
2.5,8.502083333333333,97.0,0.0,50.406343936920166,0.9088088888888352
2.6,8.270166666666666,97.38333333333333,0.0,59.72678327560425,0.9092314814814131
2.7,8.208,97.41666666666666,0.0,69.27959823608398,0.9098317460316874
2.8,7.953916666666666,97.08333333333333,0.0,79.27542495727539,0.9105624999999551
2.9,8.0215,97.3,0.0,88.1035385131836,0.9110999999999614
3.0,7.956,97.5,0.016666666666666666,97.20580410957336,0.9114866666666351
3.1,7.336916666666666,97.58333333333333,0.0,8.459861278533936,0.9219777777777898
3.2,7.3125,97.73333333333333,0.0,16.859580039978027,0.9221666666666714
3.3,7.347166666666666,97.6,0.0,25.23038148880005,0.9222925925925805
3.4,7.507,97.65,0.0,33.58166694641113,0.9215555555555183
3.5,7.3196666666666665,97.73333333333333,0.0,41.95077157020569,0.9217822222221712
3.6,6.995833333333334,97.96666666666667,0.0,50.203235387802124,0.922474074074013
3.7,7.1205,97.96666666666667,0.0,58.4087769985199,0.9226936507936013
3.8,7.202166666666667,97.83333333333334,0.0,66.57528781890869,0.9228152777777353
3.9,6.884416666666667,97.86666666666667,0.0,74.64936923980713,0.9234259259258935
4.0,7.099583333333333,97.43333333333334,0.0,82.76990962028503,0.9235711111110845
4.1,6.6235,98.11666666666666,0.0,8.060852289199829,0.9287888888889003
4.2,6.572333333333333,98.06666666666666,0.016666666666666666,16.072267532348633,0.9299166666666707
4.3,6.698166666666666,97.93333333333332,0.0,23.995513677597046,0.9292740740740579
4.4,6.4215,98.21666666666667,0.0,31.938804626464844,0.9300333333332916
4.5,6.292083333333333,98.41666666666666,0.0,39.920804023742676,0.9307488888888334
4.6,6.5088333333333335,97.85000000000001,0.0,48.642122745513916,0.9309277777777157
4.7,6.70825,97.88333333333334,0.016666666666666666,56.58010721206665,0.9306079365078885
4.8,6.660083333333334,97.88333333333334,0.0,64.33168864250183,0.9304319444444092
4.9,6.13275,98.53333333333333,0.0,72.10474181175232,0.9310246913579985
5.0,6.344166666666666,98.11666666666666,0.0,79.85981225967407,0.9312177777777616
5.1,5.875583333333333,98.46666666666667,0.0,7.719139814376831,0.937066666666677
5.2,6.1865,98.31666666666666,0.0,15.627313613891602,0.9355333333333362
5.3,5.970916666666667,98.3,0.0,24.05606722831726,0.93608518518517
5.4,5.956833333333333,98.2,0.0,32.31298065185547,0.9362805555555199
5.5,5.886583333333333,98.36666666666667,0.0,41.03245544433594,0.9367088888888374
5.6,6.002083333333333,98.28333333333333,0.0,49.9692223072052,0.9367333333332786
5.7,5.919,98.26666666666667,0.0,58.33136582374573,0.93703968253964
5.8,5.685333333333333,98.48333333333333,0.0,66.12289500236511,0.9373916666666355
5.9,5.865833333333334,98.43333333333332,0.0,73.90545058250427,0.9374839506172642
6.0,5.823916666666666,98.23333333333333,0.0,81.67692399024963,0.9377199999999891
6.1,5.618,98.58333333333333,0.0,8.256283521652222,0.9416222222222318
6.2,5.63,98.56666666666666,0.0,16.146562337875366,0.9419888888888934
6.3,5.624416666666667,98.48333333333333,0.0,23.868353843688965,0.9429962962962875
6.4,5.707166666666667,98.61666666666666,0.0,31.992775440216064,0.9435722222221867
6.5,5.910833333333334,98.41666666666666,0.0,40.26266074180603,0.9439444444443926
6.6,5.941,98.61666666666666,0.016666666666666666,47.97475552558899,0.9443999999999463
6.7,5.839833333333333,98.56666666666666,0.0,55.800567388534546,0.9452412698412284
6.8,5.895,98.36666666666667,0.0,63.70061707496643,0.9457305555555219
6.9,5.96575,98.31666666666666,0.0,71.35924577713013,0.9460296296295998
7.0,5.723583333333333,98.6,0.0,79.02899670600891,0.9466211111110837
7.1,5.397333333333333,98.91666666666666,0.0,7.623059511184692,0.9555111111111174
7.2,5.50525,98.76666666666667,0.0,15.453043699264526,0.9550000000000033
7.3,5.650083333333333,98.58333333333333,0.0,23.974133253097534,0.9550518518518485
7.4,5.667333333333334,98.6,0.016666666666666666,33.30526924133301,0.9554111111110959
7.5,5.831666666666667,98.65,0.016666666666666666,41.641188859939575,0.9554133333333082
7.6,5.9214166666666666,98.65,0.08333333333333334,50.04157280921936,0.9558129629629364
7.7,5.935583333333334,98.73333333333333,0.03333333333333333,58.4130220413208,0.9561222222221969
7.8,6.08475,99.0,0.0,66.37362551689148,0.9564472222221936
7.9,6.45875,98.75,0.03333333333333333,74.58984684944153,0.9568493827160209
8.0,6.772083333333334,98.61666666666666,0.05,82.88562297821045,0.9569055555555267
8.1,6.550916666666667,99.16666666666667,0.03333333333333333,8.190826654434204,0.9626222222222272
8.2,7.16425,98.81666666666666,0.05,16.23584532737732,0.9623000000000095
8.3,7.651583333333333,98.85000000000001,0.03333333333333333,23.935839653015137,0.9610629629629637
8.4,7.761333333333333,98.85000000000001,0.016666666666666666,31.603944301605225,0.9611722222222119
8.5,8.2915,98.81666666666666,0.05,39.311829566955566,0.9609866666666557
8.6,8.813916666666668,98.86666666666667,0.06666666666666667,47.00398850440979,0.9609055555555401
8.7,9.850916666666667,98.93333333333332,0.03333333333333333,54.69627547264099,0.9606857142856847
8.8,10.030666666666667,99.05000000000001,0.05,62.40702414512634,0.9609124999999556
8.9,11.167666666666667,98.9,0.06666666666666667,70.35927939414978,0.9609172839505637
9.0,12.035916666666667,98.85000000000001,0.11666666666666668,78.50815391540527,0.960911111111053
9.1,11.840583333333333,99.2,0.05,8.054609537124634,0.965711111111111
9.2,12.514416666666667,99.13333333333333,0.016666666666666666,16.102006196975708,0.9656444444444506
9.3,13.302416666666666,99.15,0.05,24.167510747909546,0.965918518518524
9.4,14.499583333333334,99.08333333333333,0.0,31.907979249954224,0.9657611111111049
9.5,15.230916666666667,98.68333333333334,0.03333333333333333,39.671785831451416,0.9642177777777653
9.6,15.597083333333334,99.11666666666666,0.03333333333333333,47.3374605178833,0.9645351851851696
9.7,16.475166666666667,99.03333333333333,0.03333333333333333,55.285436153411865,0.9645396825396638
9.8,16.461833333333335,99.06666666666666,0.0,63.20889854431152,0.9648152777777529
9.9,15.233166666666667,98.83333333333333,0.016666666666666666,70.92079472541809,0.9642419753086189
10.0,12.95475,99.11666666666666,0.0,78.86360287666321,0.9636211111110952
