Epochs,Loss,Accuracy (%),Silent labels (%),Time (s),Average Prediction Confidence
0.1,47.26591666666667,70.35,2.85,18.375613689422607,0.5405111111111065
0.2,25.66925,89.5,0.016666666666666666,37.75729060173035,0.636044444444481
0.3,20.817083333333333,91.26666666666667,0.0,55.356417179107666,0.6836629629629576
0.4,18.264083333333332,92.58333333333333,0.0,71.98845267295837,0.7133472222221968
0.5,15.972083333333334,93.95,0.0,86.94500684738159,0.7364733333332922
0.6,14.765083333333333,94.38333333333333,0.016666666666666666,101.14450311660767,0.7538370370369836
0.7,14.139833333333334,94.76666666666667,0.016666666666666666,114.62308645248413,0.7671063492062853
0.8,13.44575,94.76666666666667,0.0,128.59901976585388,0.778186111111049
0.9,12.496666666666666,95.25,0.0,141.00627183914185,0.7877654320987082
1.0,12.390583333333334,95.63333333333334,0.0,153.64947295188904,0.7955533333332787
1.1,11.327666666666667,95.76666666666667,0.016666666666666666,12.180129051208496,0.8766333333333446
1.2,11.01575,96.13333333333334,0.0,23.682641744613647,0.8788333333333441
1.3,11.137,95.63333333333334,0.0,34.87409567832947,0.8791222222222048
1.4,10.497583333333333,96.23333333333333,0.016666666666666666,45.979371786117554,0.8812944444444064
1.5,10.606083333333334,96.11666666666666,0.0,56.79624962806702,0.8822399999999475
1.6,9.964416666666667,96.71666666666667,0.0,67.78356146812439,0.8840574074073456
1.7,9.970166666666668,96.56666666666666,0.0,78.65867948532104,0.8854015873015317
1.8,9.58825,96.61666666666666,0.0,89.09294629096985,0.886884722222171
1.9,9.225583333333333,96.75,0.0,99.56169486045837,0.8884716049382262
2.0,9.533333333333333,96.68333333333334,0.0,109.55748057365417,0.889329999999958
2.1,8.70175,97.25,0.0,9.902217149734497,0.9063888888889023
2.2,8.331833333333334,97.38333333333333,0.0,19.895318031311035,0.9090722222222329
2.3,8.662416666666667,97.28333333333333,0.0,29.405317306518555,0.9082999999999852
2.4,8.664166666666667,96.88333333333333,0.0,39.35131597518921,0.9077638888888515
2.5,8.554,96.96666666666667,0.0,48.67872428894043,0.9078999999999511
2.6,8.337166666666667,97.36666666666667,0.0,57.89919900894165,0.9083999999999369
2.7,8.309583333333334,97.3,0.0,67.11400818824768,0.9089714285713744
2.8,7.911416666666667,97.21666666666667,0.0,76.04712986946106,0.9097722222221815
2.9,8.141166666666667,97.25,0.0,85.06041169166565,0.910311111111076
3.0,7.9904166666666665,97.39999999999999,0.0,93.97803735733032,0.9107211111110822
3.1,7.405916666666666,97.68333333333334,0.0,8.794275522232056,0.9205888888889012
3.2,7.322916666666667,97.86666666666667,0.0,17.89991593360901,0.9213000000000025
3.3,7.4375,97.48333333333333,0.0,26.60630226135254,0.9215851851851699
3.4,7.540416666666666,97.6,0.0,35.846904039382935,0.9208972222221756
3.5,7.349333333333333,97.85000000000001,0.0,44.91593909263611,0.9211466666666056
3.6,7.1178333333333335,98.03333333333333,0.0,53.612475633621216,0.921790740740671
3.7,7.1939166666666665,97.91666666666666,0.0,62.676833391189575,0.9221015873015288
3.8,7.275833333333333,97.76666666666667,0.0,71.47449445724487,0.9222388888888384
3.9,7.008166666666667,97.73333333333333,0.0,79.7146966457367,0.9228098765431693
4.0,7.19575,97.5,0.0,87.95991373062134,0.9228922222221889
4.1,6.746333333333333,98.01666666666667,0.016666666666666666,8.554534196853638,0.9282777777777884
4.2,6.548583333333333,98.28333333333333,0.0,16.764725923538208,0.9296333333333393
4.3,6.72025,97.95,0.0,24.751369953155518,0.9290629629629479
4.4,6.4765,98.13333333333333,0.0,32.935975790023804,0.9298194444443975
4.5,6.36475,98.28333333333333,0.0,41.05276012420654,0.9305777777777188
4.6,6.552416666666667,97.86666666666667,0.0,48.86120891571045,0.9306814814814162
4.7,6.805833333333333,97.86666666666667,0.0,56.698492765426636,0.9304777777777251
4.8,6.7331666666666665,97.83333333333334,0.0,64.69570064544678,0.9302388888888489
4.9,6.22675,98.5,0.0,72.54846620559692,0.9308209876542877
5.0,6.42175,98.13333333333333,0.016666666666666666,80.44573187828064,0.9309699999999752
5.1,5.868916666666666,98.58333333333333,0.0,7.944174289703369,0.9366444444444546
5.2,6.320666666666667,98.35000000000001,0.0,16.004196166992188,0.9355944444444471
5.3,6.026916666666667,98.25,0.0,23.686837911605835,0.9358777777777618
5.4,6.042166666666667,98.23333333333333,0.0,31.595523357391357,0.936074999999961
5.5,5.915333333333334,98.38333333333334,0.0,39.933398485183716,0.936497777777726
5.6,6.152,98.25,0.0,48.406426429748535,0.9364037037036465
5.7,5.99725,98.33333333333333,0.0,56.1759033203125,0.9366365079364677
5.8,5.806666666666667,98.56666666666666,0.0,64.37674450874329,0.9369291666666378
5.9,6.048166666666667,98.25,0.0,72.79443335533142,0.936962962962943
6.0,5.95925,98.23333333333333,0.0,80.55162048339844,0.9370755555555437
6.1,5.688,98.5,0.0,7.424837112426758,0.9405666666666769
6.2,5.655583333333333,98.5,0.0,15.106514692306519,0.940677777777779
6.3,5.528583333333334,98.58333333333333,0.0,22.562601327896118,0.9410370370370214
6.4,5.565166666666666,98.68333333333334,0.0,29.99031376838684,0.9415222222221854
6.5,5.79925,98.36666666666667,0.0,37.454681634902954,0.9413711111110613
6.6,5.6513333333333335,98.6,0.0,44.874316692352295,0.9413074074073517
6.7,5.6234166666666665,98.48333333333333,0.0,52.417391300201416,0.9416142857142482
6.8,5.741916666666667,98.43333333333332,0.0,59.723214626312256,0.9415430555555309
6.9,5.8174166666666665,98.5,0.0,67.0792281627655,0.941419753086401
7.0,5.640333333333333,98.53333333333333,0.0,74.39228105545044,0.9416111111111019
7.1,5.33925,98.85000000000001,0.0,7.3337931632995605,0.9458444444444551
7.2,5.4550833333333335,98.73333333333333,0.0,14.904603242874146,0.9451888888888917
7.3,5.5255833333333335,98.58333333333333,0.0,22.314833879470825,0.9448925925925789
7.4,5.452083333333333,98.5,0.0,29.600597858428955,0.9448277777777425
7.5,5.460916666666667,98.66666666666667,0.0,36.91007924079895,0.9447622222221701
7.6,5.4039166666666665,98.6,0.0,44.16867160797119,0.944798148148093
7.7,5.352166666666666,98.6,0.0,51.39540147781372,0.9450063492063199
7.8,5.1939166666666665,98.83333333333333,0.0,58.747859477996826,0.9451291666666484
7.9,5.212916666666667,98.75,0.0,65.99704694747925,0.945511111111104
8.0,5.49525,98.43333333333332,0.016666666666666666,73.18475365638733,0.9454966666666694
8.1,4.987583333333333,99.05000000000001,0.0,7.1723878383636475,0.9490111111111224
8.2,5.166416666666667,98.68333333333334,0.016666666666666666,14.431366205215454,0.9491444444444506
8.3,5.247416666666667,98.88333333333334,0.0,21.546788215637207,0.9483888888888777
8.4,5.092666666666666,98.73333333333333,0.0,28.69499969482422,0.9486305555555203
8.5,5.1714166666666666,98.68333333333334,0.0,35.78859519958496,0.9484066666666151
8.6,5.103416666666667,98.81666666666666,0.0,42.94649267196655,0.9484425925925442
8.7,5.033916666666666,98.83333333333333,0.0,50.03666973114014,0.9484857142856854
8.8,4.9305,98.98333333333333,0.0,57.195963621139526,0.9488263888888685
8.9,5.0129166666666665,98.78333333333333,0.0,64.34533953666687,0.9488876543209817
9.0,5.048916666666667,98.78333333333333,0.0,71.46956729888916,0.948870000000004
9.1,4.664083333333333,99.1,0.0,7.038247585296631,0.9536888888888982
9.2,4.7660833333333334,99.05000000000001,0.0,14.249268054962158,0.9531666666666689
9.3,4.809583333333333,98.98333333333333,0.0,21.304041862487793,0.9531740740740611
9.4,5.023,98.96666666666667,0.0,28.4883553981781,0.9527611111110743
9.5,5.456333333333333,98.58333333333333,0.0,35.63284230232239,0.9516266666666164
9.6,5.16475,98.98333333333333,0.0,42.795896768569946,0.9515388888888364
9.7,5.128,98.71666666666667,0.0,49.94253134727478,0.9514746031745731
9.8,4.918666666666667,98.95,0.0,57.14215970039368,0.9517597222222051
9.9,5.319416666666666,98.71666666666667,0.0,64.27005338668823,0.9514037037036981
10.0,4.949083333333333,98.95,0.0,71.45334458351135,0.9514555555555586
