Epochs,Loss,Accuracy (%),Silent labels (%),Time (s),Average Prediction Confidence
0.1,47.41716666666667,70.36666666666666,2.9166666666666665,19.053893327713013,0.5390999999999952
0.2,25.801583333333333,89.26666666666667,0.016666666666666666,38.478585720062256,0.63478333333337
0.3,20.782916666666665,91.16666666666666,0.016666666666666666,55.65171194076538,0.6826777777777753
0.4,18.231583333333333,92.78333333333333,0.0,71.58067321777344,0.7125166666666408
0.5,15.960166666666666,93.96666666666667,0.0,86.51462078094482,0.7357555555555133
0.6,14.76525,94.46666666666667,0.0,100.45953226089478,0.7532055555555007
0.7,14.168,94.89999999999999,0.016666666666666666,113.66039037704468,0.7665047619046982
0.8,13.396416666666667,94.71666666666667,0.0,126.3478467464447,0.7777263888888278
0.9,12.522,95.15,0.0,138.57479858398438,0.7873074074073529
1.0,12.437083333333334,95.58333333333333,0.0,150.472021818161,0.7951633333332794
1.1,11.3285,96.13333333333334,0.016666666666666666,11.653723001480103,0.8762555555555681
1.2,10.999166666666667,96.25,0.0,23.387152433395386,0.8790111111111206
1.3,11.189666666666668,95.73333333333333,0.0,35.50749945640564,0.8790555555555379
1.4,10.49425,96.36666666666667,0.0,47.07422184944153,0.8812361111110717
1.5,10.620583333333334,96.13333333333334,0.0,58.23363780975342,0.8820711111110573
1.6,9.9735,96.68333333333334,0.0,70.01117992401123,0.8839444444443797
1.7,10.011,96.68333333333334,0.016666666666666666,80.68763780593872,0.8852428571427965
1.8,9.595583333333334,96.61666666666666,0.0,91.00258350372314,0.8867736111110569
1.9,9.219666666666667,96.85000000000001,0.0,101.20569658279419,0.8884345679011845
2.0,9.544,96.73333333333333,0.0,111.15960741043091,0.8893233333332847
2.1,8.7345,97.2,0.0,10.06255555152893,0.9063111111111243
2.2,8.4045,97.48333333333333,0.016666666666666666,19.86117124557495,0.908983333333342
2.3,8.696583333333333,97.25,0.0,29.760784149169922,0.9084370370370256
2.4,8.662,96.93333333333334,0.0,39.65560221672058,0.9075888888888468
2.5,8.638166666666667,97.03333333333333,0.0,49.2341251373291,0.9077777777777264
2.6,8.377583333333334,97.36666666666667,0.0,58.605562925338745,0.9083148148147501
2.7,8.329666666666666,97.2,0.0,68.03655910491943,0.9088507936507394
2.8,8.01125,97.25,0.0,77.23470616340637,0.9096361111110675
2.9,8.147916666666667,97.23333333333333,0.0,86.5305449962616,0.9102111111110723
3.0,8.019666666666666,97.5,0.0,95.68768358230591,0.9106811111110801
3.1,7.425666666666666,97.68333333333334,0.0,9.198960065841675,0.920044444444457
3.2,7.347166666666666,97.85000000000001,0.0,18.649558305740356,0.9213166666666711
3.3,7.471333333333333,97.61666666666666,0.0,27.946763038635254,0.921444444444434
3.4,7.5906666666666665,97.78333333333333,0.0,37.024125814437866,0.9207611111110735
3.5,7.403833333333333,97.85000000000001,0.0,45.839338064193726,0.9210599999999484
3.6,7.11225,97.96666666666667,0.0,54.51259183883667,0.9218518518517895
3.7,7.1738333333333335,98.06666666666666,0.0,63.53796195983887,0.9221587301586793
3.8,7.28375,97.78333333333333,0.0,72.27648758888245,0.9222347222221786
3.9,7.007583333333334,97.83333333333334,0.0,81.0316014289856,0.9228925925925572
4.0,7.19575,97.48333333333333,0.0,89.56063532829285,0.9229788888888593
4.1,6.768166666666667,98.06666666666666,0.0,8.593911170959473,0.9282555555555656
4.2,6.56075,98.16666666666667,0.0,17.142074823379517,0.9299722222222263
4.3,6.781333333333333,98.0,0.0,26.143932819366455,0.9292185185185012
4.4,6.532583333333333,98.2,0.0,35.03771424293518,0.929747222222178
4.5,6.39425,98.35000000000001,0.0,43.58932566642761,0.9306422222221673
4.6,6.574,97.88333333333334,0.0,51.84017753601074,0.9309111111110497
4.7,6.765583333333334,97.89999999999999,0.0,60.58574414253235,0.9306746031745542
4.8,6.778666666666667,97.85000000000001,0.0,68.91930747032166,0.9303569444444066
4.9,6.21,98.48333333333333,0.0,77.11090087890625,0.9309691358024392
5.0,6.426166666666667,98.23333333333333,0.0,85.37124872207642,0.93122111111109
5.1,5.942833333333334,98.41666666666666,0.0,8.303582906723022,0.9363222222222327
5.2,6.356083333333333,98.26666666666667,0.0,17.03592276573181,0.9348500000000045
5.3,6.037,98.33333333333333,0.0,25.17115592956543,0.9356925925925784
5.4,6.053916666666667,98.3,0.0,33.13145303726196,0.9357916666666237
5.5,5.97675,98.26666666666667,0.0,41.31545424461365,0.9362511111110536
5.6,6.143833333333333,98.28333333333333,0.0,49.31471252441406,0.9360703703703104
5.7,6.089583333333334,98.3,0.0,57.40316104888916,0.9363380952380526
5.8,5.813166666666667,98.41666666666666,0.016666666666666666,65.28387331962585,0.93670694444441
5.9,6.038583333333333,98.25,0.0,73.33169412612915,0.9366864197530627
6.0,5.93075,98.28333333333333,0.0,81.19252824783325,0.9369099999999827
6.1,5.645666666666667,98.51666666666667,0.0,7.658669948577881,0.9406222222222325
6.2,5.674,98.48333333333333,0.0,15.617143630981445,0.9405611111111137
6.3,5.550916666666667,98.58333333333333,0.0,23.55038571357727,0.9410740740740628
6.4,5.57575,98.66666666666667,0.0,31.44897174835205,0.9414972222221888
6.5,5.7575,98.33333333333333,0.0,39.339569091796875,0.941382222222177
6.6,5.60875,98.6,0.0,47.03460216522217,0.9413685185184657
6.7,5.575583333333333,98.63333333333333,0.0,54.83860230445862,0.9417063492063116
6.8,5.652916666666667,98.41666666666666,0.0,62.862608194351196,0.9416874999999727
6.9,5.731916666666667,98.36666666666667,0.0,70.55481815338135,0.94149012345677
7.0,5.480583333333334,98.55000000000001,0.0,78.20668363571167,0.9416844444444336
7.1,5.188166666666667,98.85000000000001,0.0,7.921861886978149,0.9465222222222336
7.2,5.378333333333333,98.58333333333333,0.0,15.583256959915161,0.9449666666666657
7.3,5.408833333333333,98.71666666666667,0.0,22.95747947692871,0.9446370370370188
7.4,5.344916666666666,98.6,0.0,30.489203453063965,0.9447611111110708
7.5,5.358666666666666,98.71666666666667,0.0,38.070820331573486,0.9446555555554954
7.6,5.27525,98.66666666666667,0.0,45.50984501838684,0.9448555555554968
7.7,5.273,98.58333333333333,0.0,52.835896253585815,0.9450888888888495
7.8,5.132833333333333,98.88333333333334,0.0,60.26828169822693,0.9453124999999729
7.9,5.142083333333333,98.66666666666667,0.0,68.32891321182251,0.9457197530864051
8.0,5.360416666666667,98.51666666666667,0.0,76.20307326316833,0.9456999999999914
8.1,4.86125,99.03333333333333,0.0,7.53144645690918,0.9489222222222329
8.2,5.012333333333333,98.73333333333333,0.0,15.369844913482666,0.9487666666666728
8.3,5.176,98.86666666666667,0.0,22.840941667556763,0.9479481481481346
8.4,4.906666666666666,98.71666666666667,0.0,30.07477569580078,0.948297222222184
8.5,5.049916666666666,98.63333333333333,0.0,37.26129198074341,0.9482444444443955
8.6,5.0185,98.83333333333333,0.0,44.482338428497314,0.9483870370369896
8.7,4.941333333333334,98.96666666666667,0.0,51.67776966094971,0.9484920634920342
8.8,4.904916666666667,98.98333333333333,0.0,58.788206815719604,0.9488472222222055
8.9,4.9185,98.85000000000001,0.0,65.94239830970764,0.949001234567893
9.0,5.024416666666666,98.83333333333333,0.0,73.08993244171143,0.9490100000000012
9.1,4.4855833333333335,99.06666666666666,0.0,7.29074501991272,0.953322222222232
9.2,4.594916666666666,99.15,0.0,14.34009051322937,0.9532666666666684
9.3,4.519666666666667,98.9,0.0,21.420429229736328,0.9533592592592447
9.4,4.692333333333333,98.91666666666666,0.0,28.49579358100891,0.952974999999963
9.5,5.04575,98.6,0.0,35.56147742271423,0.9517755555555045
9.6,4.7789166666666665,98.91666666666666,0.0,42.55999207496643,0.9515740740740228
9.7,4.76775,98.75,0.0,49.59126615524292,0.9514539682539389
9.8,4.6315,98.98333333333333,0.0,56.55979800224304,0.9517583333333184
9.9,5.054833333333334,98.73333333333333,0.0,63.61038541793823,0.9514864197530811
10.0,4.659166666666667,99.03333333333333,0.0,70.58973026275635,0.9516100000000014
