0.02,0.03,0.05,0.08,0.1,0.13,0.15,0.18,0.2
0.0,0.0,0.017333333333333333,0.12666666666666665,0.22999999999999995,0.41,0.538,0.7286666666666666,0.8533333333333334
0.0,0.0,0.017333333333333333,0.13799999999999998,0.24466666666666664,0.43133333333333335,0.564,0.7593333333333334,0.8866666666666667
0.0,0.0,0.024000000000000004,0.1493333333333333,0.25999999999999995,0.44933333333333336,0.5840000000000001,0.7786666666666666,0.912
0.0,0.0,0.024000000000000004,0.15199999999999997,0.2606666666666666,0.45266666666666666,0.5873333333333334,0.7833333333333334,0.9113333333333334
0.0,0.0,0.030000000000000006,0.15933333333333333,0.2693333333333333,0.4606666666666668,0.592,0.794,0.9213333333333334
0.0,0.0,0.03333333333333334,0.16599999999999995,0.282,0.474,0.6093333333333333,0.8086666666666669,0.9340000000000002
0.0,0.0,0.04733333333333333,0.18466666666666662,0.306,0.49933333333333324,0.6266666666666666,0.8233333333333333,0.9453333333333334
0.0,0.0,0.058666666666666666,0.21599999999999994,0.32799999999999996,0.516,0.6366666666666666,0.8233333333333333,0.9386666666666666
0.0,0.017333333333333333,0.09999999999999998,0.2573333333333333,0.37200000000000005,0.5553333333333332,0.6679999999999998,0.8440000000000001,0.9493333333333333
0.0013333333333333333,0.03866666666666667,0.13799999999999998,0.2986666666666666,0.41333333333333344,0.5886666666666666,0.7006666666666664,0.8633333333333334,0.9573333333333334
