Epochs,Loss,Accuracy (%),Silent labels (%),Time (s)
0.1,61.6725,64.08333333333334,17.0,16.453116178512573
0.2,36.9215,82.26666666666667,9.683333333333334,33.155091762542725
0.3,33.308083333333336,83.56666666666666,10.483333333333334,48.329455852508545
0.4,29.99191666666667,85.05,9.766666666666666,62.483593463897705
0.5,28.957083333333333,85.53333333333333,10.016666666666667,75.6151487827301
0.6,25.782833333333333,87.28333333333333,7.633333333333334,87.93736171722412
0.7,15.228416666666666,94.1,0.0,99.90364289283752
0.8,14.070916666666667,94.58333333333333,0.03333333333333333,111.31370329856873
0.9,13.029666666666667,95.35,0.0,122.19547176361084
1.0,12.529416666666666,95.28333333333333,0.0,132.7240104675293
1.1,11.488416666666666,96.16666666666667,0.0,10.119144916534424
1.2,11.1965,96.03333333333333,0.016666666666666666,20.034076929092407
1.3,11.117083333333333,95.73333333333333,0.0,29.664164781570435
1.4,10.613333333333333,96.31666666666666,0.0,39.002262115478516
1.5,10.47175,96.26666666666667,0.0,48.20513319969177
1.6,10.134916666666667,96.81666666666666,0.0,57.25221824645996
1.7,9.865416666666667,96.43333333333334,0.0,66.04161381721497
1.8,9.777833333333334,96.56666666666666,0.016666666666666666,74.63422870635986
1.9,9.576333333333332,96.66666666666667,0.0,83.0916006565094
2.0,9.427833333333334,96.78333333333333,0.0,91.40252327919006
2.1,8.646083333333333,97.2,0.0,8.200770616531372
2.2,8.6625,97.71666666666667,0.016666666666666666,16.456154823303223
2.3,8.87325,96.86666666666667,0.016666666666666666,24.7258243560791
2.4,8.578333333333333,97.36666666666667,0.0,32.8981568813324
2.5,8.545583333333333,97.05,0.0,41.192769289016724
2.6,8.2265,97.3,0.0,49.217748165130615
2.7,8.284916666666666,97.3,0.0,57.05409359931946
2.8,8.32875,97.28333333333333,0.016666666666666666,64.69782710075378
2.9,8.085583333333334,97.38333333333333,0.0,72.3219645023346
3.0,8.033083333333334,97.61666666666666,0.0,79.84639859199524
3.1,7.5655833333333335,97.7,0.0,7.460127830505371
3.2,7.397333333333333,98.03333333333333,0.0,14.866883993148804
3.3,7.402583333333333,97.93333333333332,0.0,22.23389196395874
3.4,7.403416666666667,97.73333333333333,0.0,29.479910135269165
3.5,7.54475,97.39999999999999,0.0,36.724220752716064
3.6,7.273666666666666,97.73333333333333,0.0,43.89405345916748
3.7,7.24,97.76666666666667,0.0,50.94432830810547
3.8,7.100083333333333,97.96666666666667,0.0,57.99431753158569
3.9,7.19475,97.58333333333333,0.0,65.02206254005432
4.0,7.155916666666666,97.8,0.0,71.96779417991638
4.1,6.584833333333333,98.23333333333333,0.0,6.911314010620117
4.2,6.921,97.75,0.0,13.81226897239685
4.3,6.71325,98.15,0.0,20.636085271835327
4.4,6.622333333333334,98.13333333333333,0.0,27.457871913909912
4.5,6.651083333333333,98.23333333333333,0.0,34.288694858551025
4.6,6.592,98.18333333333334,0.0,41.12759470939636
4.7,6.400666666666667,98.06666666666666,0.0,47.81375432014465
4.8,6.603,98.18333333333334,0.0,54.42258667945862
4.9,6.374666666666666,98.15,0.0,61.020057916641235
5.0,6.515333333333333,98.08333333333333,0.0,67.58912706375122
5.1,6.0601666666666665,98.41666666666666,0.0,6.509992837905884
5.2,6.0328333333333335,98.35000000000001,0.016666666666666666,13.042226552963257
5.3,6.3116666666666665,98.26666666666667,0.0,19.51615881919861
5.4,6.1978333333333335,98.35000000000001,0.0,26.00341820716858
5.5,6.215083333333333,98.36666666666667,0.0,32.420206785202026
5.6,6.023,98.45,0.0,38.76829123497009
5.7,5.98075,98.23333333333333,0.0,45.01772427558899
5.8,5.702333333333334,98.6,0.0,51.334182024002075
5.9,5.88225,98.5,0.0,57.59863543510437
6.0,5.792083333333333,98.3,0.0,63.72966027259827
6.1,5.4035,98.73333333333333,0.0,6.074374198913574
6.2,5.574583333333333,98.48333333333333,0.0,12.05259895324707
6.3,5.590083333333333,98.5,0.0,18.060930013656616
6.4,5.585083333333333,98.55000000000001,0.0,24.03712272644043
6.5,5.396166666666667,98.66666666666667,0.0,29.916911602020264
6.6,5.52925,98.46666666666667,0.016666666666666666,35.70343279838562
6.7,5.660833333333334,98.36666666666667,0.016666666666666666,41.415173053741455
6.8,5.5705,98.4,0.016666666666666666,47.138256788253784
6.9,5.382583333333334,98.66666666666667,0.0,52.77758860588074
7.0,5.553083333333333,98.48333333333333,0.0,58.34784913063049
7.1,5.013083333333333,98.86666666666667,0.0,5.5046141147613525
7.2,5.141333333333334,98.71666666666667,0.0,10.973209857940674
7.3,5.301166666666667,98.56666666666666,0.0,16.42356824874878
7.4,5.2315,98.78333333333333,0.0,21.923298358917236
7.5,5.220166666666667,98.7,0.0,27.372998237609863
7.6,5.260833333333333,98.56666666666666,0.0,32.842966079711914
7.7,5.1459166666666665,98.88333333333334,0.0,38.2757351398468
7.8,5.20975,98.73333333333333,0.0,43.72153925895691
7.9,5.084833333333333,98.75,0.016666666666666666,49.093485832214355
8.0,5.24075,98.63333333333333,0.0,54.45431685447693
8.1,4.851333333333334,98.95,0.0,5.359915494918823
8.2,4.9175,98.81666666666666,0.0,10.711440801620483
8.3,4.97,98.83333333333333,0.016666666666666666,16.064789056777954
8.4,4.907583333333333,98.96666666666667,0.0,21.439913988113403
8.5,5.2235,98.78333333333333,0.0,26.837937355041504
8.6,4.89225,99.0,0.0,32.38727688789368
8.7,5.04725,98.7,0.0,37.94992470741272
8.8,5.065,98.78333333333333,0.0,43.49812912940979
8.9,4.9055,98.88333333333334,0.0,49.13264846801758
9.0,4.8540833333333335,98.86666666666667,0.0,54.70320534706116
9.1,4.61075,99.15,0.0,5.68050217628479
9.2,4.71325,99.05000000000001,0.0,11.333086967468262
9.3,4.461416666666667,99.1,0.0,16.93274235725403
9.4,4.643666666666666,99.06666666666666,0.0,22.632686614990234
9.5,4.828833333333334,98.66666666666667,0.0,28.3571355342865
9.6,4.601083333333333,99.0,0.016666666666666666,34.148101806640625
9.7,4.448083333333333,98.93333333333332,0.016666666666666666,39.879666328430176
9.8,4.5103333333333335,99.05000000000001,0.016666666666666666,45.74879479408264
9.9,4.50975,98.93333333333332,0.0,51.472219467163086
10.0,4.428416666666666,99.11666666666666,0.0,57.22643780708313
