Epochs,Loss,Accuracy (%),Silent labels (%),Time (s)
0.1,53.53491666666667,68.31666666666666,8.516666666666667,17.89665675163269
0.2,25.551416666666668,89.83333333333333,0.0,36.025073766708374
0.3,20.78933333333333,91.88333333333333,0.0,52.50041174888611
0.4,17.707083333333333,93.13333333333334,0.016666666666666666,67.77499103546143
0.5,16.439,93.38333333333333,0.016666666666666666,82.08494138717651
0.6,14.94575,94.3,0.016666666666666666,95.65793418884277
0.7,13.765833333333333,94.86666666666666,0.0,108.44998717308044
0.8,13.497833333333332,94.39999999999999,0.0,120.63867974281311
0.9,12.636333333333333,95.3,0.0,132.3022985458374
1.0,12.157916666666667,95.5,0.016666666666666666,143.44653367996216
1.1,11.7385,95.93333333333334,0.0,10.824586153030396
1.2,10.92575,96.23333333333333,0.0,21.286256551742554
1.3,10.700833333333334,96.65,0.016666666666666666,31.559191942214966
1.4,10.37875,96.3,0.0,41.62436389923096
1.5,10.116583333333333,96.71666666666667,0.0,51.500494956970215
1.6,10.139666666666667,96.45,0.0,61.18290042877197
1.7,10.0195,96.51666666666667,0.0,70.61278915405273
1.8,9.912333333333333,96.68333333333334,0.0,79.92336010932922
1.9,9.49725,96.56666666666666,0.0,89.01028609275818
2.0,9.323166666666667,96.85000000000001,0.0,97.9585554599762
2.1,8.605416666666667,97.25,0.0,8.802351236343384
2.2,8.813333333333333,97.0,0.0,17.573574542999268
2.3,8.398916666666667,97.33333333333334,0.0,26.191767692565918
2.4,8.378666666666666,97.41666666666666,0.0,34.814799547195435
2.5,8.27,97.65,0.0,43.34736180305481
2.6,8.468916666666667,97.23333333333333,0.0,51.70487904548645
2.7,8.314,97.25,0.0,59.94130516052246
2.8,8.372333333333334,97.13333333333334,0.016666666666666666,68.08245849609375
2.9,8.458333333333334,97.05,0.0,76.08739686012268
3.0,7.739583333333333,97.96666666666667,0.0,84.00308394432068
3.1,7.724666666666667,97.51666666666667,0.0,7.830096244812012
3.2,7.80775,97.63333333333334,0.0,15.671869993209839
3.3,7.381916666666666,97.61666666666666,0.0,23.410510063171387
3.4,7.41225,97.65,0.0,31.081450939178467
3.5,7.443083333333333,97.73333333333333,0.0,38.69196557998657
3.6,7.240083333333334,98.0,0.0,46.264573097229004
3.7,7.339583333333334,97.8,0.0,53.78571319580078
3.8,7.00125,97.83333333333334,0.0,61.24081206321716
3.9,7.134333333333333,97.71666666666667,0.0,68.57793641090393
4.0,6.917416666666667,98.11666666666666,0.0,75.90294909477234
4.1,6.668666666666667,98.15,0.0,7.283116102218628
4.2,6.684083333333334,98.06666666666666,0.0,14.56348443031311
4.3,6.60975,98.16666666666667,0.0,21.76094627380371
4.4,6.494666666666666,98.05,0.0,28.9241840839386
4.5,6.4206666666666665,98.11666666666666,0.0,36.016921520233154
4.6,6.662416666666667,97.78333333333333,0.0,43.14193892478943
4.7,6.306666666666667,98.38333333333334,0.0,50.19155430793762
4.8,6.6410833333333334,97.95,0.0,57.2082359790802
4.9,6.421083333333334,98.05,0.0,64.17503905296326
5.0,6.513166666666667,97.96666666666667,0.0,71.08981847763062
5.1,5.857333333333333,98.53333333333333,0.0,6.86538553237915
5.2,6.034083333333333,98.4,0.0,13.718591451644897
5.3,6.276,98.23333333333333,0.0,20.622196197509766
5.4,5.99825,98.6,0.0,27.494958877563477
5.5,6.096916666666667,98.6,0.0,34.28080153465271
5.6,6.294416666666667,98.25,0.0,41.03826427459717
5.7,6.474166666666667,98.08333333333333,0.0,47.793097257614136
5.8,6.45125,98.33333333333333,0.0,54.56027960777283
5.9,7.07075,97.88333333333334,0.0,61.29556226730347
6.0,6.644083333333334,98.11666666666666,0.0,67.9864547252655
6.1,6.284583333333333,98.7,0.0,6.716717720031738
6.2,6.421,98.55000000000001,0.0,13.430254936218262
6.3,6.679,98.36666666666667,0.0,20.14223313331604
6.4,6.5720833333333335,98.55000000000001,0.0,26.89390254020691
6.5,6.712416666666667,98.66666666666667,0.0,33.60582160949707
6.6,6.837166666666667,98.31666666666666,0.0,40.26294994354248
6.7,6.94025,98.45,0.016666666666666666,46.92831373214722
6.8,7.1353333333333335,98.38333333333334,0.0,53.591832637786865
6.9,7.170166666666667,98.36666666666667,0.0,60.20373773574829
7.0,7.058666666666666,98.25,0.0,66.82305335998535
7.1,6.903833333333333,98.48333333333333,0.0,6.615790128707886
7.2,6.728083333333333,98.71666666666667,0.016666666666666666,13.226104974746704
7.3,6.76675,98.68333333333334,0.0,19.818652153015137
7.4,6.7335,98.61666666666666,0.0,26.403177499771118
7.5,6.72125,98.7,0.016666666666666666,32.96584916114807
7.6,6.706166666666666,98.63333333333333,0.0,39.448486328125
7.7,6.779,98.63333333333333,0.0,45.95809197425842
7.8,6.559916666666667,98.78333333333333,0.03333333333333333,52.46049618721008
7.9,6.674166666666666,98.55000000000001,0.0,58.93684244155884
8.0,6.587083333333333,98.83333333333333,0.0,65.41315126419067
8.1,6.257416666666667,98.93333333333332,0.0,6.426200866699219
8.2,6.150083333333333,99.03333333333333,0.0,12.830743551254272
8.3,6.1925,98.76666666666667,0.0,19.226250648498535
8.4,5.6314166666666665,98.83333333333333,0.0,25.618955850601196
8.5,5.626666666666667,98.45,0.0,31.96258783340454
8.6,5.447,98.63333333333333,0.0,38.29139280319214
8.7,5.399583333333333,98.66666666666667,0.0,44.64094305038452
8.8,5.37575,98.86666666666667,0.0,50.993359088897705
8.9,5.423916666666667,98.9,0.0,57.35580563545227
9.0,5.606083333333333,98.93333333333332,0.016666666666666666,63.76337671279907
9.1,5.583083333333334,99.05000000000001,0.0,6.405298233032227
9.2,6.06525,98.98333333333333,0.0,12.880961656570435
9.3,6.234083333333333,99.23333333333333,0.0,19.351147413253784
9.4,6.907416666666666,98.93333333333332,0.016666666666666666,25.87564706802368
9.5,7.093666666666667,98.88333333333334,0.0,32.38589143753052
9.6,7.578,98.65,0.0,38.91864061355591
9.7,7.808166666666667,98.85000000000001,0.0,45.44353175163269
9.8,8.25925,98.75,0.03333333333333333,51.929306983947754
9.9,8.36175,98.8,0.0,58.379478454589844
10.0,8.41625,98.93333333333332,0.0,64.82447504997253
