Epochs,Loss,Accuracy (%),Silent labels (%),Time (s)
0.1,54.668,67.51666666666667,9.049999999999999,17.761229991912842
0.2,25.639333333333333,89.66666666666666,0.0,35.84360885620117
0.3,20.842916666666667,91.58333333333334,0.016666666666666666,52.058849573135376
0.4,17.790416666666665,93.03333333333333,0.0,66.70515584945679
0.5,16.48925,93.28333333333333,0.0,80.20570492744446
0.6,15.042,94.1,0.016666666666666666,93.02289962768555
0.7,13.721,94.76666666666667,0.0,105.15988087654114
0.8,13.47125,94.63333333333334,0.0,116.7746684551239
0.9,12.6065,95.39999999999999,0.0,128.09924411773682
1.0,12.110166666666666,95.5,0.0,138.96924996376038
1.1,11.699833333333334,95.85000000000001,0.0,10.600446701049805
1.2,10.942416666666666,96.13333333333334,0.0,20.94161891937256
1.3,10.685666666666666,96.5,0.0,31.14146065711975
1.4,10.407,96.25,0.0,41.184707164764404
1.5,10.101833333333333,96.73333333333333,0.0,51.04786944389343
1.6,10.20225,96.38333333333333,0.0,60.73797845840454
1.7,10.036083333333334,96.41666666666666,0.0,70.24451422691345
1.8,9.858333333333333,96.56666666666666,0.0,79.58861112594604
1.9,9.557416666666667,96.71666666666667,0.0,88.74825954437256
2.0,9.336833333333333,96.89999999999999,0.0,97.72297644615173
2.1,8.572666666666667,97.35000000000001,0.0,8.813937425613403
2.2,8.837083333333334,97.03333333333333,0.0,17.59594464302063
2.3,8.470916666666668,97.41666666666666,0.0,26.256940364837646
2.4,8.409833333333333,97.45,0.0,34.87999391555786
2.5,8.266583333333333,97.63333333333334,0.0,43.427714109420776
2.6,8.4495,97.21666666666667,0.0,51.82176184654236
2.7,8.271583333333334,97.33333333333334,0.0,60.149452686309814
2.8,8.350333333333333,97.2,0.0,68.4325065612793
2.9,8.455,96.98333333333333,0.0,76.58218216896057
3.0,7.713916666666667,97.7,0.016666666666666666,84.67384743690491
3.1,7.698833333333333,97.68333333333334,0.0,7.958379745483398
3.2,7.69075,97.56666666666666,0.0,15.920793533325195
3.3,7.393,97.58333333333333,0.0,23.81138038635254
3.4,7.45275,97.53333333333333,0.0,31.609490633010864
3.5,7.523666666666666,97.63333333333334,0.0,39.30845236778259
3.6,7.176916666666667,98.06666666666666,0.0,46.97066116333008
3.7,7.4126666666666665,97.85000000000001,0.0,54.58132481575012
3.8,6.982166666666667,97.95,0.0,62.139198541641235
3.9,7.128166666666667,97.81666666666666,0.0,69.6037905216217
4.0,6.923916666666667,98.08333333333333,0.0,77.01569676399231
4.1,6.731833333333333,98.01666666666667,0.0,7.3753437995910645
4.2,6.738416666666667,98.13333333333333,0.0,14.754990100860596
4.3,6.674416666666667,98.25,0.0,22.098747968673706
4.4,6.582,98.03333333333333,0.0,29.401345252990723
4.5,6.449416666666667,98.3,0.0,36.668686389923096
4.6,6.8295,97.93333333333332,0.0,43.942535400390625
4.7,6.42575,98.23333333333333,0.0,51.13338780403137
4.8,6.714083333333333,98.05,0.0,58.27125835418701
4.9,6.4895,97.98333333333333,0.0,65.34975218772888
5.0,6.573916666666666,97.78333333333333,0.0,72.4202070236206
5.1,5.85025,98.58333333333333,0.0,7.062664747238159
5.2,6.041166666666666,98.41666666666666,0.0,14.134482860565186
5.3,6.277166666666667,98.21666666666667,0.0,21.205270528793335
5.4,5.901166666666667,98.61666666666666,0.0,28.27335548400879
5.5,5.901083333333333,98.56666666666666,0.0,35.235673904418945
5.6,6.0795,98.23333333333333,0.0,42.16545915603638
5.7,6.1695,98.2,0.0,49.06092977523804
5.8,6.0535,98.18333333333334,0.0,55.965152978897095
5.9,6.589666666666667,97.98333333333333,0.0,62.81138586997986
6.0,6.0045,98.33333333333333,0.0,69.64251947402954
6.1,5.64625,98.68333333333334,0.0,6.800079107284546
6.2,5.51175,98.71666666666667,0.0,13.572410583496094
6.3,5.863,98.35000000000001,0.0,20.333012342453003
6.4,5.58175,98.68333333333334,0.0,27.098459482192993
6.5,5.614166666666667,98.56666666666666,0.0,33.81526970863342
6.6,5.684666666666667,98.51666666666667,0.0,40.50915837287903
6.7,5.584333333333333,98.48333333333333,0.0,47.206279039382935
6.8,5.693583333333334,98.36666666666667,0.0,53.8632071018219
6.9,5.66975,98.48333333333333,0.0,60.51536726951599
7.0,5.593583333333333,98.41666666666666,0.0,67.11261773109436
7.1,5.472166666666666,98.55000000000001,0.0,6.620450019836426
7.2,5.288083333333334,98.7,0.0,13.220035552978516
7.3,5.284083333333333,98.78333333333333,0.0,19.81248712539673
7.4,5.282,98.75,0.0,26.409318208694458
7.5,5.373083333333334,98.66666666666667,0.0,32.95720028877258
7.6,5.271416666666667,98.63333333333333,0.0,39.48943305015564
7.7,5.43475,98.71666666666667,0.0,46.00626063346863
7.8,5.151833333333333,98.78333333333333,0.0,52.428807973861694
7.9,5.223416666666667,98.7,0.0,58.81204533576965
8.0,5.185333333333333,98.91666666666666,0.0,65.17094802856445
8.1,4.822166666666667,99.08333333333333,0.0,6.391497850418091
8.2,4.805583333333334,99.03333333333333,0.0,12.770470142364502
8.3,4.935833333333333,98.85000000000001,0.0,19.16634202003479
8.4,4.932916666666666,98.68333333333334,0.0,25.540828943252563
8.5,5.1924166666666665,98.65,0.0,31.905757188796997
8.6,5.127166666666667,98.63333333333333,0.0,38.24798631668091
8.7,5.0995,98.66666666666667,0.0,44.513649225234985
8.8,5.009166666666666,98.85000000000001,0.0,50.77106213569641
8.9,5.023333333333333,98.8,0.0,57.05618238449097
9.0,4.969916666666666,98.86666666666667,0.0,63.33879065513611
9.1,4.6335,99.01666666666667,0.0,6.2429139614105225
9.2,4.56075,99.1,0.0,12.417367219924927
9.3,4.511666666666667,99.2,0.0,18.551294088363647
9.4,4.762666666666667,98.9,0.0,24.776514768600464
9.5,4.719833333333334,99.05000000000001,0.0,30.96821618080139
9.6,4.939166666666667,98.71666666666667,0.0,37.117814779281616
9.7,4.81175,98.88333333333334,0.0,43.25958323478699
9.8,4.9013333333333335,98.78333333333333,0.0,49.3350875377655
9.9,4.835416666666666,98.91666666666666,0.0,55.355045557022095
10.0,4.5855,99.0,0.0,61.37054800987244
