Epochs,Loss,Accuracy (%),Silent labels (%),Time (s)
0.1,55.16583333333333,67.18333333333332,9.566666666666666,17.63763952255249
0.2,25.58775,89.56666666666668,0.016666666666666666,35.72387909889221
0.3,20.828666666666667,91.88333333333333,0.016666666666666666,52.236462116241455
0.4,17.805,93.08333333333333,0.0,67.29152822494507
0.5,16.436916666666665,93.61666666666667,0.0,81.45829105377197
0.6,14.984833333333333,94.36666666666666,0.0,94.82702159881592
0.7,13.79675,94.69999999999999,0.0,107.48941349983215
0.8,13.481333333333334,94.55,0.0,119.71284317970276
0.9,12.657833333333333,95.21666666666667,0.0,131.34097814559937
1.0,12.147666666666666,95.56666666666666,0.0,142.44349789619446
1.1,11.713833333333334,95.81666666666668,0.0,10.796677112579346
1.2,10.964833333333333,96.18333333333334,0.0,21.281662225723267
1.3,10.639666666666667,96.6,0.0,31.51354193687439
1.4,10.40275,96.23333333333333,0.0,41.5262234210968
1.5,10.11475,96.88333333333333,0.0,51.324265003204346
1.6,10.169333333333332,96.33333333333334,0.0,60.95466327667236
1.7,10.070916666666667,96.38333333333333,0.0,70.3785674571991
1.8,9.918333333333333,96.56666666666666,0.0,79.62958097457886
1.9,9.547666666666666,96.58333333333333,0.0,88.63708186149597
2.0,9.348083333333333,96.88333333333333,0.0,97.5670394897461
2.1,8.650666666666666,97.38333333333333,0.0,8.753873586654663
2.2,8.854666666666667,97.0,0.0,17.39559245109558
2.3,8.448,97.46666666666667,0.0,25.918020486831665
2.4,8.42525,97.26666666666667,0.0,34.41844725608826
2.5,8.326166666666667,97.56666666666666,0.0,42.81697654724121
2.6,8.43125,97.25,0.0,51.138627767562866
2.7,8.319083333333333,97.2,0.0,59.3765709400177
2.8,8.284166666666666,97.08333333333333,0.0,67.52834820747375
2.9,8.4915,97.1,0.0,75.54751920700073
3.0,7.7095,97.95,0.0,83.57028722763062
3.1,7.710583333333333,97.5,0.0,7.895031929016113
3.2,7.75,97.7,0.0,15.780543088912964
3.3,7.381666666666667,97.63333333333334,0.0,23.594522953033447
3.4,7.3725,97.76666666666667,0.0,31.42538332939148
3.5,7.504,97.71666666666667,0.0,39.175257444381714
3.6,7.228666666666666,97.91666666666666,0.0,46.89708662033081
3.7,7.339833333333333,97.8,0.0,54.59488320350647
3.8,6.977083333333334,97.85000000000001,0.0,62.17063617706299
3.9,7.1405,97.8,0.0,69.65894079208374
4.0,6.984916666666667,98.05,0.0,77.10599112510681
4.1,6.754416666666667,98.11666666666666,0.0,7.453435897827148
4.2,6.71775,98.05,0.0,14.873087406158447
4.3,6.708583333333333,98.05,0.0,22.297528982162476
4.4,6.50125,98.26666666666667,0.0,29.68850040435791
4.5,6.478416666666667,98.13333333333333,0.0,37.04474496841431
4.6,6.719666666666667,97.81666666666666,0.0,44.36102819442749
4.7,6.39725,98.28333333333333,0.0,51.608254194259644
4.8,6.7236666666666665,97.96666666666667,0.0,58.794702768325806
4.9,6.51325,98.15,0.0,65.92544221878052
5.0,6.557666666666667,97.86666666666667,0.0,73.01724815368652
5.1,5.79875,98.6,0.0,7.0713791847229
5.2,5.94625,98.4,0.0,14.124436140060425
5.3,6.281083333333333,98.21666666666667,0.0,21.17630362510681
5.4,5.827166666666667,98.63333333333333,0.0,28.21281886100769
5.5,5.889,98.53333333333333,0.0,35.21062183380127
5.6,6.056333333333333,98.3,0.0,42.18185520172119
5.7,6.072916666666667,98.2,0.0,49.118403673172
5.8,5.977166666666666,98.3,0.0,56.01593780517578
5.9,6.560833333333333,98.0,0.0,62.90367674827576
6.0,6.053083333333333,98.16666666666667,0.0,69.77993631362915
6.1,5.637333333333333,98.75,0.0,6.8499915599823
6.2,5.537333333333334,98.7,0.0,13.668866872787476
6.3,5.8765833333333335,98.31666666666666,0.0,20.453317880630493
6.4,5.58275,98.8,0.0,27.199373483657837
6.5,5.62425,98.7,0.0,33.93362498283386
6.6,5.6985,98.41666666666666,0.0,40.67953062057495
6.7,5.570583333333333,98.5,0.0,47.37938189506531
6.8,5.708583333333333,98.5,0.0,54.08456373214722
6.9,5.6193333333333335,98.46666666666667,0.0,60.74816083908081
7.0,5.589416666666667,98.36666666666667,0.0,67.40332841873169
7.1,5.4271666666666665,98.41666666666666,0.0,6.643908739089966
7.2,5.283416666666667,98.68333333333334,0.0,13.273184776306152
7.3,5.394333333333333,98.61666666666666,0.0,19.898115396499634
7.4,5.33825,98.68333333333334,0.0,26.532724380493164
7.5,5.374,98.6,0.0,33.14480710029602
7.6,5.216083333333334,98.83333333333333,0.0,39.75175929069519
7.7,5.382666666666666,98.58333333333333,0.0,46.33795714378357
7.8,5.1515,98.96666666666667,0.0,52.87909817695618
7.9,5.259083333333334,98.66666666666667,0.0,59.40121150016785
8.0,5.203916666666666,98.86666666666667,0.0,65.91528058052063
8.1,4.773833333333333,99.11666666666666,0.0,6.490102291107178
8.2,4.870916666666667,99.01666666666667,0.0,12.965989589691162
8.3,4.9816666666666665,98.83333333333333,0.0,19.41312837600708
8.4,4.913083333333334,98.83333333333333,0.0,25.893672227859497
8.5,5.226666666666667,98.55000000000001,0.0,32.33168125152588
8.6,5.172583333333334,98.61666666666666,0.0,38.766998291015625
8.7,5.078083333333334,98.66666666666667,0.0,45.18362379074097
8.8,5.030916666666666,98.83333333333333,0.0,51.60262060165405
8.9,5.02375,98.93333333333332,0.0,58.00540781021118
9.0,4.907916666666667,98.93333333333332,0.0,64.42664647102356
9.1,4.622,99.05000000000001,0.0,6.391248941421509
9.2,4.57575,99.06666666666666,0.0,12.741582870483398
9.3,4.55525,99.1,0.0,19.06260633468628
9.4,4.747833333333333,98.96666666666667,0.0,25.35757279396057
9.5,4.736666666666666,99.03333333333333,0.0,31.611374855041504
9.6,4.938666666666666,98.63333333333333,0.0,37.89471507072449
9.7,4.857166666666667,98.83333333333333,0.0,44.103522062301636
9.8,4.90975,98.7,0.016666666666666666,50.287997007369995
9.9,4.761333333333333,98.95,0.0,56.47118401527405
10.0,4.628333333333333,99.08333333333333,0.0,62.65228605270386
