Epochs,Loss,Accuracy (%),Silent labels (%),Time (s)
0.1,55.57925,66.71666666666667,9.45,17.760628700256348
0.2,26.845,89.08333333333334,0.016666666666666666,36.57777523994446
0.3,23.4165,90.86666666666666,0.016666666666666666,54.16650748252869
0.4,22.715916666666665,91.5,0.0,70.45485544204712
0.5,24.474166666666665,90.16666666666666,0.016666666666666666,85.91497445106506
0.6,25.45675,89.86666666666666,0.016666666666666666,100.78509306907654
0.7,26.16825,88.78333333333333,0.0,114.89732193946838
0.8,27.817416666666666,87.25,0.0,128.5912504196167
0.9,28.221416666666666,86.78333333333333,0.0,141.65827751159668
1.0,30.4085,84.88333333333333,0.0,154.49231052398682
1.1,31.131,83.36666666666666,0.0,12.611185789108276
1.2,32.01808333333334,82.69999999999999,0.0,24.954713344573975
1.3,32.84616666666667,80.86666666666666,0.0,37.14849519729614
1.4,32.91716666666667,80.60000000000001,0.0,49.08777332305908
1.5,33.50808333333333,80.26666666666667,0.0,60.84856033325195
1.6,35.04991666666667,78.5,0.0,72.42007088661194
1.7,35.55741666666667,77.56666666666666,0.0,83.8674578666687
1.8,36.39158333333334,76.03333333333333,0.0,95.14101839065552
1.9,37.94808333333334,73.76666666666667,0.0,106.2262635231018
2.0,37.84891666666667,73.9,0.0,117.3229751586914
2.1,38.416666666666664,74.18333333333334,0.0,10.863564491271973
2.2,39.447916666666664,71.1,0.0,21.67542028427124
2.3,39.159166666666664,71.96666666666667,0.0,32.36037302017212
2.4,39.954,71.11666666666666,0.0,43.02284026145935
2.5,39.50416666666667,71.5,0.0,53.502434968948364
2.6,40.57508333333333,69.63333333333334,0.0,63.951512813568115
2.7,41.56491666666667,68.58333333333333,0.0,74.32658004760742
2.8,41.462666666666664,68.45,0.0,84.59055495262146
2.9,42.63908333333333,67.4,0.0,94.71288800239563
3.0,42.1915,66.5,0.0,104.64702439308167
3.1,42.7365,66.21666666666667,0.0,9.902255058288574
3.2,43.11533333333333,65.60000000000001,0.0,19.760916709899902
3.3,43.60641666666667,64.75,0.0,29.584846258163452
3.4,44.187333333333335,63.05,0.0,39.350475788116455
3.5,43.26808333333334,64.66666666666666,0.0,48.97687530517578
3.6,44.31766666666667,63.866666666666674,0.0,58.64018630981445
3.7,45.09941666666667,61.66666666666667,0.0,68.23056769371033
3.8,45.844166666666666,60.88333333333333,0.0,77.7127320766449
3.9,45.07608333333334,61.78333333333333,0.0,87.0995602607727
4.0,44.99016666666667,61.550000000000004,0.0,96.43357229232788
4.1,45.82775,60.699999999999996,0.0,9.265865802764893
4.2,46.108916666666666,60.0,0.0,18.554065227508545
4.3,45.46541666666667,61.03333333333333,0.0,27.79468011856079
4.4,46.31133333333333,59.266666666666666,0.0,36.95528221130371
4.5,46.29725,59.650000000000006,0.0,46.08119511604309
4.6,46.4505,59.03333333333334,0.0,55.14653992652893
4.7,47.14825,57.58333333333333,0.0,64.14802169799805
4.8,46.8645,58.35,0.0,73.09674906730652
4.9,47.44991666666667,58.199999999999996,0.0,82.08628535270691
5.0,47.0455,57.616666666666674,0.0,90.94145584106445
5.1,47.2785,57.06666666666666,0.0,8.78344178199768
5.2,48.38583333333333,56.36666666666667,0.0,17.603238821029663
5.3,46.707166666666666,57.31666666666667,0.0,26.41971230506897
5.4,47.595666666666666,55.63333333333333,0.0,35.22609066963196
5.5,48.57333333333333,55.25,0.0,43.95656490325928
5.6,47.98625,56.43333333333334,0.0,52.601585388183594
5.7,49.239666666666665,54.18333333333333,0.0,61.192298412323
5.8,48.679916666666664,55.53333333333333,0.0,69.78085494041443
5.9,49.02733333333333,54.0,0.0,78.34333181381226
6.0,49.01133333333333,55.11666666666667,0.0,86.98222756385803
6.1,48.11025,54.449999999999996,0.0,8.522351264953613
6.2,49.41283333333333,53.48333333333334,0.0,17.03408432006836
6.3,49.6585,53.53333333333333,0.0,25.529465436935425
6.4,48.87616666666667,54.48333333333333,0.0,33.983840465545654
6.5,50.14658333333333,52.900000000000006,0.0,42.35008525848389
6.6,48.79866666666667,53.78333333333334,0.016666666666666666,50.71936774253845
6.7,50.20633333333333,51.733333333333334,0.0,59.12255001068115
6.8,50.2535,51.9,0.0,67.43652248382568
6.9,50.3975,51.983333333333334,0.0,75.70887184143066
7.0,49.60616666666667,52.416666666666664,0.0,84.00450015068054
7.1,50.48083333333334,52.166666666666664,0.0,8.335930585861206
7.2,50.228833333333334,51.233333333333334,0.016666666666666666,16.666314840316772
7.3,51.044916666666666,50.76666666666667,0.0,24.933984994888306
7.4,49.65358333333333,52.5,0.0,33.24101543426514
7.5,49.53033333333333,51.983333333333334,0.016666666666666666,41.490973711013794
7.6,50.535833333333336,50.516666666666666,0.0,49.668811082839966
7.7,51.12833333333333,50.416666666666664,0.0,57.8535270690918
7.8,50.72541666666667,51.4,0.0,66.01906871795654
7.9,51.1915,49.75,0.0,74.18556547164917
8.0,50.94475,50.73333333333333,0.0,82.3178653717041
8.1,50.96966666666667,50.64999999999999,0.0,8.059104919433594
8.2,50.3745,50.76666666666667,0.0,16.15663194656372
8.3,50.494166666666665,50.88333333333333,0.0,24.194568157196045
8.4,50.04991666666667,50.55,0.0,32.20631647109985
8.5,49.88925,52.1,0.0,40.208802700042725
8.6,50.57566666666666,50.71666666666667,0.0,48.238184213638306
8.7,50.13483333333333,52.06666666666667,0.0,56.209519147872925
8.8,49.85316666666667,52.449999999999996,0.016666666666666666,64.22838687896729
8.9,48.15233333333333,54.449999999999996,0.0,72.21674919128418
9.0,50.59741666666667,51.66666666666667,0.0,80.18210458755493
9.1,49.08825,52.483333333333334,0.0,7.927405595779419
9.2,48.21,54.300000000000004,0.0,15.825693368911743
9.3,50.04533333333333,51.949999999999996,0.0,23.72191548347473
9.4,47.38758333333333,55.53333333333333,0.0,31.585736989974976
9.5,48.61825,53.81666666666667,0.0,39.442508935928345
9.6,47.68108333333333,55.21666666666667,0.0,47.276674032211304
9.7,47.407666666666664,55.95,0.0,55.09615087509155
9.8,47.406166666666664,55.300000000000004,0.0,62.93697810173035
9.9,47.36441666666666,55.35,0.0,70.69552516937256
10.0,45.815666666666665,56.88333333333333,0.0,78.47311282157898
