Epochs,Loss,Accuracy (%),Silent labels (%),Time (s)
0.1,56.334916666666665,66.23333333333333,10.316666666666666,17.620532274246216
0.2,25.693583333333333,89.61666666666666,0.0,35.912678718566895
0.3,20.952083333333334,91.64999999999999,0.016666666666666666,52.86915469169617
0.4,17.831333333333333,92.93333333333334,0.0,68.42040395736694
0.5,16.541416666666667,93.31666666666666,0.016666666666666666,83.10137462615967
0.6,15.07975,94.21666666666667,0.016666666666666666,96.73557472229004
0.7,13.798166666666667,94.8,0.0,109.59337759017944
0.8,13.567333333333334,94.51666666666667,0.0,121.97491025924683
0.9,12.680583333333333,95.35,0.0,133.85461139678955
1.0,12.18275,95.51666666666667,0.0,145.33605551719666
1.1,11.81625,95.95,0.0,11.209178686141968
1.2,10.988916666666666,96.18333333333334,0.0,22.112557649612427
1.3,10.728916666666667,96.56666666666666,0.0,32.783787965774536
1.4,10.396583333333334,96.35000000000001,0.0,43.17436957359314
1.5,10.137833333333333,96.8,0.0,53.33636999130249
1.6,10.15025,96.35000000000001,0.0,63.29338002204895
1.7,10.066916666666666,96.38333333333333,0.0,72.97256588935852
1.8,9.969416666666667,96.6,0.0,82.47919511795044
1.9,9.613583333333333,96.35000000000001,0.0,91.73022675514221
2.0,9.3995,96.86666666666667,0.0,100.88653230667114
2.1,8.635833333333334,97.25,0.0,9.032193899154663
2.2,8.8255,96.89999999999999,0.0,17.99936866760254
2.3,8.452416666666666,97.43333333333334,0.0,26.86773371696472
2.4,8.45375,97.3,0.0,35.660502910614014
2.5,8.328666666666667,97.6,0.0,44.34372067451477
2.6,8.4505,97.25,0.0,52.90141272544861
2.7,8.359666666666667,97.28333333333333,0.0,61.31408905982971
2.8,8.366916666666667,97.08333333333333,0.0,69.59778571128845
2.9,8.549583333333333,96.96666666666667,0.0,77.87272596359253
3.0,7.776083333333333,97.8,0.0,86.06805157661438
3.1,7.736416666666667,97.56666666666666,0.0,8.018503665924072
3.2,7.823083333333333,97.61666666666666,0.016666666666666666,16.013517379760742
3.3,7.434666666666667,97.58333333333333,0.0,23.972108364105225
3.4,7.48175,97.71666666666667,0.0,31.88569211959839
3.5,7.547583333333334,97.56666666666666,0.0,39.75044059753418
3.6,7.297416666666667,97.95,0.0,47.57644176483154
3.7,7.3925833333333335,97.66666666666667,0.0,55.384819984436035
3.8,7.044833333333333,97.85000000000001,0.0,63.08350324630737
3.9,7.20925,97.88333333333334,0.0,70.7742052078247
4.0,7.012,98.16666666666667,0.0,78.35986709594727
4.1,6.817333333333333,98.16666666666667,0.0,7.556983470916748
4.2,6.826416666666667,97.86666666666667,0.0,15.082639694213867
4.3,6.80325,98.1,0.0,22.63872528076172
4.4,6.654083333333333,98.1,0.0,30.143245458602905
4.5,6.588916666666667,98.18333333333334,0.0,37.62227940559387
4.6,6.832666666666666,97.76666666666667,0.0,45.05135202407837
4.7,6.48,98.16666666666667,0.0,52.412673473358154
4.8,6.78275,98.0,0.0,59.69903063774109
4.9,6.601333333333334,97.96666666666667,0.0,66.96033430099487
5.0,6.64175,97.91666666666666,0.0,74.18723940849304
5.1,5.957,98.46666666666667,0.0,7.180201768875122
5.2,6.1285,98.3,0.0,14.356311321258545
5.3,6.366333333333333,98.21666666666667,0.016666666666666666,21.529566049575806
5.4,5.9635,98.48333333333333,0.0,28.676211833953857
5.5,6.0155,98.56666666666666,0.0,35.785892963409424
5.6,6.141583333333333,98.38333333333334,0.0,42.897016525268555
5.7,6.216,98.3,0.0,49.93892788887024
5.8,6.086833333333334,98.25,0.0,56.95993518829346
5.9,6.678333333333334,97.96666666666667,0.0,63.9584596157074
6.0,6.1626666666666665,98.08333333333333,0.0,70.93818783760071
6.1,5.751833333333333,98.71666666666667,0.0,6.949976444244385
6.2,5.663333333333333,98.63333333333333,0.0,13.89668345451355
6.3,5.98575,98.36666666666667,0.0,20.80816102027893
6.4,5.670333333333334,98.73333333333333,0.0,27.7207248210907
6.5,5.65675,98.68333333333334,0.0,34.586527824401855
6.6,5.7523333333333335,98.33333333333333,0.0,41.43087387084961
6.7,5.677333333333333,98.56666666666666,0.0,48.23176193237305
6.8,5.770083333333333,98.4,0.0,55.02276945114136
6.9,5.769416666666666,98.36666666666667,0.0,61.78730511665344
7.0,5.756916666666666,98.25,0.0,68.53101778030396
7.1,5.498,98.5,0.0,6.753166437149048
7.2,5.46375,98.75,0.0,13.55208706855774
7.3,5.42675,98.71666666666667,0.0,20.299211025238037
7.4,5.415,98.73333333333333,0.0,27.065230131149292
7.5,5.43625,98.68333333333334,0.0,33.81548810005188
7.6,5.3175,98.6,0.0,40.51817584037781
7.7,5.495916666666667,98.58333333333333,0.0,47.19452500343323
7.8,5.258583333333333,98.85000000000001,0.0,53.829345703125
7.9,5.342416666666667,98.63333333333333,0.0,60.48319864273071
8.0,5.332916666666667,98.8,0.0,67.09095096588135
8.1,4.91625,98.93333333333332,0.0,6.588369846343994
8.2,4.92675,99.01666666666667,0.0,13.204221487045288
8.3,5.07225,98.7,0.0,19.778170347213745
8.4,5.001166666666666,98.81666666666666,0.0,26.330856323242188
8.5,5.346166666666667,98.48333333333333,0.0,32.889249086380005
8.6,5.295833333333333,98.53333333333333,0.0,39.438982248306274
8.7,5.15725,98.76666666666667,0.0,45.956526041030884
8.8,5.165583333333333,98.68333333333334,0.0,52.44273138046265
8.9,5.104833333333334,98.91666666666666,0.0,58.928343296051025
9.0,5.105666666666667,98.75,0.0,65.39256644248962
9.1,4.765083333333333,98.98333333333333,0.0,6.458254814147949
9.2,4.66125,99.1,0.0,12.915620565414429
9.3,4.684083333333334,99.11666666666666,0.0,19.410308599472046
9.4,4.808916666666667,98.91666666666666,0.0,25.87348699569702
9.5,4.8261666666666665,98.96666666666667,0.0,32.28707408905029
9.6,5.060416666666667,98.56666666666666,0.0,38.69947004318237
9.7,4.982166666666667,98.73333333333333,0.0,45.05758547782898
9.8,5.05975,98.66666666666667,0.0,51.38859820365906
9.9,4.918583333333333,98.83333333333333,0.0,57.70218062400818
10.0,4.719916666666666,98.93333333333332,0.0,63.961158990859985
