Epochs,Loss,Accuracy (%),Silent labels (%),Time (s)
0.1,53.976,68.05,8.733333333333333,17.846723318099976
0.2,25.48425,89.81666666666666,0.016666666666666666,36.2758674621582
0.3,20.737333333333332,91.91666666666667,0.016666666666666666,53.166027784347534
0.4,17.78025,92.86666666666666,0.0,68.7243549823761
0.5,16.481166666666667,93.41666666666667,0.0,83.19899773597717
0.6,14.94075,94.28333333333333,0.0,96.73928117752075
0.7,13.722916666666666,94.81666666666668,0.0,109.50288319587708
0.8,13.395833333333334,94.66666666666667,0.0,121.66184687614441
0.9,12.61725,95.31666666666668,0.0,133.27257657051086
1.0,12.11525,95.55,0.0,144.54067587852478
1.1,11.672833333333333,95.95,0.0,10.995898962020874
1.2,10.905,96.21666666666667,0.0,21.641580820083618
1.3,10.599916666666667,96.81666666666666,0.0,32.085490703582764
1.4,10.34575,96.3,0.0,42.256261587142944
1.5,10.030416666666667,96.78333333333333,0.0,52.18122482299805
1.6,10.139583333333333,96.45,0.0,61.84117102622986
1.7,9.961333333333334,96.5,0.0,71.30814361572266
1.8,9.856333333333334,96.61666666666666,0.0,80.65427255630493
1.9,9.488666666666667,96.51666666666667,0.0,89.71885943412781
2.0,9.239,97.0,0.0,98.56234860420227
2.1,8.5395,97.26666666666667,0.0,8.688267469406128
2.2,8.809333333333333,96.91666666666666,0.0,17.309728384017944
2.3,8.387083333333333,97.58333333333333,0.0,25.84528112411499
2.4,8.330916666666667,97.31666666666666,0.0,34.313281774520874
2.5,8.243,97.73333333333333,0.0,42.72132444381714
2.6,8.349,97.31666666666666,0.0,50.963839530944824
2.7,8.247333333333334,97.38333333333333,0.0,59.09749460220337
2.8,8.28625,97.16666666666667,0.0,67.12643790245056
2.9,8.404583333333333,97.06666666666666,0.0,75.10575842857361
3.0,7.675083333333333,97.88333333333334,0.0,82.98100447654724
3.1,7.636416666666666,97.55,0.0,7.795217990875244
3.2,7.7218333333333335,97.61666666666666,0.0,15.56662631034851
3.3,7.364916666666667,97.6,0.0,23.29190993309021
3.4,7.384833333333333,97.71666666666667,0.0,30.96857213973999
3.5,7.434,97.7,0.0,38.55156660079956
3.6,7.19225,98.1,0.0,46.0684552192688
3.7,7.358,97.75,0.0,53.53858423233032
3.8,6.949166666666667,97.78333333333333,0.0,60.97325944900513
3.9,7.0815,97.89999999999999,0.0,68.36284804344177
4.0,6.945666666666667,98.1,0.0,75.7570972442627
4.1,6.669416666666667,98.21666666666667,0.0,7.307539701461792
4.2,6.729333333333333,98.05,0.0,14.571452140808105
4.3,6.6745833333333335,98.15,0.0,21.813782691955566
4.4,6.566583333333333,98.08333333333333,0.0,29.066438674926758
4.5,6.4991666666666665,98.26666666666667,0.0,36.28234267234802
4.6,6.853833333333333,97.83333333333334,0.0,43.480193853378296
4.7,6.38125,98.3,0.0,50.59623599052429
4.8,6.703333333333333,97.96666666666667,0.0,57.66832232475281
4.9,6.478416666666667,97.96666666666667,0.0,64.66652631759644
5.0,6.52025,97.89999999999999,0.0,71.61778593063354
5.1,5.854166666666667,98.5,0.0,6.941526412963867
5.2,6.0536666666666665,98.26666666666667,0.0,13.921573877334595
5.3,6.23925,98.33333333333333,0.0,20.89656662940979
5.4,5.891333333333334,98.58333333333333,0.0,27.835835456848145
5.5,5.962833333333333,98.56666666666666,0.0,34.71124267578125
5.6,6.075833333333334,98.15,0.0,41.5692572593689
5.7,6.11075,98.35000000000001,0.0,48.40059852600098
5.8,5.988,98.26666666666667,0.0,55.24508881568909
5.9,6.53625,98.06666666666666,0.0,62.07766366004944
6.0,6.061583333333333,98.2,0.0,68.88320827484131
6.1,5.630083333333333,98.75,0.0,6.766327381134033
6.2,5.5456666666666665,98.73333333333333,0.0,13.5361967086792
6.3,5.85075,98.45,0.0,20.251761198043823
6.4,5.611833333333333,98.65,0.0,26.96554684638977
6.5,5.673666666666667,98.61666666666666,0.0,33.6222198009491
6.6,5.667416666666667,98.35000000000001,0.0,40.285077810287476
6.7,5.61025,98.56666666666666,0.0,46.92654323577881
6.8,5.768916666666667,98.46666666666667,0.0,53.60593032836914
6.9,5.67425,98.5,0.0,60.22544074058533
7.0,5.673333333333333,98.43333333333332,0.0,66.83519101142883
7.1,5.46775,98.56666666666666,0.0,6.576078414916992
7.2,5.414916666666667,98.75,0.0,13.167691230773926
7.3,5.3620833333333335,98.75,0.0,19.725791454315186
7.4,5.31875,98.6,0.0,26.28114628791809
7.5,5.4395,98.61666666666666,0.0,32.871232748031616
7.6,5.31625,98.73333333333333,0.0,39.41058278083801
7.7,5.4145,98.61666666666666,0.0,45.93910050392151
7.8,5.173666666666667,98.91666666666666,0.0,52.421576738357544
7.9,5.296583333333333,98.48333333333333,0.0,58.89837622642517
8.0,5.27625,98.76666666666667,0.0,65.36781620979309
8.1,4.86225,98.95,0.0,6.451782703399658
8.2,4.88325,98.98333333333333,0.0,12.920416116714478
8.3,4.995833333333334,98.85000000000001,0.0,19.392258644104004
8.4,4.93075,98.73333333333333,0.0,25.775957822799683
8.5,5.2465,98.48333333333333,0.0,32.177024126052856
8.6,5.2203333333333335,98.56666666666666,0.0,38.576507568359375
8.7,5.15425,98.65,0.0,44.92811298370361
8.8,5.0695,98.85000000000001,0.0,51.273616313934326
8.9,5.033833333333333,98.85000000000001,0.0,57.617966175079346
9.0,4.991,98.68333333333334,0.0,63.994210958480835
9.1,4.668416666666666,98.96666666666667,0.0,6.324089288711548
9.2,4.63175,99.11666666666666,0.0,12.645928144454956
9.3,4.6146666666666665,99.16666666666667,0.0,18.992788791656494
9.4,4.778666666666667,98.93333333333332,0.0,25.34114122390747
9.5,4.803833333333333,98.96666666666667,0.0,31.65342879295349
9.6,5.007583333333334,98.56666666666666,0.0,38.00734615325928
9.7,4.884083333333334,98.81666666666666,0.0,44.307910680770874
9.8,4.98525,98.71666666666667,0.0,50.58968162536621
9.9,4.8095,98.93333333333332,0.0,56.87674570083618
10.0,4.683416666666667,98.98333333333333,0.0,63.175002336502075
