Epochs,Loss,Accuracy (%),Silent labels (%),Time (s)
0.1,55.564083333333336,66.96666666666667,9.75,17.600168466567993
0.2,25.712333333333333,89.71666666666667,0.0,35.91032147407532
0.3,20.982083333333332,91.7,0.016666666666666666,52.664817810058594
0.4,17.863833333333332,93.16666666666666,0.0,67.8499665260315
0.5,16.610916666666668,93.28333333333333,0.0,81.84798955917358
0.6,15.023416666666666,94.19999999999999,0.0,95.0761947631836
0.7,13.848166666666666,94.6,0.0,107.55615663528442
0.8,13.537333333333333,94.46666666666667,0.0,119.55098986625671
0.9,12.666333333333334,95.18333333333334,0.0,131.16113948822021
1.0,12.24975,95.35,0.0,142.44371390342712
1.1,11.796833333333334,95.83333333333334,0.0,10.987799167633057
1.2,11.00975,96.2,0.0,21.63418960571289
1.3,10.7375,96.61666666666666,0.0,31.988192558288574
1.4,10.40925,96.25,0.0,42.17681312561035
1.5,10.183916666666667,96.58333333333333,0.0,52.18231749534607
1.6,10.21325,96.56666666666666,0.0,61.893035650253296
1.7,10.027,96.35000000000001,0.0,71.4262342453003
1.8,9.938833333333333,96.6,0.0,80.78422832489014
1.9,9.576416666666667,96.43333333333334,0.0,89.99851775169373
2.0,9.343916666666667,96.78333333333333,0.0,99.12823176383972
2.1,8.6645,97.31666666666666,0.0,8.97970724105835
2.2,8.901416666666666,96.85000000000001,0.0,17.85925793647766
2.3,8.456666666666667,97.31666666666666,0.0,26.549339771270752
2.4,8.434333333333333,97.28333333333333,0.0,35.19689726829529
2.5,8.33775,97.46666666666667,0.0,43.74971055984497
2.6,8.389083333333334,97.28333333333333,0.0,52.16728091239929
2.7,8.361083333333333,97.21666666666667,0.0,60.51360487937927
2.8,8.330916666666667,97.25,0.0,68.79877519607544
2.9,8.523666666666667,97.03333333333333,0.0,77.03336024284363
3.0,7.7203333333333335,97.7,0.0,85.16209816932678
3.1,7.727,97.61666666666666,0.0,8.028819561004639
3.2,7.799083333333333,97.58333333333333,0.0,16.04746413230896
3.3,7.447583333333333,97.56666666666666,0.0,23.990217447280884
3.4,7.46075,97.65,0.0,31.87571930885315
3.5,7.52575,97.65,0.0,39.69018077850342
3.6,7.2236666666666665,97.93333333333332,0.0,47.435338497161865
3.7,7.376833333333333,97.88333333333334,0.0,55.13974690437317
3.8,6.982166666666667,97.85000000000001,0.0,62.772149085998535
3.9,7.20825,97.81666666666666,0.0,70.3254029750824
4.0,6.975333333333333,98.06666666666666,0.0,77.82632040977478
4.1,6.74175,98.26666666666667,0.0,7.46212100982666
4.2,6.78375,98.01666666666667,0.0,14.884049415588379
4.3,6.746083333333333,98.0,0.0,22.293237686157227
4.4,6.5725,98.18333333333334,0.0,29.677300214767456
4.5,6.529833333333333,98.3,0.0,36.987797021865845
4.6,6.854666666666667,97.85000000000001,0.0,44.28929281234741
4.7,6.482333333333333,98.28333333333333,0.0,51.57970571517944
4.8,6.80225,98.0,0.0,58.805758476257324
4.9,6.4976666666666665,98.03333333333333,0.0,65.95909929275513
5.0,6.563666666666666,97.88333333333334,0.0,73.06829786300659
5.1,5.91475,98.56666666666666,0.0,7.099531650543213
5.2,6.0255,98.31666666666666,0.0,14.164077758789062
5.3,6.28375,98.28333333333333,0.0,21.25101351737976
5.4,5.948666666666667,98.53333333333333,0.0,28.32891845703125
5.5,5.9385,98.58333333333333,0.0,35.34136390686035
5.6,6.054333333333333,98.31666666666666,0.0,42.30805039405823
5.7,6.11975,98.33333333333333,0.0,49.25044870376587
5.8,6.010416666666667,98.25,0.0,56.171045541763306
5.9,6.523083333333333,97.98333333333333,0.0,63.04243469238281
6.0,6.072916666666667,98.2,0.0,69.8992486000061
6.1,5.643666666666666,98.76666666666667,0.0,6.818622350692749
6.2,5.57425,98.66666666666667,0.0,13.602782249450684
6.3,5.91625,98.35000000000001,0.0,20.381511688232422
6.4,5.611666666666666,98.65,0.0,27.143317461013794
6.5,5.549083333333333,98.83333333333333,0.0,33.8306930065155
6.6,5.706916666666666,98.43333333333332,0.0,40.51122784614563
6.7,5.615666666666667,98.5,0.0,47.16722750663757
6.8,5.733833333333333,98.41666666666666,0.0,53.8800253868103
6.9,5.670333333333334,98.5,0.0,60.51074481010437
7.0,5.6265833333333335,98.41666666666666,0.0,67.12785935401917
7.1,5.439666666666667,98.46666666666667,0.0,6.569579839706421
7.2,5.368666666666667,98.8,0.0,13.127788305282593
7.3,5.386083333333334,98.78333333333333,0.0,19.65611171722412
7.4,5.29125,98.7,0.0,26.141971349716187
7.5,5.359,98.65,0.0,32.664764642715454
7.6,5.227166666666666,98.68333333333334,0.0,39.141048431396484
7.7,5.423,98.51666666666667,0.0,45.600335359573364
7.8,5.144,98.85000000000001,0.0,51.950138330459595
7.9,5.230833333333333,98.6,0.0,58.29329013824463
8.0,5.224333333333333,98.86666666666667,0.0,64.63559556007385
8.1,4.807083333333333,99.15,0.0,6.29924201965332
8.2,4.839916666666666,99.05000000000001,0.0,12.689303636550903
8.3,4.9718333333333335,98.75,0.0,18.999642372131348
8.4,4.87825,98.8,0.0,25.196357488632202
8.5,5.233666666666666,98.53333333333333,0.0,31.315099954605103
8.6,5.209083333333333,98.58333333333333,0.0,37.46974182128906
8.7,5.076583333333334,98.73333333333333,0.0,43.640469551086426
8.8,5.033833333333333,98.85000000000001,0.0,49.80661416053772
8.9,4.978583333333333,98.88333333333334,0.0,55.88646960258484
9.0,5.00825,98.8,0.0,61.94145226478577
9.1,4.64525,99.08333333333333,0.0,6.039332151412964
9.2,4.598583333333333,99.08333333333333,0.0,12.073869466781616
9.3,4.6295,99.16666666666667,0.0,18.05017638206482
9.4,4.72475,98.98333333333333,0.0,24.14276695251465
9.5,4.7825,98.9,0.0,30.130741596221924
9.6,4.960833333333333,98.76666666666667,0.0,36.08300852775574
9.7,4.865166666666667,98.83333333333333,0.0,42.05707240104675
9.8,4.95825,98.73333333333333,0.0,47.97370910644531
9.9,4.841583333333333,98.86666666666667,0.0,53.810648918151855
10.0,4.624416666666667,98.95,0.0,59.66228890419006
