Epochs,Loss,Accuracy (%),Silent labels (%),Time (s)
0.1,53.402833333333334,68.46666666666667,8.333333333333332,17.66418170928955
0.2,25.430583333333335,89.83333333333333,0.03333333333333333,35.401387453079224
0.3,20.637,92.06666666666666,0.016666666666666666,51.53457808494568
0.4,17.63475,93.18333333333332,0.0,66.53944492340088
0.5,16.34475,93.5,0.016666666666666666,80.50168180465698
0.6,14.806583333333334,94.36666666666666,0.0,93.80525732040405
0.7,13.691,94.78333333333333,0.016666666666666666,106.2439374923706
0.8,13.401666666666667,94.58333333333333,0.0,118.09270167350769
0.9,12.584583333333333,95.25,0.0,129.45308828353882
1.0,12.068083333333334,95.56666666666666,0.0,140.4156515598297
1.1,11.63125,95.89999999999999,0.0,10.69620132446289
1.2,10.902833333333334,96.18333333333334,0.0,21.100919485092163
1.3,10.535666666666666,96.66666666666667,0.0,31.210763454437256
1.4,10.2745,96.28333333333333,0.016666666666666666,41.077049016952515
1.5,10.013,96.88333333333333,0.0,50.76050138473511
1.6,10.066,96.55,0.0,60.23055100440979
1.7,9.954416666666667,96.43333333333334,0.0,69.50157380104065
1.8,9.77925,96.56666666666666,0.0,78.5342845916748
1.9,9.469416666666667,96.55,0.0,87.31183242797852
2.0,9.210833333333333,96.93333333333334,0.0,96.03883743286133
2.1,8.5405,97.18333333333334,0.0,8.649919271469116
2.2,8.749333333333333,97.05,0.0,17.19099497795105
2.3,8.33725,97.51666666666667,0.0,25.650174140930176
2.4,8.343333333333334,97.35000000000001,0.0,34.01202321052551
2.5,8.221083333333333,97.7,0.0,42.282058238983154
2.6,8.3405,97.36666666666667,0.0,50.44497013092041
2.7,8.243333333333334,97.33333333333334,0.0,58.55460023880005
2.8,8.28425,97.16666666666667,0.0,66.53911685943604
2.9,8.366166666666667,97.08333333333333,0.0,74.4110860824585
3.0,7.739416666666667,97.76666666666667,0.0,82.22698903083801
3.1,7.619416666666667,97.56666666666666,0.0,7.7913267612457275
3.2,7.666,97.65,0.0,15.48280644416809
3.3,7.351916666666667,97.63333333333334,0.0,23.12051272392273
3.4,7.383916666666667,97.63333333333334,0.0,30.767295360565186
3.5,7.396,97.65,0.0,38.295424461364746
3.6,7.134,98.01666666666667,0.0,45.774073123931885
3.7,7.308083333333333,97.68333333333334,0.0,53.24701952934265
3.8,6.87175,97.86666666666667,0.016666666666666666,60.61424922943115
3.9,7.051666666666667,97.91666666666666,0.0,67.91912984848022
4.0,6.8505,98.15,0.0,75.1805911064148
4.1,6.625083333333333,98.23333333333333,0.0,7.205803632736206
4.2,6.619416666666667,98.16666666666667,0.0,14.372777938842773
4.3,6.561916666666667,98.16666666666667,0.0,21.498941898345947
4.4,6.458083333333334,98.1,0.0,28.586441040039062
4.5,6.328666666666667,98.25,0.0,35.66002440452576
4.6,6.663,97.7,0.0,42.702301263809204
4.7,6.2763333333333335,98.23333333333333,0.0,49.71709585189819
4.8,6.607083333333334,97.93333333333332,0.0,56.66116762161255
4.9,6.350416666666667,98.03333333333333,0.0,63.57282519340515
5.0,6.443333333333333,97.89999999999999,0.0,70.44427371025085
5.1,5.770333333333333,98.61666666666666,0.0,6.836408615112305
5.2,5.865333333333333,98.38333333333334,0.0,13.645945072174072
5.3,6.103833333333333,98.25,0.0,20.46384572982788
5.4,5.780833333333334,98.45,0.0,27.27386164665222
5.5,5.86225,98.46666666666667,0.0,34.033692598342896
5.6,5.96125,98.2,0.0,40.76346397399902
5.7,6.0720833333333335,98.28333333333333,0.0,47.49152112007141
5.8,5.944583333333333,98.31666666666666,0.0,54.239280700683594
5.9,6.5473333333333334,98.03333333333333,0.0,60.98376202583313
6.0,6.073083333333333,98.23333333333333,0.0,67.75210857391357
6.1,5.698083333333333,98.75,0.0,6.744714260101318
6.2,5.748083333333334,98.6,0.0,13.496375322341919
6.3,6.0715,98.35000000000001,0.0,20.246623754501343
6.4,5.844166666666666,98.81666666666666,0.0,27.01552391052246
6.5,6.203083333333334,98.63333333333333,0.0,33.7806658744812
6.6,6.331833333333333,98.51666666666667,0.0,40.57482171058655
6.7,6.551333333333333,98.48333333333333,0.0,47.37265753746033
6.8,6.869833333333333,98.43333333333332,0.016666666666666666,54.19585108757019
6.9,7.0275,98.38333333333334,0.016666666666666666,61.01375675201416
7.0,7.211666666666667,98.35000000000001,0.016666666666666666,67.81446123123169
7.1,7.2884166666666665,98.66666666666667,0.03333333333333333,6.860398530960083
7.2,7.187,98.68333333333334,0.0,13.736181259155273
7.3,7.330166666666667,98.66666666666667,0.016666666666666666,20.619523763656616
7.4,7.6890833333333335,98.71666666666667,0.06666666666666667,27.522706031799316
7.5,7.858333333333333,98.66666666666667,0.016666666666666666,34.46062469482422
7.6,8.053083333333333,98.7,0.03333333333333333,41.79295516014099
7.7,8.2465,98.55000000000001,0.0,48.84101581573486
7.8,8.279,98.8,0.0,56.42581105232239
7.9,8.68825,98.53333333333333,0.03333333333333333,63.36418676376343
8.0,9.081916666666666,98.73333333333333,0.016666666666666666,70.23377585411072
8.1,9.200166666666666,99.13333333333333,0.0,6.843304634094238
8.2,9.728583333333333,99.1,0.0,13.721446514129639
8.3,10.33275,98.78333333333333,0.0,20.60636830329895
8.4,11.036583333333333,98.76666666666667,0.016666666666666666,27.555033922195435
8.5,11.578416666666667,98.53333333333333,0.0,34.4478554725647
8.6,12.114833333333333,98.68333333333334,0.03333333333333333,41.30936050415039
8.7,12.843333333333334,98.75,0.0,48.174702405929565
8.8,12.973666666666666,99.0,0.0,55.04633712768555
8.9,13.5215,98.9,0.03333333333333333,61.87039875984192
9.0,13.744833333333334,98.88333333333334,0.06666666666666667,68.62184882164001
9.1,13.58025,99.1,0.0,6.716477870941162
9.2,13.604833333333334,99.23333333333333,0.016666666666666666,13.415575742721558
9.3,13.022333333333334,99.16666666666667,0.0,20.01660180091858
9.4,11.91175,99.1,0.016666666666666666,26.536952257156372
9.5,11.39775,98.95,0.016666666666666666,32.912954330444336
9.6,10.834,98.71666666666667,0.0,39.23751950263977
9.7,10.146166666666666,98.85000000000001,0.0,45.508591651916504
9.8,9.756333333333334,98.65,0.0,51.72020864486694
9.9,8.513,98.93333333333332,0.0,57.840903759002686
10.0,7.70675,98.96666666666667,0.0,63.93360686302185
