Epochs,Loss,Accuracy (%),Silent labels (%),Time (s)
0.1,54.066916666666664,67.61666666666667,8.633333333333333,17.762702226638794
0.2,25.65225,89.78333333333333,0.0,35.807960748672485
0.3,20.814583333333335,91.85,0.016666666666666666,52.2397243976593
0.4,17.677333333333333,93.18333333333332,0.0,67.1820137500763
0.5,16.447583333333334,93.38333333333333,0.016666666666666666,81.09038925170898
0.6,14.96475,94.16666666666667,0.0,94.261958360672
0.7,13.749,94.66666666666667,0.0,106.6892306804657
0.8,13.441666666666666,94.51666666666667,0.0,118.56088209152222
0.9,12.633916666666666,95.26666666666667,0.0,130.08365440368652
1.0,12.13375,95.53333333333333,0.0,141.1832721233368
1.1,11.680083333333334,95.85000000000001,0.0,10.757076501846313
1.2,10.940666666666667,96.3,0.0,21.1905574798584
1.3,10.66325,96.76666666666667,0.0,31.395981788635254
1.4,10.356416666666666,96.35000000000001,0.0,41.43343949317932
1.5,10.082083333333333,96.81666666666666,0.0,51.18789458274841
1.6,10.185583333333334,96.41666666666666,0.0,60.661311864852905
1.7,10.036333333333333,96.2,0.0,69.8912422657013
1.8,9.869916666666667,96.61666666666666,0.0,79.03386926651001
1.9,9.518083333333333,96.51666666666667,0.0,87.98004508018494
2.0,9.321833333333334,97.01666666666667,0.016666666666666666,96.84383010864258
2.1,8.598,97.3,0.0,8.622016191482544
2.2,8.787666666666667,96.89999999999999,0.0,17.208569049835205
2.3,8.461416666666667,97.39999999999999,0.0,25.673696756362915
2.4,8.357083333333334,97.33333333333334,0.0,34.1417191028595
2.5,8.24425,97.56666666666666,0.0,42.4768648147583
2.6,8.36875,97.39999999999999,0.0,50.667988538742065
2.7,8.287583333333334,97.35000000000001,0.0,58.740861654281616
2.8,8.31425,97.2,0.0,66.77324271202087
2.9,8.45825,97.08333333333333,0.0,74.68775510787964
3.0,7.675666666666666,97.91666666666666,0.0,82.50691413879395
3.1,7.632083333333333,97.63333333333334,0.0,7.7851245403289795
3.2,7.7259166666666665,97.65,0.0,15.469825744628906
3.3,7.327416666666666,97.61666666666666,0.0,23.12674617767334
3.4,7.402666666666667,97.46666666666667,0.0,30.767836093902588
3.5,7.448083333333333,97.76666666666667,0.0,38.354130268096924
3.6,7.17475,98.0,0.0,45.873753786087036
3.7,7.34575,97.76666666666667,0.0,53.34554171562195
3.8,6.8975,97.8,0.0,60.73858690261841
3.9,7.106583333333333,97.78333333333333,0.0,68.06598567962646
4.0,6.8535,98.08333333333333,0.0,75.35993075370789
4.1,6.705166666666667,98.15,0.0,7.271204471588135
4.2,6.724,98.0,0.0,14.47781777381897
4.3,6.6475,98.08333333333333,0.0,21.660162448883057
4.4,6.5005,98.11666666666666,0.0,28.761438608169556
4.5,6.476,98.16666666666667,0.0,35.85050058364868
4.6,6.784916666666667,97.85000000000001,0.0,42.93317770957947
4.7,6.421083333333334,98.31666666666666,0.0,49.99975085258484
4.8,6.75175,97.89999999999999,0.0,56.959270000457764
4.9,6.47725,98.08333333333333,0.0,63.86640238761902
5.0,6.51775,98.03333333333333,0.0,70.78400707244873
5.1,5.904,98.63333333333333,0.0,6.8791937828063965
5.2,6.067,98.15,0.0,13.768368005752563
5.3,6.318666666666667,98.08333333333333,0.0,20.66061019897461
5.4,5.91025,98.55000000000001,0.0,27.499476194381714
5.5,5.930416666666667,98.45,0.0,34.29314994812012
5.6,6.084083333333333,98.16666666666667,0.0,41.08140206336975
5.7,6.15825,98.26666666666667,0.0,47.830646276474
5.8,5.98125,98.31666666666666,0.0,54.55876612663269
5.9,6.516416666666666,97.95,0.0,61.32121419906616
6.0,6.022,98.1,0.0,68.04542827606201
6.1,5.6105,98.61666666666666,0.0,6.6767578125
6.2,5.536666666666667,98.58333333333333,0.0,13.347887992858887
6.3,5.857166666666667,98.38333333333334,0.0,20.0515615940094
6.4,5.5785,98.7,0.0,26.69908881187439
6.5,5.546666666666667,98.51666666666667,0.0,33.27740430831909
6.6,5.617166666666667,98.33333333333333,0.0,39.848532915115356
6.7,5.62875,98.46666666666667,0.0,46.40310835838318
6.8,5.707416666666667,98.45,0.0,52.94367861747742
6.9,5.734,98.4,0.0,59.44593024253845
7.0,5.7755,98.41666666666666,0.0,65.90570330619812
7.1,5.702333333333334,98.45,0.0,6.447633981704712
7.2,5.60575,98.63333333333333,0.0,12.89767575263977
7.3,5.73475,98.71666666666667,0.0,19.364474058151245
7.4,5.552,98.78333333333333,0.0,25.852694511413574
7.5,5.581333333333333,98.66666666666667,0.0,32.33155655860901
7.6,5.463166666666667,98.65,0.0,38.78707790374756
7.7,5.562916666666666,98.53333333333333,0.0,45.23686170578003
7.8,5.234416666666666,98.8,0.0,51.67796730995178
7.9,5.356833333333333,98.71666666666667,0.0,58.102604150772095
8.0,5.269166666666667,98.75,0.0,64.5244529247284
8.1,4.91725,99.03333333333333,0.0,6.426880598068237
8.2,4.8605,99.01666666666667,0.0,13.153318643569946
8.3,4.962916666666667,98.73333333333333,0.0,20.50015687942505
8.4,4.885916666666667,98.8,0.0,27.255844831466675
8.5,5.200333333333333,98.5,0.016666666666666666,33.623470067977905
8.6,5.1615,98.56666666666666,0.0,39.975327491760254
8.7,5.053083333333333,98.63333333333333,0.0,46.3260760307312
8.8,4.98375,98.8,0.0,52.6583309173584
8.9,4.99475,98.78333333333333,0.0,58.942763566970825
9.0,4.92,99.0,0.0,65.27173709869385
9.1,4.715083333333333,99.03333333333333,0.0,6.2704832553863525
9.2,4.7435,99.03333333333333,0.0,12.535649061203003
9.3,4.766333333333334,99.08333333333333,0.0,18.826521158218384
9.4,4.821083333333333,98.96666666666667,0.0,25.13320803642273
9.5,4.837916666666667,99.05000000000001,0.0,31.43536400794983
9.6,5.043833333333334,98.7,0.0,37.75170063972473
9.7,4.874583333333334,98.93333333333332,0.0,44.05265474319458
9.8,4.99275,98.7,0.0,50.37393879890442
9.9,4.81875,98.9,0.0,56.682584285736084
10.0,4.666666666666667,98.91666666666666,0.0,62.97280931472778
