0.02,0.03,0.05,0.08,0.1,0.13,0.15,0.18,0.2
0.0,0.0,0.0033599999999999997,0.10296666666666665,0.20416666666666664,0.39982,0.5330400000000001,0.7226533333333335,0.8557666666666666
0.0,0.0,0.004326666666666666,0.11141333333333331,0.2162333333333333,0.41656666666666664,0.5509266666666666,0.7419333333333333,0.8752199999999999
0.0,0.0,0.006726666666666666,0.1188933333333333,0.22695999999999997,0.4302933333333334,0.5671400000000001,0.7601666666666667,0.89456
0.0,0.0,0.007913333333333335,0.12332666666666664,0.23230666666666663,0.43712,0.5739266666666666,0.7670666666666665,0.9007666666666668
0.0,0.0,0.010013333333333334,0.12718,0.23719999999999997,0.44373333333333326,0.5803799999999999,0.7734333333333333,0.9071999999999999
0.0,0.0,0.011446666666666667,0.1300333333333333,0.24004666666666663,0.4468133333333334,0.5835733333333333,0.7756799999999999,0.9091000000000001
0.0,0.0,0.012733333333333333,0.13270666666666664,0.24332666666666664,0.45094666666666666,0.5877933333333334,0.7804066666666665,0.9138533333333334
0.0,0.0,0.014013333333333333,0.1345933333333333,0.24602666666666667,0.4535,0.5907133333333333,0.7818866666666666,0.9148999999999999
0.0,0.0,0.015200000000000002,0.1363333333333333,0.24785333333333331,0.45563333333333333,0.5921133333333333,0.7834933333333334,0.9163466666666664
0.0,0.0,0.016366666666666668,0.13828,0.25025333333333327,0.4589200000000001,0.59552,0.7877333333333333,0.9209466666666668
