0.02,0.03,0.05,0.08,0.1,0.13,0.15,0.18,0.2
0.0,0.0,0.014906666666666665,0.13049999999999998,0.23546666666666663,0.4189866666666666,0.5501133333333335,0.7478733333333332,0.8764133333333334
0.0,0.0,0.019020000000000002,0.14001333333333332,0.24898666666666666,0.4357933333333333,0.5681933333333332,0.7677799999999999,0.8966933333333332
0.0,0.0,0.022559999999999993,0.14732666666666663,0.2586266666666666,0.4486866666666667,0.5827799999999999,0.7829333333333334,0.9127266666666665
0.0,0.0,0.025679999999999994,0.15251999999999996,0.2653266666666666,0.45635333333333333,0.5905333333333332,0.7913866666666667,0.9206266666666665
0.0,0.0,0.029106666666666663,0.15813333333333332,0.2729133333333334,0.4658933333333334,0.6006666666666667,0.8020866666666667,0.93106
0.0,0.0,0.033666666666666664,0.16593333333333335,0.2829333333333333,0.47495999999999994,0.6079133333333333,0.8030599999999999,0.9276666666666665
0.0,0.0,0.043606666666666655,0.18468666666666664,0.30213999999999996,0.4923,0.6213933333333332,0.8117,0.9328733333333333
0.0,0.0,0.045459999999999993,0.18289333333333335,0.29871333333333333,0.48889999999999995,0.6190866666666666,0.8115399999999999,0.9334466666666665
0.0,0.0,0.043006666666666644,0.17625999999999997,0.29275333333333337,0.48457333333333336,0.61648,0.8122133333333333,0.93656
0.0,0.0,0.04234,0.17809333333333333,0.29679999999999995,0.4924733333333333,0.6263000000000001,0.8203333333333331,0.9422666666666669
