0.02,0.03,0.05,0.08,0.1,0.13,0.15,0.18,0.2
0.0,0.0,0.017826666666666668,0.13536,0.24129999999999996,0.42589333333333346,0.5574466666666666,0.7556733333333332,0.88358
0.0,0.0,0.022193333333333332,0.14413333333333334,0.2535933333333333,0.4404533333333333,0.5721533333333333,0.7698066666666668,0.8978866666666666
0.0,0.0,0.02654666666666667,0.1522866666666666,0.2639666666666666,0.45405999999999996,0.5875266666666668,0.7873533333333333,0.9156400000000001
0.0,0.0,0.02951333333333333,0.15738666666666665,0.2706266666666666,0.4616466666666666,0.59468,0.7946133333333333,0.9228799999999999
0.0,0.0,0.03252666666666667,0.16220666666666664,0.27718,0.46963333333333346,0.6035533333333333,0.8041000000000001,0.9320533333333334
0.0,0.0,0.0344,0.16403333333333334,0.2790066666666666,0.47051333333333334,0.6035933333333332,0.8022733333333335,0.9290333333333333
0.0,0.0,0.037520000000000005,0.17046,0.287,0.4811799999999999,0.6150933333333334,0.8122266666666665,0.9375799999999999
0.0,0.0,0.04683333333333334,0.1913466666666666,0.31226666666666664,0.5057600000000001,0.6348133333333333,0.8222933333333334,0.9398533333333333
0.0,0.006193333333333333,0.08837999999999999,0.25379999999999997,0.37384666666666666,0.5555066666666666,0.6733800000000001,0.8397866666666666,0.9433800000000002
0.0,0.02974,0.12637999999999994,0.2935133333333333,0.4109733333333334,0.5851933333333333,0.6969333333333333,0.8546,0.9518866666666668
