0.02,0.03,0.05,0.08,0.1,0.13,0.15,0.18,0.2
0.0,0.0,0.0003533333333333333,0.09336,0.20075333333333334,0.3744066666666667,0.5175000000000001,0.7134533333333333,0.8578133333333335
0.0,0.0,0.0003333333333333333,0.09965333333333332,0.21059999999999995,0.3870666666666667,0.5315,0.7277666666666667,0.87198
0.0,0.0,0.00048666666666666666,0.10585333333333331,0.22017999999999996,0.40012666666666674,0.5462533333333333,0.7448800000000001,0.8902066666666666
0.0,0.0,0.0005866666666666665,0.10999999999999996,0.22580000000000003,0.4072666666666667,0.5535999999999999,0.7525866666666668,0.8975
0.0,0.0,0.0010066666666666668,0.11394666666666664,0.23136666666666664,0.4153066666666668,0.56312,0.7630733333333335,0.9091466666666668
0.0,0.0,0.0010266666666666666,0.11522666666666664,0.2331666666666666,0.41662000000000005,0.56402,0.7628666666666666,0.9084466666666665
0.0,0.0,0.0014200000000000003,0.11781333333333331,0.23712666666666662,0.42192666666666667,0.5698933333333334,0.7696799999999999,0.916253333333333
0.0,0.0,0.0015466666666666671,0.11927333333333329,0.23819999999999994,0.42213333333333336,0.5691733333333332,0.7676999999999998,0.9129400000000001
0.0,0.0,0.0018533333333333336,0.1204,0.24004666666666666,0.4242933333333334,0.57158,0.7697733333333332,0.9153066666666665
0.0,0.0,0.0023466666666666666,0.1226733333333333,0.24347333333333332,0.4285666666666667,0.5767266666666666,0.7760133333333334,0.92188
