0.02,0.03,0.05,0.08,0.1,0.13,0.15,0.18,0.2
0.0,0.0,0.006473333333333334,0.11765999999999996,0.22695333333333334,0.41138666666666673,0.5302,0.7314266666666667,0.8691266666666665
0.0,0.0,0.00824,0.1265133333333333,0.23861333333333326,0.42608666666666667,0.5461666666666666,0.7480933333333333,0.8851199999999999
0.0,0.0,0.011053333333333335,0.13428666666666664,0.2499599999999999,0.44133333333333336,0.5630666666666667,0.7681933333333333,0.90684
0.0,0.0,0.013513333333333336,0.13942,0.25616666666666665,0.44840000000000013,0.5705333333333332,0.7745066666666667,0.9133066666666667
0.0,0.0,0.015933333333333334,0.1435733333333333,0.26182,0.4553066666666667,0.5776999999999999,0.7816600000000001,0.9205800000000001
0.0,0.0,0.017393333333333334,0.14579999999999999,0.2643666666666666,0.4568666666666667,0.57888,0.7821266666666665,0.9192533333333333
0.0,0.0,0.019673333333333334,0.1489733333333333,0.2683266666666666,0.46218000000000004,0.5843133333333332,0.7877999999999998,0.9257733333333331
0.0,0.0,0.021506666666666664,0.15140666666666663,0.2711066666666666,0.46582666666666667,0.5877333333333332,0.7907466666666666,0.9278200000000001
0.0,0.0,0.022599999999999995,0.15349333333333331,0.27393999999999996,0.46892,0.5913733333333332,0.7944866666666667,0.9310466666666667
0.0,0.0,0.023706666666666664,0.15501999999999996,0.2754133333333333,0.47069333333333335,0.5933333333333334,0.7958866666666665,0.9325133333333333
