0.02,0.03,0.05,0.08,0.1,0.13,0.15,0.18,0.2
0.0,0.0,0.005180000000000001,0.11762666666666664,0.22281333333333328,0.4096933333333334,0.5449466666666666,0.7499333333333332,0.8844066666666667
0.0,0.0,0.006740000000000001,0.12660666666666665,0.23502666666666663,0.42510666666666663,0.5602199999999999,0.7661866666666667,0.9000800000000001
0.0,0.0,0.009206666666666667,0.13434666666666667,0.2455933333333333,0.4389866666666667,0.5769933333333332,0.78476,0.91994
0.0,0.0,0.010933333333333333,0.1389666666666666,0.2509,0.44529333333333343,0.5829933333333333,0.7907200000000002,0.9249666666666667
0.0,0.0,0.013166666666666669,0.14283333333333328,0.25711333333333325,0.45339333333333337,0.5920666666666666,0.8005266666666668,0.9358399999999999
0.0,0.0,0.014426666666666667,0.14525999999999997,0.2588599999999999,0.4550933333333333,0.5928466666666666,0.8000866666666666,0.93474
0.0,0.0,0.016239999999999997,0.1479333333333333,0.2631,0.45989333333333327,0.5987733333333333,0.8066199999999999,0.9410200000000002
0.0,0.0,0.0173,0.14990666666666663,0.2652399999999999,0.4619533333333333,0.6003333333333333,0.80806,0.9414933333333333
0.0,0.0,0.018400000000000003,0.1513466666666666,0.26670666666666665,0.46329333333333333,0.6013133333333333,0.8088733333333333,0.9423
0.0,0.0,0.01906666666666667,0.1530333333333333,0.26825333333333334,0.46525999999999995,0.6033866666666666,0.8099133333333335,0.9431533333333334
