0.02,0.03,0.05,0.08,0.1,0.13,0.15,0.18,0.2
0.0,0.0,0.009393333333333333,0.12237999999999997,0.22670666666666667,0.41006,0.5415200000000001,0.7417933333333333,0.87178
0.0,0.0,0.012206666666666666,0.13145333333333334,0.23839999999999997,0.42443333333333333,0.5564666666666667,0.7562533333333333,0.8858466666666667
0.0,0.0,0.01572666666666667,0.13894666666666666,0.24894,0.4383266666666667,0.57234,0.7746666666666665,0.9054333333333332
0.0,0.0,0.01814,0.1437733333333333,0.25486666666666663,0.4452800000000001,0.5792733333333334,0.7814133333333334,0.9117133333333333
0.0,0.0,0.02088,0.14817999999999995,0.26058,0.4524066666666668,0.58692,0.7883533333333332,0.9183266666666668
0.0,0.0,0.024073333333333332,0.15301999999999996,0.2676266666666667,0.4603066666666667,0.5953866666666666,0.7951066666666666,0.9227666666666667
0.0,0.0,0.027080000000000003,0.15749999999999997,0.27292666666666665,0.4656666666666667,0.5992733333333333,0.7984266666666666,0.9251466666666666
0.0,0.0,0.027680000000000003,0.15817999999999996,0.27325333333333335,0.46630000000000005,0.6007133333333333,0.8009466666666666,0.9288400000000001
0.0,0.0,0.03046666666666666,0.16167999999999996,0.27834666666666663,0.47229333333333345,0.6060733333333332,0.8026866666666668,0.9275266666666666
0.0,0.0,0.031126666666666664,0.16274,0.2794733333333333,0.4733933333333333,0.6076533333333334,0.8063066666666665,0.9323800000000003
