0.02,0.03,0.05,0.08,0.1,0.13,0.15,0.18,0.2
0.0,0.0,0.0006533333333333335,0.10327333333333331,0.19451999999999992,0.3784666666666666,0.49987333333333334,0.7068800000000001,0.8709066666666665
0.0,0.0,0.0006266666666666668,0.11083999999999998,0.2051933333333333,0.39202666666666663,0.5141800000000001,0.7213266666666668,0.8841133333333334
0.0,0.0,0.0010333333333333334,0.11877333333333331,0.2152333333333333,0.40687999999999996,0.5313266666666667,0.7413666666666665,0.9066733333333332
0.0,0.0,0.0012333333333333335,0.12184666666666664,0.21958666666666662,0.41218000000000005,0.5361733333333334,0.7469666666666668,0.9114066666666666
0.0,0.0,0.00158,0.12581999999999996,0.22523999999999994,0.41995333333333335,0.5450466666666667,0.75658,0.9217466666666667
0.0,0.0,0.0015466666666666667,0.12728666666666663,0.22653333333333334,0.42088000000000003,0.5457599999999999,0.7560266666666667,0.9202399999999998
0.0,0.0,0.00218,0.12958666666666663,0.22959333333333334,0.42467333333333335,0.5501066666666667,0.7611466666666666,0.9250000000000002
0.0,0.0,0.0027200000000000006,0.13204666666666667,0.23290000000000002,0.42828000000000005,0.5534666666666667,0.76362,0.92806
0.0,0.0,0.003,0.1335333333333333,0.23429333333333333,0.42968000000000006,0.5550599999999999,0.7658866666666667,0.92954
0.0,0.0,0.003206666666666667,0.13451999999999992,0.2362466666666666,0.43267333333333335,0.5581933333333333,0.7691266666666668,0.9328666666666665
