0.02,0.03,0.05,0.08,0.1,0.13,0.15,0.18,0.2
0.0,0.0,0.015980000000000005,0.11917333333333331,0.24002666666666658,0.3863333333333333,0.45073333333333315,0.5666266666666666,0.6202666666666666
0.0,0.0,0.033326666666666664,0.1467133333333333,0.24851999999999996,0.36273333333333335,0.41416000000000003,0.5098133333333335,0.5539066666666667
0.0,0.0,0.047293333333333326,0.15644,0.24197333333333332,0.3409533333333334,0.3868333333333334,0.47302666666666665,0.5138266666666667
0.0,0.0,0.06006000000000001,0.16126,0.23703333333333326,0.3266266666666667,0.3687866666666666,0.44937333333333335,0.4871533333333333
0.0,0.0,0.06731333333333334,0.16282666666666668,0.23294666666666664,0.3182866666666666,0.3587733333333334,0.43620000000000003,0.47232666666666673
0.0,0.0,0.07284666666666667,0.1628533333333333,0.22921999999999992,0.31135999999999997,0.35041333333333335,0.42544666666666664,0.4610866666666667
0.0,0.0,0.07640666666666668,0.1612933333333333,0.2243333333333333,0.30367999999999995,0.34186,0.4149333333333334,0.4493866666666667
0.0,0.0,0.08088666666666665,0.1627933333333333,0.22483999999999996,0.30324666666666666,0.34138666666666667,0.41370000000000007,0.4477400000000001
0.0,0.0,0.08494666666666664,0.1709666666666666,0.23520666666666665,0.3171333333333333,0.35632666666666674,0.43202666666666656,0.46770666666666677
0.0,0.0,0.08263999999999999,0.17499333333333325,0.24575999999999992,0.33403333333333335,0.3767933333333333,0.4572933333333335,0.49501999999999996
