Epochs,Loss,Accuracy (%),Silent labels (%),Time (s)
0.1,62.67158333333333,62.28333333333333,17.216666666666665,16.193292140960693
0.2,37.82841666666667,81.16666666666667,9.75,32.81820631027222
0.3,32.9725,83.75,9.833333333333332,48.23930048942566
0.4,20.585916666666666,91.26666666666667,1.1166666666666667,62.40058660507202
0.5,16.78975,93.16666666666666,0.016666666666666666,75.45342183113098
0.6,15.247166666666667,93.48333333333333,0.0,87.9777398109436
0.7,13.566083333333333,95.53333333333333,0.0,100.009192943573
0.8,13.217,95.1,0.016666666666666666,111.5943124294281
0.9,12.706083333333334,95.13333333333334,0.0,122.87239527702332
1.0,12.45,95.23333333333333,0.0,133.6846408843994
1.1,11.636583333333334,95.71666666666667,0.016666666666666666,10.416751146316528
1.2,10.772333333333334,96.28333333333333,0.0,20.664618730545044
1.3,10.960833333333333,96.06666666666666,0.0,30.56062650680542
1.4,10.357583333333332,96.58333333333333,0.0,40.22523903846741
1.5,10.433583333333333,96.28333333333333,0.0,49.6973512172699
1.6,10.166666666666666,96.39999999999999,0.0,59.00698208808899
1.7,9.671166666666666,96.93333333333334,0.0,68.13160562515259
1.8,9.909166666666666,96.5,0.0,77.13013815879822
1.9,9.51025,96.91666666666666,0.0,85.98527693748474
2.0,9.3515,96.76666666666667,0.0,94.69973993301392
2.1,8.69125,97.0,0.0,8.5339834690094
2.2,8.768083333333333,97.23333333333333,0.0,17.053526878356934
2.3,8.53925,97.18333333333334,0.0,25.420506477355957
2.4,8.388,97.3,0.0,33.712345361709595
2.5,8.752833333333333,97.05,0.0,41.91264867782593
2.6,8.330583333333333,97.23333333333333,0.0,49.97860932350159
2.7,8.168916666666666,97.3,0.0,57.987396240234375
2.8,8.309916666666666,97.15,0.0,65.94155097007751
2.9,8.001916666666666,97.56666666666666,0.0,73.8826916217804
3.0,7.890916666666667,97.58333333333333,0.0,81.72734928131104
3.1,7.51575,97.73333333333333,0.0,7.702887773513794
3.2,7.64075,97.45,0.0,15.330749750137329
3.3,7.50125,97.81666666666666,0.0,22.967182397842407
3.4,7.2363333333333335,97.8,0.0,30.549996376037598
3.5,7.415333333333334,97.85000000000001,0.0,38.07775592803955
3.6,7.11875,98.11666666666666,0.0,45.63388013839722
3.7,7.2781666666666665,97.8,0.0,53.171746253967285
3.8,7.041,97.88333333333334,0.0,60.57065439224243
3.9,7.0986666666666665,97.8,0.0,67.8801531791687
4.0,7.331,97.63333333333334,0.0,75.14688420295715
4.1,6.697166666666667,98.05,0.0,7.260011672973633
4.2,6.588916666666667,98.35000000000001,0.0,14.513231039047241
4.3,6.73075,98.03333333333333,0.0,21.800973176956177
4.4,6.84475,98.03333333333333,0.0,28.991777658462524
4.5,6.776166666666667,97.85000000000001,0.0,36.142346143722534
4.6,6.54975,98.0,0.0,43.28207778930664
4.7,6.56125,98.08333333333333,0.0,50.3277223110199
4.8,6.260416666666667,98.25,0.0,57.37908911705017
4.9,6.358833333333333,98.06666666666666,0.0,64.3751471042633
5.0,6.38925,98.08333333333333,0.0,71.30997776985168
5.1,6.050833333333333,98.43333333333332,0.0,6.904730319976807
5.2,6.13575,98.2,0.0,13.849707841873169
5.3,6.214666666666667,98.16666666666667,0.0,20.804211139678955
5.4,5.86,98.55000000000001,0.0,27.67498517036438
5.5,6.090166666666667,98.31666666666666,0.0,34.55666399002075
5.6,6.201083333333333,98.38333333333334,0.0,41.50712561607361
5.7,6.226416666666666,98.31666666666666,0.0,48.354623556137085
5.8,5.9945,98.28333333333333,0.0,55.152700901031494
5.9,5.8665,98.53333333333333,0.0,62.01857089996338
6.0,5.9005,98.3,0.0,68.98502230644226
6.1,5.574916666666667,98.53333333333333,0.0,6.786767482757568
6.2,5.881083333333334,98.31666666666666,0.0,13.55849814414978
6.3,5.599083333333334,98.55000000000001,0.0,20.26666259765625
6.4,5.546083333333334,98.58333333333333,0.0,26.93832564353943
6.5,5.593333333333334,98.55000000000001,0.0,33.592161893844604
6.6,5.721416666666666,98.3,0.0,40.187145471572876
6.7,5.39475,98.66666666666667,0.0,46.77084231376648
6.8,5.6785,98.45,0.0,53.345600843429565
6.9,5.713666666666667,98.35000000000001,0.0,59.876469135284424
7.0,5.379666666666667,98.73333333333333,0.0,66.48033857345581
7.1,5.46675,98.75,0.0,6.49867844581604
7.2,5.107916666666667,98.7,0.0,13.011002540588379
7.3,5.295583333333333,98.66666666666667,0.0,19.472736597061157
7.4,5.304583333333333,98.65,0.0,25.942795515060425
7.5,5.319416666666666,98.73333333333333,0.0,32.41628074645996
7.6,5.118333333333333,98.68333333333334,0.0,38.827197790145874
7.7,5.2895,98.55000000000001,0.0,45.32056164741516
7.8,5.221916666666667,98.7,0.0,51.72595405578613
7.9,5.4205,98.35000000000001,0.0,58.119121074676514
8.0,5.163666666666667,98.88333333333334,0.0,64.45550727844238
8.1,4.798916666666667,98.98333333333333,0.0,6.3794310092926025
8.2,5.0305,98.71666666666667,0.0,12.692908525466919
8.3,4.753916666666667,99.05000000000001,0.0,18.960575103759766
8.4,5.042833333333333,98.83333333333333,0.0,25.26268744468689
8.5,5.019166666666667,98.73333333333333,0.0,31.513282775878906
8.6,4.98325,99.01666666666667,0.0,37.780277490615845
8.7,4.9205,98.73333333333333,0.0,44.04440784454346
8.8,5.033166666666666,98.78333333333333,0.0,50.29093027114868
8.9,5.16425,98.63333333333333,0.0,56.520100831985474
9.0,5.07075,98.71666666666667,0.0,62.72613501548767
9.1,4.718,99.08333333333333,0.0,6.207790374755859
9.2,4.65725,99.11666666666666,0.0,12.395243406295776
9.3,4.856583333333333,98.9,0.0,18.564508199691772
9.4,4.68825,98.95,0.0,24.725306749343872
9.5,4.6810833333333335,99.03333333333333,0.0,30.93522024154663
9.6,4.934583333333333,98.7,0.0,37.04470920562744
9.7,4.703916666666666,99.0,0.0,43.16613841056824
9.8,4.607916666666667,98.88333333333334,0.0,49.27547597885132
9.9,4.808833333333333,99.06666666666666,0.0,55.34758639335632
10.0,4.762166666666666,98.88333333333334,0.0,61.39420437812805
