Epochs,Loss,Accuracy (%),Silent labels (%),Time (s)
0.1,61.8495,63.11666666666667,16.566666666666666,16.806007862091064
0.2,35.406333333333336,82.38333333333333,7.283333333333333,33.110599756240845
0.3,20.513833333333334,92.26666666666667,0.016666666666666666,48.634891510009766
0.4,17.669333333333334,93.10000000000001,0.0,62.2359402179718
0.5,16.51725,93.56666666666666,0.016666666666666666,74.93242478370667
0.6,15.083,93.71666666666667,0.0,87.05614566802979
0.7,13.4705,95.41666666666667,0.0,98.52633213996887
0.8,13.11875,95.15,0.0,109.4380304813385
0.9,12.672333333333333,95.19999999999999,0.016666666666666666,120.0482611656189
1.0,12.445083333333333,95.08333333333333,0.0,130.2197346687317
1.1,11.532833333333333,95.71666666666667,0.0,9.855355024337769
1.2,10.7255,96.28333333333333,0.0,19.5182204246521
1.3,10.996083333333333,96.05,0.0,28.877307891845703
1.4,10.366,96.6,0.0,38.09006214141846
1.5,10.320416666666667,96.3,0.0,47.178303480148315
1.6,10.078333333333333,96.45,0.0,56.0047173500061
1.7,9.618916666666667,96.83333333333334,0.0,64.68397545814514
1.8,9.795333333333334,96.53333333333333,0.0,73.25857615470886
1.9,9.480833333333333,96.96666666666667,0.0,81.60348749160767
2.0,9.27225,96.91666666666666,0.0,89.84868741035461
2.1,8.6705,97.18333333333334,0.0,8.138603210449219
2.2,8.692833333333333,97.23333333333333,0.0,16.204582929611206
2.3,8.549083333333334,97.31666666666666,0.0,24.294721126556396
2.4,8.3905,97.28333333333333,0.016666666666666666,32.29303216934204
2.5,8.66475,97.13333333333334,0.0,40.086920738220215
2.6,8.28325,97.21666666666667,0.0,47.78580355644226
2.7,8.104666666666667,97.36666666666667,0.0,55.41442823410034
2.8,8.338166666666666,97.08333333333333,0.0,63.02940583229065
2.9,7.983416666666667,97.6,0.016666666666666666,70.77149200439453
3.0,7.854333333333333,97.55,0.0,78.24361610412598
3.1,7.52725,97.75,0.0,7.370630264282227
3.2,7.576083333333333,97.46666666666667,0.0,14.760200500488281
3.3,7.42125,97.76666666666667,0.0,22.205271005630493
3.4,7.1865,97.83333333333334,0.0,29.435315132141113
3.5,7.3741666666666665,97.83333333333334,0.0,36.61799478530884
3.6,7.10225,98.01666666666667,0.0,43.75817131996155
3.7,7.208833333333334,97.76666666666667,0.0,50.899171352386475
3.8,6.929916666666666,97.91666666666666,0.0,57.992372035980225
3.9,7.008083333333333,97.78333333333333,0.0,65.12512302398682
4.0,7.216833333333334,97.61666666666666,0.0,72.062575340271
4.1,6.640083333333333,98.06666666666666,0.0,6.8656628131866455
4.2,6.530916666666666,98.21666666666667,0.0,13.692048788070679
4.3,6.724,98.01666666666667,0.0,20.51564598083496
4.4,6.807833333333333,97.98333333333333,0.0,27.301819801330566
4.5,6.633666666666667,97.86666666666667,0.0,34.07444906234741
4.6,6.518,97.89999999999999,0.0,40.78270697593689
4.7,6.416666666666667,98.13333333333333,0.0,47.50029969215393
4.8,6.238,98.3,0.0,54.209062576293945
4.9,6.296833333333334,98.26666666666667,0.0,60.885430574417114
5.0,6.389333333333333,98.16666666666667,0.0,67.49286317825317
5.1,5.96275,98.3,0.0,6.593584775924683
5.2,6.0365,98.21666666666667,0.0,13.16309905052185
5.3,6.12275,98.16666666666667,0.0,19.694890022277832
5.4,5.8055,98.55000000000001,0.0,26.20025110244751
5.5,6.00825,98.38333333333334,0.0,32.69191575050354
5.6,6.119166666666667,98.36666666666667,0.0,39.22150135040283
5.7,6.100833333333333,98.28333333333333,0.0,45.75599789619446
5.8,5.90225,98.35000000000001,0.0,52.175161600112915
5.9,5.776416666666667,98.3,0.0,58.5607488155365
6.0,5.83825,98.35000000000001,0.0,64.9468948841095
6.1,5.5425,98.48333333333333,0.0,6.283422231674194
6.2,5.816416666666667,98.3,0.0,12.529213190078735
6.3,5.534583333333333,98.56666666666666,0.0,18.87309503555298
6.4,5.507666666666666,98.68333333333334,0.0,25.081928253173828
6.5,5.528833333333333,98.61666666666666,0.0,31.35178256034851
6.6,5.668,98.36666666666667,0.0,37.54577922821045
6.7,5.371833333333333,98.63333333333333,0.0,43.61467146873474
6.8,5.6035,98.41666666666666,0.0,49.683165311813354
6.9,5.631583333333333,98.41666666666666,0.0,55.692185163497925
7.0,5.29425,98.71666666666667,0.0,61.71882748603821
7.1,5.4013333333333335,98.73333333333333,0.0,5.927522659301758
7.2,4.9984166666666665,98.76666666666667,0.0,11.935121536254883
7.3,5.2203333333333335,98.61666666666666,0.0,17.922820329666138
7.4,5.2084166666666665,98.7,0.0,23.879918336868286
7.5,5.21525,98.63333333333333,0.0,29.98598074913025
7.6,4.998916666666666,98.63333333333333,0.0,35.966920614242554
7.7,5.16775,98.61666666666666,0.0,41.83228063583374
7.8,5.063083333333333,98.71666666666667,0.0,47.72284531593323
7.9,5.28075,98.6,0.0,53.53537058830261
8.0,5.062333333333333,98.83333333333333,0.0,59.37768363952637
8.1,4.71925,98.96666666666667,0.0,5.757458925247192
8.2,4.874916666666667,98.71666666666667,0.0,11.553040266036987
8.3,4.721166666666667,98.95,0.0,17.239354610443115
8.4,4.979,98.7,0.016666666666666666,22.99003005027771
8.5,4.958833333333334,98.75,0.0,28.605639457702637
8.6,4.940666666666667,98.91666666666666,0.0,34.21499419212341
8.7,4.978416666666667,98.75,0.016666666666666666,39.85836887359619
8.8,5.07575,98.75,0.0,45.51050639152527
8.9,5.309333333333333,98.66666666666667,0.0,51.160319089889526
9.0,5.261166666666667,98.7,0.0,56.87183690071106
9.1,4.857333333333333,99.15,0.0,5.77048397064209
9.2,4.905666666666667,98.96666666666667,0.0,11.63625168800354
9.3,5.166916666666666,98.81666666666666,0.03333333333333333,17.55072593688965
9.4,5.008583333333333,98.91666666666666,0.0,23.462969064712524
9.5,5.123083333333334,99.06666666666666,0.0,29.451586484909058
9.6,5.6425,98.58333333333333,0.06666666666666667,35.3624484539032
9.7,5.4485,98.98333333333333,0.05,41.31283378601074
9.8,5.632666666666666,98.88333333333334,0.016666666666666666,47.317078828811646
9.9,6.019583333333333,99.01666666666667,0.05,53.23686718940735
10.0,6.37775,98.91666666666666,0.05,59.24216103553772
