Epochs,Loss,Accuracy (%),Silent labels (%),Time (s)
0.1,62.977,62.2,17.416666666666668,16.261515855789185
0.2,37.886833333333335,81.11666666666667,9.733333333333333,33.069865703582764
0.3,32.3375,83.88333333333333,9.033333333333333,48.736243724823
0.4,18.627833333333335,92.75,0.03333333333333333,63.15268063545227
0.5,16.89025,93.38333333333333,0.016666666666666666,76.67038440704346
0.6,15.2735,93.76666666666667,0.0,89.48912763595581
0.7,13.616083333333334,95.46666666666667,0.0,101.46773195266724
0.8,13.227833333333333,94.98333333333333,0.0,112.938143491745
0.9,12.804333333333334,95.08333333333333,0.0,124.00983786582947
1.0,12.52375,94.89999999999999,0.0,134.63042378425598
1.1,11.653166666666667,95.75,0.0,10.265893459320068
1.2,10.835166666666666,96.33333333333334,0.0,20.431047916412354
1.3,11.0595,96.0,0.0,30.31798505783081
1.4,10.373083333333334,96.48333333333333,0.0,40.014363050460815
1.5,10.403166666666667,96.36666666666667,0.0,49.48319673538208
1.6,10.131416666666667,96.51666666666667,0.0,58.853692054748535
1.7,9.680916666666667,96.85000000000001,0.0,68.01298999786377
1.8,9.948666666666666,96.51666666666667,0.0,77.04115700721741
1.9,9.55425,96.88333333333333,0.0,85.84299612045288
2.0,9.270166666666666,96.81666666666666,0.0,94.53670358657837
2.1,8.70925,97.1,0.0,8.48484754562378
2.2,8.692166666666667,97.3,0.0,16.952040195465088
2.3,8.577,97.18333333333334,0.0,25.362988710403442
2.4,8.407666666666668,97.28333333333333,0.0,33.6630642414093
2.5,8.708666666666666,97.11666666666666,0.0,41.86409258842468
2.6,8.36625,97.3,0.0,49.95044660568237
2.7,8.183,97.28333333333333,0.0,58.026413679122925
2.8,8.345583333333334,97.05,0.0,65.97982716560364
2.9,8.048166666666667,97.5,0.0,73.91044807434082
3.0,7.934,97.45,0.0,81.82119631767273
3.1,7.562,97.78333333333333,0.0,7.789662837982178
3.2,7.712,97.45,0.0,15.517814636230469
3.3,7.481,97.8,0.0,23.198682069778442
3.4,7.288083333333334,97.75,0.0,30.908714771270752
3.5,7.45025,97.78333333333333,0.0,38.45947289466858
3.6,7.138333333333334,97.91666666666666,0.0,45.96902251243591
3.7,7.277666666666667,97.78333333333333,0.0,53.49960517883301
3.8,7.068,98.0,0.0,61.028813123703
3.9,7.095166666666667,97.78333333333333,0.0,68.38538026809692
4.0,7.292,97.58333333333333,0.0,75.68589234352112
4.1,6.723083333333333,98.16666666666667,0.0,7.324690341949463
4.2,6.58875,98.25,0.0,14.555481195449829
4.3,6.81125,98.06666666666666,0.0,21.818811893463135
4.4,6.942333333333333,97.98333333333333,0.0,29.03279399871826
4.5,6.752,97.88333333333334,0.0,36.24722385406494
4.6,6.555083333333333,98.06666666666666,0.0,43.38353896141052
4.7,6.561166666666667,98.11666666666666,0.0,50.46963143348694
4.8,6.316666666666666,98.25,0.0,57.416189670562744
4.9,6.380083333333333,98.18333333333334,0.0,64.4207112789154
5.0,6.486666666666666,97.93333333333332,0.0,71.36962676048279
5.1,6.100083333333333,98.26666666666667,0.0,6.920444488525391
5.2,6.2025,98.23333333333333,0.0,13.923453092575073
5.3,6.228083333333333,98.21666666666667,0.0,20.814528226852417
5.4,5.903,98.58333333333333,0.0,27.66486120223999
5.5,6.096,98.35000000000001,0.0,34.479780197143555
5.6,6.199583333333333,98.48333333333333,0.0,41.38769793510437
5.7,6.21425,98.26666666666667,0.0,48.232781648635864
5.8,6.031916666666667,98.45,0.0,55.008976459503174
5.9,5.870916666666667,98.41666666666666,0.0,61.76823425292969
6.0,5.982916666666667,98.25,0.0,68.46653008460999
6.1,5.6305,98.63333333333333,0.0,6.649248838424683
6.2,5.94375,98.4,0.0,13.574726819992065
6.3,5.624666666666666,98.61666666666666,0.0,20.31363558769226
6.4,5.617,98.63333333333333,0.0,27.129823446273804
6.5,5.63475,98.6,0.0,33.76823878288269
6.6,5.788,98.3,0.016666666666666666,40.51098847389221
6.7,5.510666666666666,98.75,0.0,47.291062116622925
6.8,5.732,98.45,0.0,53.87375235557556
6.9,5.6963333333333335,98.55000000000001,0.0,60.5089168548584
7.0,5.419,98.7,0.0,67.12700533866882
7.1,5.473833333333333,98.66666666666667,0.0,6.491332292556763
7.2,5.14925,98.75,0.0,13.079927444458008
7.3,5.404333333333334,98.65,0.0,19.662132740020752
7.4,5.320333333333333,98.65,0.0,26.2814359664917
7.5,5.41625,98.6,0.0,32.88863277435303
7.6,5.158833333333333,98.7,0.0,39.37978196144104
7.7,5.302333333333333,98.6,0.0,45.80692100524902
7.8,5.29175,98.8,0.0,52.310452699661255
7.9,5.525666666666667,98.46666666666667,0.0,58.7474946975708
8.0,5.1866666666666665,98.9,0.0,65.17931985855103
8.1,4.92125,98.9,0.0,6.360327243804932
8.2,5.07125,98.61666666666666,0.0,12.66148567199707
8.3,4.797083333333333,99.05000000000001,0.0,18.860297679901123
8.4,5.057916666666666,98.68333333333334,0.0,25.08929443359375
8.5,5.0609166666666665,98.76666666666667,0.0,31.317543268203735
8.6,5.004583333333334,99.0,0.0,37.502315521240234
8.7,5.03125,98.8,0.0,43.71008276939392
8.8,5.067333333333333,98.83333333333333,0.0,49.874507904052734
8.9,5.194083333333333,98.61666666666666,0.0,56.04245400428772
9.0,5.152333333333333,98.66666666666667,0.0,62.121110677719116
9.1,4.79925,99.05000000000001,0.0,6.065593957901001
9.2,4.702833333333333,99.06666666666666,0.0,12.149365425109863
9.3,4.8406666666666665,98.83333333333333,0.0,18.274288177490234
9.4,4.81375,99.0,0.0,24.276238679885864
9.5,4.7085,99.05000000000001,0.0,30.276795864105225
9.6,5.046583333333333,98.53333333333333,0.0,36.230727672576904
9.7,4.770583333333334,98.96666666666667,0.0,42.29221820831299
9.8,4.671833333333334,98.83333333333333,0.0,48.303478956222534
9.9,4.799916666666666,99.01666666666667,0.0,54.19273900985718
10.0,4.74975,98.9,0.0,60.051593542099
