Epochs,Loss,Accuracy (%),Silent labels (%),Time (s)
0.1,62.8075,62.66666666666667,17.45,16.461408853530884
0.2,37.80408333333333,81.10000000000001,9.766666666666666,33.635634422302246
0.3,33.02158333333333,83.71666666666667,9.833333333333332,49.52267265319824
0.4,30.91075,84.43333333333334,9.933333333333334,64.2603964805603
0.5,29.845666666666666,84.7,9.916666666666666,78.36597657203674
0.6,28.360416666666666,85.31666666666666,9.566666666666666,91.75541520118713
0.7,18.14175,92.48333333333333,2.1,104.412682056427
0.8,13.84,94.96666666666667,0.0,116.47302436828613
0.9,13.039166666666667,95.03333333333333,0.0,127.93994355201721
1.0,12.747416666666666,94.85,0.0,139.02147507667542
1.1,11.817416666666666,95.58333333333333,0.0,10.593837022781372
1.2,10.92675,96.15,0.0,21.043689250946045
1.3,11.147166666666667,95.95,0.0,31.1094913482666
1.4,10.449333333333334,96.45,0.0,40.89121699333191
1.5,10.452666666666667,96.51666666666667,0.0,50.48503756523132
1.6,10.201166666666667,96.41666666666666,0.0,59.93095636367798
1.7,9.739833333333333,96.83333333333334,0.0,69.1982011795044
1.8,9.915416666666667,96.56666666666666,0.0,78.41679096221924
1.9,9.576833333333333,96.93333333333334,0.016666666666666666,87.45141005516052
2.0,9.398333333333333,96.71666666666667,0.0,96.2942636013031
2.1,8.725333333333333,97.18333333333334,0.0,8.685895204544067
2.2,8.7245,97.26666666666667,0.0,17.271109580993652
2.3,8.61825,97.16666666666667,0.0,25.74148464202881
2.4,8.471583333333333,97.15,0.0,34.10979509353638
2.5,8.74375,97.2,0.0,42.43419671058655
2.6,8.34425,97.28333333333333,0.0,50.652332067489624
2.7,8.182,97.31666666666666,0.0,58.855449199676514
2.8,8.362833333333333,97.13333333333334,0.0,66.89097595214844
2.9,8.020916666666666,97.51666666666667,0.0,74.86469006538391
3.0,8.006833333333333,97.39999999999999,0.0,82.76584959030151
3.1,7.529,97.91666666666666,0.0,7.8566412925720215
3.2,7.663083333333334,97.48333333333333,0.0,15.636037826538086
3.3,7.487166666666667,97.76666666666667,0.0,23.399595975875854
3.4,7.307083333333333,97.78333333333333,0.0,31.12388801574707
3.5,7.4535833333333334,97.93333333333332,0.0,38.70530605316162
3.6,7.189583333333333,97.93333333333332,0.0,46.25567150115967
3.7,7.253916666666667,97.73333333333333,0.0,53.76356101036072
3.8,7.0553333333333335,98.03333333333333,0.0,61.15637826919556
3.9,7.164166666666667,97.83333333333334,0.0,68.55693078041077
4.0,7.33975,97.73333333333333,0.0,75.83267569541931
4.1,6.722416666666667,98.03333333333333,0.0,7.24617075920105
4.2,6.6065,98.3,0.0,14.474469661712646
4.3,6.796333333333333,97.96666666666667,0.0,21.66984534263611
4.4,6.924833333333333,97.91666666666666,0.0,28.94929337501526
4.5,6.73225,98.01666666666667,0.0,36.180259466171265
4.6,6.65375,97.83333333333334,0.0,43.28903245925903
4.7,6.577416666666666,98.01666666666667,0.0,50.33279514312744
4.8,6.344083333333334,98.38333333333334,0.0,57.32955813407898
4.9,6.390583333333334,98.26666666666667,0.0,64.27600026130676
5.0,6.50625,98.0,0.0,71.23735022544861
5.1,6.040666666666667,98.33333333333333,0.0,6.885015964508057
5.2,6.176083333333334,98.23333333333333,0.0,13.775983333587646
5.3,6.226083333333333,98.25,0.0,20.631316661834717
5.4,5.940666666666667,98.41666666666666,0.0,27.49107265472412
5.5,6.076083333333333,98.25,0.0,34.398518800735474
5.6,6.192833333333334,98.43333333333332,0.0,41.22324538230896
5.7,6.263416666666667,98.18333333333334,0.0,48.01135063171387
5.8,6.001916666666666,98.35000000000001,0.0,54.746827602386475
5.9,5.860166666666666,98.3,0.0,61.520445585250854
6.0,5.922916666666667,98.33333333333333,0.0,68.2558479309082
6.1,5.628666666666667,98.55000000000001,0.0,6.6683666706085205
6.2,5.914833333333333,98.36666666666667,0.0,13.408803224563599
6.3,5.6009166666666665,98.55000000000001,0.0,20.093926191329956
6.4,5.584583333333334,98.68333333333334,0.0,26.744551420211792
6.5,5.588333333333333,98.6,0.0,33.35523080825806
6.6,5.788083333333334,98.18333333333334,0.0,39.97757530212402
6.7,5.410416666666666,98.66666666666667,0.0,46.50367474555969
6.8,5.704166666666667,98.48333333333333,0.0,53.0232789516449
6.9,5.682916666666666,98.48333333333333,0.016666666666666666,59.50155591964722
7.0,5.367416666666666,98.78333333333333,0.0,65.9735038280487
7.1,5.445,98.68333333333334,0.0,6.469051122665405
7.2,5.096166666666667,98.85000000000001,0.0,13.024482250213623
7.3,5.324833333333333,98.75,0.0,19.439609050750732
7.4,5.30425,98.7,0.0,25.883898973464966
7.5,5.358333333333333,98.68333333333334,0.0,32.295013666152954
7.6,5.176666666666667,98.73333333333333,0.0,38.68506717681885
7.7,5.297583333333334,98.68333333333334,0.0,45.10717010498047
7.8,5.238416666666667,98.8,0.0,51.509326457977295
7.9,5.44725,98.48333333333333,0.0,57.841686725616455
8.0,5.158666666666667,98.85000000000001,0.0,64.22796249389648
8.1,4.884666666666667,99.0,0.0,6.332735538482666
8.2,5.056916666666667,98.66666666666667,0.0,12.676581859588623
8.3,4.751666666666667,99.06666666666666,0.0,18.993552684783936
8.4,5.010666666666666,98.75,0.0,25.279379844665527
8.5,5.0616666666666665,98.8,0.0,31.510804414749146
8.6,4.945583333333333,98.98333333333333,0.0,37.71046543121338
8.7,4.954916666666667,98.76666666666667,0.0,43.89193058013916
8.8,5.039333333333333,98.9,0.0,50.023170471191406
8.9,5.189583333333333,98.7,0.0,56.062005281448364
9.0,5.108,98.76666666666667,0.0,62.132702350616455
9.1,4.7244166666666665,99.16666666666667,0.0,6.054183006286621
9.2,4.683166666666667,98.96666666666667,0.0,12.157726526260376
9.3,4.8300833333333335,98.91666666666666,0.0,18.274338722229004
9.4,4.7210833333333335,98.88333333333334,0.0,24.33100152015686
9.5,4.688416666666667,99.03333333333333,0.0,30.4307062625885
9.6,4.958583333333333,98.58333333333333,0.0,36.35118532180786
9.7,4.7115833333333335,99.03333333333333,0.0,42.223785161972046
9.8,4.671583333333333,98.95,0.0,48.17725610733032
9.9,4.7525,99.0,0.0,54.14571404457092
10.0,4.747083333333333,98.98333333333333,0.0,60.08812618255615
