Epochs,Loss,Accuracy (%),Silent labels (%),Time (s)
0.1,63.11841666666667,61.88333333333333,17.216666666666665,16.175266981124878
0.2,38.75366666666667,80.83333333333333,9.75,33.27043104171753
0.3,35.497,83.35000000000001,9.833333333333332,49.54171323776245
0.4,26.3955,88.73333333333333,1.5,64.90923571586609
0.5,24.348833333333335,89.91666666666667,0.016666666666666666,79.38094758987427
0.6,24.870666666666665,89.26666666666667,0.0,93.30627465248108
0.7,24.99775,90.01666666666667,0.0,106.69819378852844
0.8,27.105333333333334,87.75,0.016666666666666666,119.84748911857605
0.9,28.858416666666667,87.0,0.0,132.68669056892395
1.0,30.0795,84.93333333333334,0.0,145.0702211856842
1.1,31.081333333333333,84.2,0.0,11.893688917160034
1.2,31.950583333333334,83.39999999999999,0.0,23.58170247077942
1.3,32.6315,81.75,0.016666666666666666,34.99221849441528
1.4,33.94808333333334,80.11666666666667,0.016666666666666666,46.04237198829651
1.5,34.9245,79.55,0.0,56.86701416969299
1.6,34.75525,78.98333333333333,0.016666666666666666,67.65374565124512
1.7,35.571583333333336,77.26666666666667,0.0,78.32067847251892
1.8,36.604,75.61666666666666,0.0,88.93922328948975
1.9,37.061,75.38333333333334,0.016666666666666666,99.41257309913635
2.0,37.315333333333335,75.01666666666667,0.0,109.58722591400146
2.1,37.64566666666666,75.08333333333333,0.0,10.04390835762024
2.2,38.711333333333336,73.0,0.0,20.13981795310974
2.3,39.4045,72.33333333333334,0.0,30.148824453353882
2.4,40.29708333333333,70.16666666666667,0.0,40.17092776298523
2.5,40.475,70.31666666666668,0.0,49.99842357635498
2.6,40.92216666666667,69.88333333333333,0.016666666666666666,59.91390538215637
2.7,40.411833333333334,69.61666666666667,0.0,69.71191763877869
2.8,41.55075,68.08333333333333,0.0,79.59730505943298
2.9,41.57075,68.03333333333333,0.0,89.14893460273743
3.0,42.27275,66.93333333333334,0.016666666666666666,98.66998076438904
3.1,42.827416666666664,66.71666666666667,0.0,9.43394684791565
3.2,43.495,65.75,0.0,18.867757558822632
3.3,42.761916666666664,66.25,0.0,28.26649308204651
3.4,43.31,64.71666666666667,0.0,37.55598521232605
3.5,43.465,65.33333333333333,0.0,46.79911947250366
3.6,43.46233333333333,64.1,0.0,55.96358561515808
3.7,44.79291666666666,62.18333333333334,0.0,65.19663000106812
3.8,44.507416666666664,63.083333333333336,0.0,74.34843277931213
3.9,45.86558333333333,60.483333333333334,0.0,83.41147446632385
4.0,45.995916666666666,59.9,0.0,92.39882206916809
4.1,45.4565,60.86666666666667,0.0,8.991183996200562
4.2,45.01116666666667,61.53333333333333,0.0,18.08020305633545
4.3,45.92766666666667,59.516666666666666,0.0,27.145551919937134
4.4,46.21391666666667,59.983333333333334,0.0,36.133360624313354
4.5,46.0525,59.45,0.0,44.97406792640686
4.6,46.24458333333333,59.06666666666667,0.0,53.839518308639526
4.7,46.3155,58.733333333333334,0.0,62.608919858932495
4.8,46.95583333333333,57.75,0.0,71.51748895645142
4.9,47.20016666666667,58.08333333333333,0.0,80.27248072624207
5.0,47.01566666666667,57.53333333333334,0.0,89.00615119934082
5.1,46.91458333333333,58.050000000000004,0.0,8.69053030014038
5.2,47.47475,57.13333333333333,0.0,17.35615086555481
5.3,47.62916666666667,56.45,0.0,26.011854648590088
5.4,47.926,56.98333333333333,0.0,34.71067452430725
5.5,47.47383333333333,56.93333333333334,0.0,43.24705123901367
5.6,47.660333333333334,56.10000000000001,0.0,51.79092192649841
5.7,48.25391666666667,56.00000000000001,0.0,60.25505518913269
5.8,47.992916666666666,55.61666666666667,0.0,68.69857668876648
5.9,48.52441666666667,54.666666666666664,0.0,77.06395673751831
6.0,48.37,55.08333333333333,0.0,85.39496779441833
6.1,48.449,55.233333333333334,0.0,8.25960922241211
6.2,49.15683333333333,53.78333333333334,0.0,16.559266805648804
6.3,48.60225,53.666666666666664,0.0,24.856115102767944
6.4,48.563916666666664,53.63333333333333,0.0,33.18744897842407
6.5,49.071,53.75,0.0,41.373440742492676
6.6,49.92733333333333,52.1,0.0,49.58378195762634
6.7,49.18233333333333,53.68333333333334,0.0,57.799670457839966
6.8,48.95325,53.15,0.0,66.0377106666565
6.9,49.854083333333335,52.61666666666667,0.0,74.22960948944092
7.0,49.93725,52.61666666666667,0.0,82.40596580505371
7.1,49.954166666666666,51.81666666666666,0.0,8.105564594268799
7.2,50.01675,51.583333333333336,0.0,16.17735481262207
7.3,49.43425,52.800000000000004,0.0,24.24068593978882
7.4,49.2585,52.31666666666667,0.016666666666666666,32.26290273666382
7.5,48.89825,53.11666666666667,0.0,40.31434655189514
7.6,50.007333333333335,51.65,0.0,48.33620738983154
7.7,50.872166666666665,50.23333333333333,0.0,56.3451247215271
7.8,50.625166666666665,50.6,0.0,64.35164880752563
7.9,50.68241666666667,50.8,0.0,72.32784485816956
8.0,50.686,50.416666666666664,0.0,80.28535890579224
8.1,49.61525,51.46666666666667,0.0,7.870662450790405
8.2,49.92125,51.63333333333333,0.0,15.755056619644165
8.3,50.22875,51.0,0.0,23.5927574634552
8.4,49.2715,52.416666666666664,0.0,31.410194158554077
8.5,48.7885,52.6,0.0,39.167545795440674
8.6,49.00983333333333,53.21666666666667,0.0,46.92641019821167
8.7,48.50958333333333,53.68333333333334,0.0,54.659839391708374
8.8,49.199666666666666,52.983333333333334,0.0,62.369643688201904
8.9,47.93691666666667,54.300000000000004,0.0,70.1098530292511
9.0,48.056416666666664,53.93333333333333,0.0,77.75834536552429
9.1,47.687333333333335,54.333333333333336,0.0,7.680090427398682
9.2,47.41708333333333,55.1,0.0,15.405060291290283
9.3,47.75633333333333,54.98333333333333,0.0,23.128549575805664
9.4,47.821416666666664,54.43333333333334,0.0,30.800484895706177
9.5,45.92783333333333,56.95,0.0,38.4729745388031
9.6,47.29183333333334,54.58333333333333,0.0,46.15577149391174
9.7,47.071666666666665,55.08333333333333,0.0,53.82234215736389
9.8,47.411,54.58333333333333,0.0,61.448516607284546
9.9,47.30733333333333,55.11666666666667,0.0,69.07780241966248
10.0,45.84575,56.55,0.016666666666666666,76.63547468185425
