Epochs,Loss,Accuracy (%),Silent labels (%),Time (s)
0.1,63.21125,62.03333333333333,17.983333333333334,16.171313047409058
0.2,37.67483333333333,81.16666666666667,9.75,32.77313280105591
0.3,32.9045,83.73333333333333,9.833333333333332,48.11134314537048
0.4,30.82975,84.53333333333333,9.916666666666666,62.056599140167236
0.5,29.769166666666667,84.76666666666667,9.916666666666666,75.13116025924683
0.6,22.214416666666665,89.25,4.0,87.51726412773132
0.7,14.2215,95.11666666666667,0.0,98.98690962791443
0.8,13.512,95.0,0.0,110.02090311050415
0.9,12.861666666666666,95.18333333333334,0.0,120.77054142951965
1.0,12.61475,95.05,0.0,131.1199963092804
1.1,11.646166666666666,95.61666666666667,0.0,9.85462999343872
1.2,10.827916666666667,96.18333333333334,0.0,19.45285654067993
1.3,11.048333333333334,96.03333333333333,0.0,28.908962965011597
1.4,10.385,96.56666666666666,0.0,38.170233488082886
1.5,10.430083333333334,96.23333333333333,0.0,47.23228597640991
1.6,10.1565,96.41666666666666,0.0,56.14590048789978
1.7,9.676083333333333,96.68333333333334,0.0,64.90364193916321
1.8,9.869583333333333,96.63333333333334,0.0,73.55138826370239
1.9,9.469166666666666,96.86666666666667,0.0,82.03121948242188
2.0,9.282333333333334,96.71666666666667,0.0,90.41109323501587
2.1,8.661583333333333,97.05,0.0,8.205832719802856
2.2,8.673166666666667,97.25,0.0,16.388478755950928
2.3,8.535833333333333,97.16666666666667,0.0,24.484368562698364
2.4,8.383333333333333,97.3,0.0,32.45360064506531
2.5,8.68,97.03333333333333,0.0,40.375789403915405
2.6,8.359916666666667,97.2,0.0,48.228275299072266
2.7,8.1275,97.48333333333333,0.0,56.072959423065186
2.8,8.2945,97.08333333333333,0.0,63.77662491798401
2.9,7.9630833333333335,97.51666666666667,0.016666666666666666,71.43930268287659
3.0,7.89475,97.51666666666667,0.0,79.05975389480591
3.1,7.513333333333334,97.86666666666667,0.0,7.458033800125122
3.2,7.608416666666667,97.51666666666667,0.0,14.923113822937012
3.3,7.433333333333334,97.83333333333334,0.0,22.307411432266235
3.4,7.265333333333333,97.7,0.0,29.657729148864746
3.5,7.425916666666667,97.68333333333334,0.0,36.9756498336792
3.6,7.150166666666666,97.83333333333334,0.0,44.2674126625061
3.7,7.212083333333333,97.8,0.0,51.46920871734619
3.8,6.9785,97.96666666666667,0.0,58.61887264251709
3.9,7.099083333333334,97.75,0.0,65.70568227767944
4.0,7.245333333333333,97.63333333333334,0.0,72.7757637500763
4.1,6.642416666666667,98.15,0.0,7.030612945556641
4.2,6.551083333333334,98.26666666666667,0.0,14.012317657470703
4.3,6.789333333333333,97.96666666666667,0.0,20.93511724472046
4.4,6.8213333333333335,98.0,0.016666666666666666,27.870450019836426
4.5,6.727,97.78333333333333,0.0,34.79657435417175
4.6,6.51,98.0,0.0,41.66944360733032
4.7,6.4671666666666665,98.1,0.0,48.47486639022827
4.8,6.266,98.41666666666666,0.0,55.260578870773315
4.9,6.345916666666667,98.25,0.0,62.00200176239014
5.0,6.3895,98.08333333333333,0.0,68.73893690109253
5.1,6.00575,98.33333333333333,0.0,6.786607265472412
5.2,6.094833333333334,98.26666666666667,0.0,13.507548332214355
5.3,6.222916666666666,98.11666666666666,0.0,20.195395708084106
5.4,5.851166666666667,98.51666666666667,0.0,26.830745697021484
5.5,6.046833333333334,98.45,0.0,33.44617247581482
5.6,6.09625,98.5,0.0,40.07998728752136
5.7,6.1113333333333335,98.3,0.0,46.67388916015625
5.8,5.947333333333333,98.26666666666667,0.0,53.18240761756897
5.9,5.785833333333334,98.31666666666666,0.0,59.70666837692261
6.0,5.898333333333333,98.3,0.0,66.20572757720947
6.1,5.539,98.7,0.0,6.473576784133911
6.2,5.875,98.3,0.0,12.976947546005249
6.3,5.60725,98.5,0.0,19.48365592956543
6.4,5.543,98.6,0.0,25.9672589302063
6.5,5.50925,98.71666666666667,0.0,32.41822862625122
6.6,5.666083333333333,98.28333333333333,0.0,38.84990072250366
6.7,5.360333333333333,98.9,0.0,45.25170683860779
6.8,5.638583333333333,98.46666666666667,0.0,51.61044669151306
6.9,5.66225,98.45,0.0,57.97286415100098
7.0,5.29225,98.76666666666667,0.0,64.31700730323792
7.1,5.460833333333333,98.75,0.0,6.40112042427063
7.2,5.052583333333334,98.71666666666667,0.0,12.723010778427124
7.3,5.273666666666666,98.68333333333334,0.0,18.986310243606567
7.4,5.2485,98.66666666666667,0.0,25.240211009979248
7.5,5.295333333333334,98.68333333333334,0.0,31.483704805374146
7.6,5.084833333333333,98.65,0.0,37.7232232093811
7.7,5.261583333333333,98.75,0.0,43.91332244873047
7.8,5.185583333333334,98.76666666666667,0.016666666666666666,50.07390761375427
7.9,5.352833333333334,98.55000000000001,0.0,56.26274275779724
8.0,5.1226666666666665,98.76666666666667,0.0,62.42871642112732
8.1,4.788333333333333,98.93333333333332,0.0,6.209371566772461
8.2,5.001333333333333,98.71666666666667,0.0,12.421140909194946
8.3,4.7005,99.06666666666666,0.0,18.575479984283447
8.4,4.93525,98.71666666666667,0.0,24.677703857421875
8.5,5.006583333333333,98.83333333333333,0.0,30.760472774505615
8.6,4.904583333333333,98.95,0.0,36.91210651397705
8.7,4.891666666666667,98.76666666666667,0.0,43.00613880157471
8.8,5.007333333333333,98.78333333333333,0.0,49.176053047180176
8.9,5.12725,98.63333333333333,0.0,55.29862880706787
9.0,5.035333333333333,98.7,0.0,61.28153133392334
9.1,4.68525,99.11666666666666,0.0,6.007805109024048
9.2,4.648333333333333,98.91666666666666,0.0,12.0677969455719
9.3,4.799416666666667,98.76666666666667,0.016666666666666666,18.051753997802734
9.4,4.730083333333333,98.75,0.0,24.058656692504883
9.5,4.57225,99.06666666666666,0.0,30.00930619239807
9.6,4.883166666666667,98.68333333333334,0.0,35.90475368499756
9.7,4.632416666666667,99.1,0.0,41.81369137763977
9.8,4.605333333333333,98.91666666666666,0.016666666666666666,47.753477334976196
9.9,4.72275,98.98333333333333,0.0,53.719236850738525
10.0,4.61575,98.9,0.0,59.65824913978577
