Epochs,Loss,Accuracy (%),Silent labels (%),Time (s)
0.1,61.836416666666665,63.1,16.6,16.058269739151
0.2,34.43816666666667,83.15,6.566666666666666,32.465532064437866
0.3,20.260916666666667,92.25,0.016666666666666666,47.50238490104675
0.4,17.5425,93.15,0.016666666666666666,61.259838342666626
0.5,16.398333333333333,93.66666666666667,0.0,74.13248038291931
0.6,15.049083333333334,93.58333333333333,0.0,86.36307501792908
0.7,13.399416666666667,95.5,0.016666666666666666,97.99975514411926
0.8,13.120666666666667,95.1,0.0,109.06405377388
0.9,12.61425,95.31666666666668,0.0,119.68311810493469
1.0,12.36875,95.1,0.016666666666666666,129.94608187675476
1.1,11.506916666666667,95.66666666666667,0.0,10.032212257385254
1.2,10.739083333333333,96.23333333333333,0.0,19.78804111480713
1.3,10.963916666666666,96.08333333333333,0.0,29.32831597328186
1.4,10.294083333333333,96.65,0.0,38.566569566726685
1.5,10.369583333333333,96.28333333333333,0.016666666666666666,47.55182671546936
1.6,10.03575,96.43333333333334,0.0,56.41400718688965
1.7,9.6565,96.66666666666667,0.0,65.08173823356628
1.8,9.881166666666667,96.5,0.0,73.68315577507019
1.9,9.529583333333333,97.16666666666667,0.0,82.04293775558472
2.0,9.22675,96.85000000000001,0.016666666666666666,90.31957387924194
2.1,8.66975,97.18333333333334,0.0,8.168732166290283
2.2,8.735916666666666,97.26666666666667,0.0,16.321720123291016
2.3,8.5555,97.31666666666666,0.0,24.350236654281616
2.4,8.4145,97.3,0.0,32.363537073135376
2.5,8.633083333333333,97.21666666666667,0.0,40.282421350479126
2.6,8.318333333333333,97.31666666666666,0.0,48.101229429244995
2.7,8.115916666666667,97.35000000000001,0.0,55.817501068115234
2.8,8.279,97.13333333333334,0.0,63.488255977630615
2.9,8.03025,97.51666666666667,0.0,71.12717485427856
3.0,7.94975,97.5,0.0,78.64970541000366
3.1,7.478083333333333,97.88333333333334,0.0,7.400508165359497
3.2,7.679583333333333,97.43333333333334,0.0,14.782615661621094
3.3,7.4383333333333335,97.85000000000001,0.0,22.201014518737793
3.4,7.231083333333333,97.66666666666667,0.0,29.591811656951904
3.5,7.4415,97.86666666666667,0.016666666666666666,36.90945553779602
3.6,7.099166666666667,97.96666666666667,0.0,44.11589169502258
3.7,7.239416666666667,97.73333333333333,0.0,51.25299882888794
3.8,7.01725,98.03333333333333,0.0,58.34249424934387
3.9,7.0986666666666665,97.68333333333334,0.0,65.41082668304443
4.0,7.26725,97.73333333333333,0.0,72.41759467124939
4.1,6.68,97.96666666666667,0.0,7.017100811004639
4.2,6.602,98.23333333333333,0.0,13.962769508361816
4.3,6.781833333333333,97.95,0.016666666666666666,20.839202642440796
4.4,6.827583333333333,98.0,0.0,27.79809260368347
4.5,6.707083333333333,97.98333333333333,0.0,34.66966247558594
4.6,6.5525,97.96666666666667,0.0,41.467451333999634
4.7,6.51125,98.0,0.0,48.281208753585815
4.8,6.2465,98.25,0.0,55.088741302490234
4.9,6.37175,98.18333333333334,0.0,61.82429552078247
5.0,6.35125,98.18333333333334,0.0,68.53140759468079
5.1,6.034416666666667,98.38333333333334,0.0,6.6961023807525635
5.2,6.090833333333333,98.25,0.0,13.420403480529785
5.3,6.182333333333333,98.2,0.0,20.074289798736572
5.4,5.79025,98.53333333333333,0.0,26.65375256538391
5.5,6.009,98.26666666666667,0.0,33.22767376899719
5.6,6.074416666666667,98.26666666666667,0.0,39.772521018981934
5.7,6.102166666666666,98.3,0.0,46.27270865440369
5.8,5.875166666666667,98.26666666666667,0.0,52.73888111114502
5.9,5.806416666666666,98.38333333333334,0.0,59.128812313079834
6.0,5.830416666666666,98.35000000000001,0.0,65.43861651420593
6.1,5.5255,98.51666666666667,0.0,6.28862452507019
6.2,5.809583333333333,98.35000000000001,0.0,12.588505268096924
6.3,5.485666666666667,98.48333333333333,0.0,18.90707039833069
6.4,5.458083333333334,98.56666666666666,0.016666666666666666,25.173989057540894
6.5,5.4736666666666665,98.53333333333333,0.0,31.41182541847229
6.6,5.625166666666667,98.26666666666667,0.0,37.66337013244629
6.7,5.38125,98.71666666666667,0.0,43.828338623046875
6.8,5.4935833333333335,98.53333333333333,0.0,50.12152051925659
6.9,5.632916666666667,98.45,0.0,56.28502058982849
7.0,5.27075,98.76666666666667,0.0,62.45479130744934
7.1,5.406083333333333,98.56666666666666,0.0,5.938462495803833
7.2,5.127666666666666,98.66666666666667,0.0,11.99589991569519
7.3,5.406416666666667,98.7,0.0,18.12920880317688
7.4,5.3645,98.73333333333333,0.0,24.19773554801941
7.5,5.493916666666666,98.61666666666666,0.0,30.348540782928467
7.6,5.291083333333333,98.61666666666666,0.0,36.40016961097717
7.7,5.42475,98.7,0.0,42.41901421546936
7.8,5.350083333333333,98.83333333333333,0.0,48.385876417160034
7.9,5.520416666666667,98.56666666666666,0.0,54.489368200302124
8.0,5.3445833333333335,98.83333333333333,0.0,60.430564165115356
8.1,4.9695,98.96666666666667,0.0,6.109822988510132
8.2,5.209083333333333,98.58333333333333,0.016666666666666666,12.085407733917236
8.3,4.889583333333333,99.01666666666667,0.0,18.077174186706543
8.4,5.12025,98.8,0.0,24.090571880340576
8.5,5.097583333333334,98.73333333333333,0.0,30.13821268081665
8.6,5.0640833333333335,98.88333333333334,0.0,36.08640170097351
8.7,5.012416666666667,98.81666666666666,0.0,41.999056577682495
8.8,5.065833333333333,98.85000000000001,0.0,48.053863763809204
8.9,5.238083333333333,98.55000000000001,0.0,53.922423124313354
9.0,5.151,98.58333333333333,0.0,59.815885066986084
9.1,4.73125,99.03333333333333,0.0,6.263882637023926
9.2,4.663833333333334,98.91666666666666,0.0,12.491317749023438
9.3,4.841166666666667,98.8,0.0,18.43136429786682
9.4,4.724833333333334,98.8,0.0,24.397512912750244
9.5,4.63575,99.03333333333333,0.0,30.299971342086792
9.6,4.970083333333333,98.53333333333333,0.0,36.12243437767029
9.7,4.719333333333333,98.95,0.0,42.00958585739136
9.8,4.642666666666667,98.85000000000001,0.0,47.880078077316284
9.9,4.705166666666667,98.95,0.0,53.82079005241394
10.0,4.7,98.95,0.0,59.677210092544556
