Epochs,Loss,Accuracy (%),Silent labels (%),Time (s)
0.1,62.06966666666667,63.016666666666666,16.85,16.34911584854126
0.2,27.491833333333332,87.93333333333334,0.7666666666666666,33.20300364494324
0.3,20.062666666666665,92.21666666666667,0.016666666666666666,48.77410578727722
0.4,17.576583333333332,93.15,0.0,63.32789492607117
0.5,16.4325,93.48333333333333,0.016666666666666666,76.91431713104248
0.6,15.05325,93.91666666666667,0.0,89.7533872127533
0.7,13.38725,95.6,0.0,101.60481548309326
0.8,13.03575,95.28333333333333,0.0,112.87135148048401
0.9,12.62075,95.33333333333334,0.0,123.83074736595154
1.0,12.426833333333333,95.13333333333334,0.0,134.379540681839
1.1,11.494333333333334,95.81666666666668,0.0,10.236878871917725
1.2,10.774666666666667,96.2,0.0,20.28374147415161
1.3,10.95375,96.2,0.0,30.103739976882935
1.4,10.311333333333334,96.71666666666667,0.0,39.59242343902588
1.5,10.354666666666667,96.48333333333333,0.0,48.876529932022095
1.6,10.088416666666667,96.53333333333333,0.0,58.102185010910034
1.7,9.686666666666667,96.86666666666667,0.0,67.09952998161316
1.8,9.8735,96.63333333333334,0.0,75.94711589813232
1.9,9.466666666666667,96.89999999999999,0.0,84.60602498054504
2.0,9.287166666666666,96.8,0.0,93.16758942604065
2.1,8.681583333333334,97.13333333333334,0.0,8.420373916625977
2.2,8.706416666666666,97.16666666666667,0.0,16.794422149658203
2.3,8.522666666666666,97.25,0.0,25.054885387420654
2.4,8.488833333333334,97.3,0.0,33.22586727142334
2.5,8.68375,97.13333333333334,0.016666666666666666,41.33348894119263
2.6,8.371916666666667,97.25,0.0,49.33399796485901
2.7,8.141583333333333,97.3,0.0,57.229129791259766
2.8,8.27025,97.16666666666667,0.0,65.01948165893555
2.9,7.99625,97.56666666666666,0.0,72.75056600570679
3.0,7.887,97.55,0.0,80.41759037971497
3.1,7.507916666666667,97.76666666666667,0.0,7.586155652999878
3.2,7.64825,97.35000000000001,0.0,15.187051773071289
3.3,7.45725,97.78333333333333,0.0,22.727192640304565
3.4,7.20875,97.76666666666667,0.0,30.194037675857544
3.5,7.424166666666666,97.85000000000001,0.0,37.538310050964355
3.6,7.148416666666667,97.95,0.0,44.85105299949646
3.7,7.2603333333333335,97.89999999999999,0.016666666666666666,52.116687297821045
3.8,7.050916666666667,98.01666666666667,0.0,59.333022356033325
3.9,7.0875,97.75,0.0,66.50505113601685
4.0,7.28975,97.7,0.0,73.63298511505127
4.1,6.71775,98.06666666666666,0.0,7.0957887172698975
4.2,6.63575,98.13333333333333,0.0,14.163971662521362
4.3,6.763083333333333,98.03333333333333,0.0,21.186740159988403
4.4,6.820916666666666,98.1,0.0,28.17374897003174
4.5,6.717833333333333,97.91666666666666,0.0,35.12199568748474
4.6,6.613,97.95,0.0,42.01222038269043
4.7,6.534,98.08333333333333,0.0,48.88213920593262
4.8,6.26325,98.35000000000001,0.0,55.686819314956665
4.9,6.409166666666667,98.23333333333333,0.0,62.51911664009094
5.0,6.4638333333333335,98.11666666666666,0.0,69.32963013648987
5.1,5.9945,98.4,0.0,6.791677236557007
5.2,6.118416666666667,98.28333333333333,0.0,13.562516689300537
5.3,6.240833333333334,98.33333333333333,0.0,20.300182580947876
5.4,5.84675,98.53333333333333,0.0,27.029935598373413
5.5,6.047916666666667,98.28333333333333,0.0,33.77515959739685
5.6,6.174083333333333,98.41666666666666,0.0,40.47813296318054
5.7,6.196916666666667,98.23333333333333,0.0,47.13905668258667
5.8,5.941166666666667,98.26666666666667,0.0,53.75390601158142
5.9,5.791916666666666,98.35000000000001,0.0,60.37488269805908
6.0,5.896583333333333,98.3,0.0,66.89850306510925
6.1,5.5906666666666665,98.65,0.0,6.481235027313232
6.2,5.885583333333333,98.33333333333333,0.0,12.99314260482788
6.3,5.564166666666667,98.56666666666666,0.0,19.49112033843994
6.4,5.612916666666667,98.53333333333333,0.016666666666666666,25.957242488861084
6.5,5.62925,98.7,0.0,32.401127099990845
6.6,5.823333333333333,98.2,0.0,38.81515979766846
6.7,5.49525,98.63333333333333,0.0,45.19029760360718
6.8,5.752583333333333,98.4,0.0,51.5511040687561
6.9,5.81225,98.31666666666666,0.0,57.88904690742493
7.0,5.4390833333333335,98.7,0.0,64.21925354003906
7.1,5.52275,98.58333333333333,0.0,6.346194744110107
7.2,5.182916666666666,98.68333333333334,0.0,12.66589617729187
7.3,5.383166666666667,98.66666666666667,0.0,18.944389820098877
7.4,5.373,98.68333333333334,0.0,25.254886388778687
7.5,5.389916666666666,98.66666666666667,0.0,31.57690119743347
7.6,5.164333333333333,98.71666666666667,0.0,37.87914681434631
7.7,5.307333333333333,98.58333333333333,0.0,44.12591195106506
7.8,5.236583333333333,98.8,0.0,50.359309911727905
7.9,5.444416666666666,98.48333333333333,0.0,56.583818197250366
8.0,5.18625,98.85000000000001,0.0,62.82282304763794
8.1,4.876166666666666,98.93333333333332,0.0,6.2459094524383545
8.2,5.039083333333333,98.65,0.0,12.46499752998352
8.3,4.74575,99.1,0.0,18.68040180206299
8.4,4.975583333333334,98.73333333333333,0.0,24.876107931137085
8.5,5.02975,98.81666666666666,0.0,31.061296224594116
8.6,4.973166666666667,98.93333333333332,0.0,37.22207069396973
8.7,4.963916666666667,98.7,0.0,43.32107877731323
8.8,5.089083333333333,98.81666666666666,0.0,49.39893174171448
8.9,5.163666666666667,98.61666666666666,0.0,55.4472393989563
9.0,5.136916666666667,98.68333333333334,0.0,61.54088997840881
9.1,4.78875,99.01666666666667,0.0,6.019952297210693
9.2,4.74425,98.83333333333333,0.0,12.032190561294556
9.3,4.896166666666667,98.85000000000001,0.0,18.0466787815094
9.4,4.777583333333333,98.95,0.0,24.027761459350586
9.5,4.719083333333334,99.05000000000001,0.0,30.0232355594635
9.6,5.105083333333333,98.56666666666666,0.0,36.01707148551941
9.7,4.761916666666667,99.08333333333333,0.0,42.03433585166931
9.8,4.76375,98.86666666666667,0.0,48.087528228759766
9.9,4.868083333333334,99.08333333333333,0.0,54.065093755722046
10.0,4.824583333333333,98.88333333333334,0.0,60.107025146484375
