Epochs,Loss,Accuracy (%),Silent labels (%),Time (s)
0.1,62.544333333333334,62.53333333333333,17.133333333333333,16.04131507873535
0.2,37.861916666666666,81.15,9.733333333333333,32.43672251701355
0.3,32.80925,84.05,9.483333333333334,47.87424874305725
0.4,19.068,92.35,0.016666666666666666,61.99425292015076
0.5,16.91208333333333,93.31666666666666,0.016666666666666666,75.32737636566162
0.6,15.273583333333333,93.56666666666666,0.0,87.76028084754944
0.7,13.542333333333334,95.53333333333333,0.0,99.66105461120605
0.8,13.217333333333332,95.25,0.0,111.08730626106262
0.9,12.702416666666666,95.21666666666667,0.0,122.40485835075378
1.0,12.505416666666667,95.11666666666667,0.0,133.23797869682312
1.1,11.65825,95.73333333333333,0.0,10.5067880153656
1.2,10.82175,96.16666666666667,0.0,20.61766004562378
1.3,10.959833333333334,96.08333333333333,0.0,30.394659996032715
1.4,10.35125,96.51666666666667,0.0,39.92131781578064
1.5,10.375,96.55,0.0,49.34615707397461
1.6,10.121666666666666,96.51666666666667,0.0,58.765493392944336
1.7,9.665666666666667,96.76666666666667,0.0,67.94616770744324
1.8,9.966166666666666,96.61666666666666,0.0,76.98283219337463
1.9,9.533416666666668,96.95,0.0,85.69575309753418
2.0,9.312833333333334,96.91666666666666,0.0,94.31896591186523
2.1,8.658916666666666,97.16666666666667,0.0,8.370722770690918
2.2,8.738333333333333,97.21666666666667,0.0,16.80404281616211
2.3,8.5295,97.26666666666667,0.0,25.036405324935913
2.4,8.423083333333333,97.43333333333334,0.0,33.192442178726196
2.5,8.683583333333333,97.25,0.0,41.2370924949646
2.6,8.333083333333333,97.21666666666667,0.0,49.12181806564331
2.7,8.110916666666666,97.26666666666667,0.016666666666666666,56.990296840667725
2.8,8.307416666666667,97.01666666666667,0.0,64.75931143760681
2.9,7.98025,97.7,0.0,72.5036985874176
3.0,7.8925,97.51666666666667,0.0,80.2190489768982
3.1,7.4478333333333335,97.83333333333334,0.0,7.581224203109741
3.2,7.62625,97.53333333333333,0.0,15.14517092704773
3.3,7.453916666666666,97.85000000000001,0.0,22.70353412628174
3.4,7.2363333333333335,97.78333333333333,0.0,30.155697345733643
3.5,7.407916666666667,97.91666666666666,0.0,37.597073793411255
3.6,7.117916666666667,98.08333333333333,0.0,45.02217411994934
3.7,7.26475,97.71666666666667,0.0,52.34227514266968
3.8,6.99525,98.08333333333333,0.0,59.57755470275879
3.9,7.012166666666666,97.85000000000001,0.0,66.74246406555176
4.0,7.3155833333333335,97.71666666666667,0.0,73.8880603313446
4.1,6.6915,98.13333333333333,0.0,7.110780715942383
4.2,6.605416666666667,98.18333333333334,0.0,14.175649166107178
4.3,6.725333333333333,98.1,0.0,21.169969081878662
4.4,6.86425,98.16666666666667,0.0,28.172417640686035
4.5,6.647083333333334,97.93333333333332,0.0,35.16235041618347
4.6,6.570666666666667,97.96666666666667,0.0,42.127076864242554
4.7,6.476166666666667,98.11666666666666,0.0,49.037479400634766
4.8,6.2908333333333335,98.31666666666666,0.0,55.92018485069275
4.9,6.364166666666667,98.23333333333333,0.0,62.77666115760803
5.0,6.39625,98.01666666666667,0.0,69.6538450717926
5.1,5.99675,98.43333333333332,0.0,6.7788050174713135
5.2,6.11775,98.35000000000001,0.0,13.560981512069702
5.3,6.1835,98.08333333333333,0.0,20.293980360031128
5.4,5.82375,98.38333333333334,0.0,27.01950168609619
5.5,6.0151666666666666,98.4,0.0,33.70429706573486
5.6,6.137333333333333,98.38333333333334,0.0,40.37724423408508
5.7,6.16825,98.21666666666667,0.0,47.03705978393555
5.8,5.957333333333334,98.43333333333332,0.0,53.66140627861023
5.9,5.81875,98.33333333333333,0.0,60.25457239151001
6.0,5.925083333333333,98.3,0.0,66.80299544334412
6.1,5.554416666666667,98.7,0.0,6.50407600402832
6.2,5.889166666666667,98.26666666666667,0.0,13.03458547592163
6.3,5.550666666666666,98.58333333333333,0.0,19.567153930664062
6.4,5.542583333333333,98.6,0.0,26.088013648986816
6.5,5.56775,98.63333333333333,0.0,32.56752634048462
6.6,5.707333333333334,98.36666666666667,0.0,39.01504302024841
6.7,5.425166666666667,98.8,0.0,45.465810775756836
6.8,5.713416666666666,98.36666666666667,0.0,51.91157150268555
6.9,5.61075,98.4,0.0,58.29961395263672
7.0,5.367666666666667,98.65,0.0,64.66864109039307
7.1,5.441666666666666,98.68333333333334,0.0,6.3946003913879395
7.2,5.109416666666666,98.73333333333333,0.0,12.717629194259644
7.3,5.330666666666667,98.7,0.0,19.116668462753296
7.4,5.311166666666667,98.71666666666667,0.0,25.443938493728638
7.5,5.34,98.6,0.0,31.755817413330078
7.6,5.13175,98.68333333333334,0.0,38.01686763763428
7.7,5.2705,98.6,0.0,44.29283857345581
7.8,5.18575,98.78333333333333,0.0,50.59479022026062
7.9,5.425083333333333,98.46666666666667,0.0,56.85278344154358
8.0,5.139666666666667,98.75,0.0,63.10605049133301
8.1,4.816166666666667,98.98333333333333,0.0,6.221916437149048
8.2,4.98325,98.68333333333334,0.0,12.445541143417358
8.3,4.717333333333333,99.05000000000001,0.0,18.632436275482178
8.4,5.011083333333334,98.68333333333334,0.0,24.79595184326172
8.5,5.036333333333333,98.8,0.0,31.044187545776367
8.6,4.920833333333333,98.95,0.0,37.22286128997803
8.7,4.9390833333333335,98.63333333333333,0.0,43.39509868621826
8.8,4.992583333333333,98.71666666666667,0.0,49.516031980514526
8.9,5.0865833333333335,98.71666666666667,0.0,55.591851234436035
9.0,5.0725,98.71666666666667,0.0,61.666508436203
9.1,4.682333333333333,99.03333333333333,0.0,6.087059259414673
9.2,4.634416666666667,99.06666666666666,0.0,12.194733142852783
9.3,4.828666666666667,98.85000000000001,0.0,18.302063465118408
9.4,4.7435833333333335,98.95,0.0,24.370746612548828
9.5,4.637666666666667,98.96666666666667,0.0,30.4182710647583
9.6,4.949166666666667,98.61666666666666,0.0,36.40540790557861
9.7,4.657,99.08333333333333,0.0,42.36496329307556
9.8,4.642333333333333,98.83333333333333,0.0,48.356494426727295
9.9,4.7405,99.01666666666667,0.0,54.32224893569946
10.0,4.758,98.95,0.0,60.336095571517944
