0.02,0.03,0.05,0.08,0.1,0.13,0.15,0.18,0.2
0.0,0.0,0.014266666666666667,0.12940666666666664,0.23392666666666664,0.4163466666666666,0.54702,0.7440666666666667,0.8718066666666668
0.0,0.0,0.01862666666666667,0.13953333333333331,0.24733999999999998,0.43326,0.56416,0.7621066666666667,0.88972
0.0,0.0,0.023160000000000004,0.14852666666666664,0.2601533333333333,0.45050000000000007,0.5844066666666667,0.7848866666666667,0.9141533333333334
0.0,0.0,0.025699999999999997,0.1521733333333333,0.26492,0.45563333333333333,0.5885333333333334,0.7881266666666665,0.9168666666666667
0.0,0.0,0.028833333333333336,0.15710666666666662,0.27147999999999994,0.46325999999999995,0.5957399999999999,0.7926533333333334,0.9182999999999999
0.0,0.0,0.03723333333333333,0.17392666666666667,0.29053999999999996,0.48216000000000003,0.6129533333333334,0.8056933333333332,0.9282733333333334
0.0,0.0,0.04400666666666666,0.18411999999999998,0.29969999999999997,0.4898799999999999,0.6200333333333334,0.8108933333333332,0.9324066666666666
0.0,0.0,0.04304666666666667,0.17847999999999994,0.2944333333333333,0.48695333333333324,0.6196066666666666,0.8161200000000001,0.9415866666666668
0.0,0.0,0.04138666666666666,0.17314666666666662,0.28875999999999996,0.48078666666666664,0.61342,0.8100399999999998,0.9353133333333333
0.0,0.0,0.04219333333333333,0.17486666666666664,0.2914999999999999,0.4857466666666667,0.6193799999999999,0.8166000000000001,0.9413266666666666
