0.02,0.03,0.05,0.08,0.1,0.13,0.15,0.18,0.2
0.0,0.0,0.005600000000000001,0.11560666666666665,0.22399333333333335,0.4071866666666668,0.5257000000000001,0.7253399999999999,0.8617733333333333
0.0,0.0,0.007633333333333334,0.12594666666666665,0.23787333333333333,0.4250666666666667,0.5446333333333332,0.7465799999999999,0.8840666666666667
0.0,0.0,0.010946666666666667,0.13413999999999995,0.24948666666666663,0.4406466666666667,0.5624199999999999,0.7674333333333333,0.9064066666666666
0.0,0.0,0.012566666666666665,0.1376733333333333,0.2536266666666666,0.4449200000000001,0.5655466666666666,0.7682333333333333,0.90518
0.0,0.0,0.01496,0.14165999999999998,0.25868666666666656,0.4499133333333333,0.5708933333333334,0.7731733333333334,0.9093266666666666
0.0,0.0,0.016906666666666667,0.14493999999999999,0.26330666666666663,0.4561800000000001,0.5781133333333333,0.7809,0.9179533333333333
0.0,0.0,0.019293333333333332,0.1493,0.26837999999999995,0.4621733333333334,0.5852133333333333,0.7886799999999999,0.9257533333333333
0.0,0.0,0.022046666666666662,0.1526133333333333,0.2729133333333333,0.46792666666666677,0.5910666666666667,0.7941333333333334,0.9301
0.0,0.0,0.023353333333333334,0.1542533333333333,0.27415999999999996,0.4691866666666666,0.5918199999999999,0.7941399999999998,0.92962
0.0,0.0,0.024599999999999997,0.15553999999999996,0.2760866666666666,0.4712666666666667,0.5936733333333333,0.7967466666666667,0.9320533333333334
