0.02,0.03,0.05,0.08,0.1,0.13,0.15,0.18,0.2
0.0,0.0,0.016280000000000003,0.11975999999999998,0.23955999999999997,0.3845466666666667,0.44841333333333333,0.5627533333333332,0.6155133333333334
0.0,0.0,0.0332,0.14454,0.2445866666666667,0.3572400000000001,0.40876000000000007,0.5043466666666666,0.54958
0.0,0.0,0.04836666666666666,0.15718666666666667,0.24353333333333332,0.34367333333333333,0.3895466666666667,0.4762400000000001,0.5167200000000001
0.0,0.0,0.059219999999999995,0.16080666666666663,0.23707999999999996,0.32831333333333335,0.3707733333333334,0.45210666666666677,0.4902
0.0,0.0,0.06786,0.16188666666666662,0.2318533333333333,0.31694666666666665,0.3573133333333333,0.43421333333333334,0.4706866666666667
0.0,0.0,0.07307999999999998,0.1625733333333333,0.22798,0.30868,0.3475800000000001,0.42149333333333344,0.4568466666666666
0.0,0.0,0.07602666666666666,0.16123999999999994,0.22487333333333331,0.30558,0.34406666666666674,0.41834000000000005,0.45341333333333345
0.0,0.0,0.08135333333333332,0.16555333333333336,0.2292533333333333,0.31060666666666675,0.34940000000000004,0.42484666666666654,0.4606066666666668
0.0,0.0,0.08233999999999998,0.17131999999999994,0.23874666666666666,0.32419333333333333,0.36544000000000004,0.4447133333333334,0.48219999999999996
0.0,0.0,0.07936666666666667,0.17066666666666666,0.2449933333333333,0.3378266666666667,0.38234,0.4674666666666667,0.5080066666666667
