0.02,0.03,0.05,0.08,0.1,0.13,0.15,0.18,0.2
0.0,0.0,0.008733333333333334,0.12032666666666665,0.22353999999999996,0.4052733333333333,0.5356866666666666,0.7337066666666668,0.86218
0.0,0.0,0.01178666666666667,0.13118666666666662,0.23735999999999996,0.42281333333333326,0.5547133333333333,0.7538066666666668,0.88306
0.0,0.0,0.016433333333333335,0.14021333333333327,0.25072666666666665,0.4412466666666667,0.57694,0.7796600000000001,0.9109333333333334
0.0,0.0,0.01862666666666667,0.1443266666666666,0.25585333333333327,0.44612,0.5807133333333332,0.7828533333333334,0.91314
0.0,0.0,0.022313333333333338,0.15008666666666665,0.26341333333333333,0.45507333333333344,0.5883866666666666,0.7867999999999999,0.91356
0.0,0.0,0.02606666666666667,0.15535333333333332,0.27066,0.46358000000000005,0.5969666666666666,0.79566,0.9221266666666667
0.0,0.0,0.026933333333333323,0.1568533333333333,0.2720333333333333,0.4659533333333334,0.6009666666666668,0.8025866666666667,0.9306066666666666
0.0,0.0,0.029946666666666663,0.16165999999999994,0.27865333333333336,0.47376000000000007,0.6081866666666668,0.8057733333333335,0.9305000000000001
0.0,0.0,0.031733333333333336,0.16321333333333332,0.2798933333333333,0.47375999999999996,0.6076666666666667,0.80412,0.9294400000000002
0.0,0.0,0.03337999999999999,0.16566666666666663,0.2821199999999999,0.47662000000000004,0.6103466666666667,0.8079666666666665,0.9335000000000001
