0.02,0.03,0.05,0.08,0.1,0.13,0.15,0.18,0.2
0.0,0.0,0.004566666666666667,0.1160733333333333,0.22038666666666662,0.406,0.5400866666666667,0.7440133333333334,0.8768733333333334
0.0,0.0,0.0065000000000000014,0.12695999999999993,0.23473333333333335,0.42489333333333335,0.56124,0.7667066666666666,0.9003066666666666
0.0,0.0,0.009366666666666669,0.13473999999999997,0.2464133333333333,0.4403200000000001,0.5782133333333334,0.7868933333333333,0.9213199999999999
0.0,0.0,0.01046,0.1373333333333333,0.24926666666666666,0.4425133333333334,0.5792333333333333,0.7856799999999999,0.9192266666666667
0.0,0.0,0.011899999999999997,0.1407266666666666,0.25314000000000003,0.44708666666666674,0.58372,0.7894266666666665,0.9229466666666667
0.0,0.0,0.014113333333333334,0.14505999999999997,0.2592933333333334,0.4552666666666667,0.5939333333333333,0.8018133333333333,0.9367466666666666
0.0,0.0,0.01574666666666667,0.1481133333333333,0.26349333333333325,0.46042,0.5997333333333333,0.8078,0.942426666666667
0.0,0.0,0.0173,0.15012666666666663,0.2661933333333333,0.46356666666666674,0.6027133333333333,0.8113333333333334,0.9459000000000001
0.0,0.0,0.017246666666666667,0.15000666666666665,0.2651799999999999,0.4616533333333333,0.5994533333333333,0.8060733333333332,0.9394999999999999
0.0,0.0,0.01892,0.15182666666666664,0.2676733333333333,0.4646066666666666,0.6021799999999999,0.8093933333333334,0.9430600000000001
