0.02,0.03,0.05,0.08,0.1,0.13,0.15,0.18,0.2
0.0,0.0,0.00038666666666666667,0.10153999999999996,0.1925933333333333,0.37497333333333344,0.4954333333333333,0.7011199999999999,0.8636133333333333
0.0,0.0,0.00043333333333333337,0.11062666666666665,0.2052266666666666,0.3924333333333334,0.5146066666666667,0.7224533333333334,0.8853333333333333
0.0,0.0,0.0007333333333333332,0.11805999999999996,0.2147,0.4063866666666667,0.5301333333333332,0.7401133333333333,0.9042733333333334
0.0,0.0,0.0009066666666666666,0.12128666666666663,0.21904666666666656,0.4110533333333333,0.5345,0.7442933333333334,0.9082866666666665
0.0,0.0,0.0011733333333333333,0.1244933333333333,0.22282666666666665,0.41629333333333335,0.5399999999999999,0.7496933333333331,0.9130533333333334
0.0,0.0,0.0016333333333333336,0.1277733333333333,0.22721999999999998,0.42161333333333334,0.5466866666666667,0.7569600000000001,0.9209466666666667
0.0,0.0,0.0020666666666666667,0.13020666666666664,0.2296266666666666,0.42476000000000014,0.5495466666666666,0.7593733333333332,0.9233000000000001
0.0,0.0,0.002726666666666667,0.13303333333333328,0.2334066666666666,0.42981333333333327,0.5552533333333333,0.7655933333333332,0.9301800000000001
0.0,0.0,0.0026733333333333344,0.13366666666666666,0.23410666666666669,0.43006000000000005,0.5550266666666666,0.7657666666666665,0.9297866666666667
0.0,0.0,0.0031466666666666665,0.13575999999999996,0.2354933333333333,0.43178000000000005,0.5565066666666666,0.7664199999999998,0.9295666666666665
