0.02,0.03,0.05,0.08,0.1,0.13,0.15,0.18,0.2
0.0,0.0,0.017406666666666668,0.13432666666666665,0.23955333333333326,0.4225533333333334,0.5526533333333333,0.7486,0.8755333333333336
0.0,0.0,0.021879999999999997,0.1433933333333333,0.2522933333333333,0.4378533333333333,0.56882,0.7660933333333334,0.89318
0.0,0.0,0.026553333333333335,0.15243999999999996,0.26513333333333333,0.45547333333333334,0.5890066666666667,0.78892,0.9173466666666666
0.0,0.0,0.02918,0.1564266666666666,0.26884,0.4584866666666667,0.5906066666666667,0.7884266666666666,0.9157
0.0,0.0,0.035293333333333336,0.16815999999999995,0.2842333333333333,0.47595333333333334,0.60754,0.7999333333333333,0.9215400000000001
0.0,3.333333333333333e-05,0.05698666666666666,0.20949333333333328,0.3294266666666666,0.51704,0.64086,0.81978,0.9319333333333333
0.0,0.02428,0.12235333333333331,0.29125999999999996,0.40909999999999996,0.5825666666666666,0.6934933333333333,0.84858,0.9444733333333333
0.0,0.034266666666666674,0.1237733333333333,0.28309333333333325,0.39588,0.5691133333333334,0.6834066666666668,0.8474933333333334,0.9490466666666666
0.0,0.011793333333333333,0.08602,0.2262733333333333,0.33764666666666676,0.52082,0.64578,0.8282266666666667,0.9428733333333332
0.0,0.0042,0.06818666666666666,0.22453333333333325,0.3475666666666666,0.53792,0.6611866666666668,0.8350133333333334,0.9416
