0.02,0.03,0.05,0.08,0.1,0.13,0.15,0.18,0.2
0.0,0.0,0.0003133333333333333,0.09196666666666664,0.19823999999999994,0.3701333333333334,0.5116,0.7055400000000001,0.84882
0.0,0.0,0.00027333333333333333,0.09974666666666666,0.2106533333333333,0.3869066666666667,0.5305799999999999,0.7267666666666667,0.87028
0.0,0.0,0.00046,0.10677999999999996,0.2213933333333333,0.4018933333333334,0.5482533333333334,0.7470666666666667,0.8928200000000001
0.0,0.0,0.00054,0.10947333333333333,0.22473333333333334,0.40524,0.5508,0.7482133333333334,0.8929000000000002
0.0,0.0,0.0008,0.11251333333333333,0.22889333333333328,0.4105,0.5563199999999999,0.7535266666666667,0.89784
0.0,0.0,0.0010933333333333333,0.11562666666666666,0.2333533333333333,0.4164133333333334,0.5634866666666666,0.7618733333333333,0.9074333333333332
0.0,0.0,0.00132,0.11809999999999998,0.23685999999999993,0.42096000000000006,0.5684799999999999,0.7670999999999999,0.9130199999999999
0.0,0.0,0.0018599999999999999,0.11990666666666666,0.23921999999999996,0.42370666666666656,0.57162,0.7702533333333333,0.9152866666666667
0.0,0.0,0.0017333333333333337,0.12064666666666665,0.24060666666666658,0.42564666666666673,0.5735066666666666,0.7725,0.9180333333333333
0.0,0.0,0.0020266666666666666,0.12173999999999997,0.2413266666666666,0.4253800000000001,0.5731466666666666,0.7713200000000002,0.9156400000000002
