0.02,0.03,0.05,0.08,0.1,0.13,0.15,0.18,0.2
0.0,0.0,0.00302,0.10157333333333331,0.20234666666666662,0.39637333333333336,0.5288466666666667,0.7177733333333333,0.8500866666666667
0.0,0.0,0.004200000000000001,0.11025999999999997,0.21464,0.41284666666666664,0.5466199999999999,0.73564,0.8678466666666668
0.0,0.0,0.006966666666666666,0.11974666666666663,0.22767999999999997,0.43129333333333336,0.568,0.7606733333333334,0.8950533333333333
0.0,0.0,0.008033333333333335,0.12247999999999999,0.23152666666666666,0.43555999999999995,0.57126,0.7627533333333334,0.8961466666666665
0.0,0.0,0.009300000000000001,0.12594666666666665,0.23553333333333326,0.43982,0.5758,0.7675133333333334,0.9007199999999999
0.0,0.0,0.010820000000000001,0.12920666666666664,0.2393933333333333,0.44580000000000003,0.5821,0.7741266666666666,0.9079200000000001
0.0,0.0,0.01202666666666667,0.13217333333333328,0.24283999999999994,0.44963333333333333,0.5864066666666666,0.7782866666666668,0.9116133333333333
0.0,0.0,0.013913333333333335,0.13503999999999997,0.24709333333333322,0.4544466666666668,0.5920933333333334,0.7850866666666667,0.9188199999999999
0.0,0.0,0.015,0.13643999999999998,0.24860000000000004,0.45593333333333336,0.5934200000000001,0.7862399999999999,0.9197466666666668
0.0,0.0,0.015633333333333336,0.13722666666666664,0.24896666666666661,0.45629999999999993,0.59334,0.7848333333333335,0.9171933333333332
