Epochs,Loss,Accuracy (%),Silent labels (%),Time (s)
0.1,51.31875,68.36666666666666,5.966666666666667,16.889689207077026
0.2,26.016083333333334,89.31666666666666,0.05,34.212658405303955
0.3,20.763083333333334,91.21666666666667,0.0,50.189861536026
0.4,18.089416666666665,92.61666666666667,0.0,65.12093758583069
0.5,16.196666666666665,93.43333333333334,0.0,78.80927515029907
0.6,15.13125,94.38333333333333,0.0,91.78271079063416
0.7,14.285166666666667,94.45,0.0,104.16964888572693
0.8,12.923916666666667,95.43333333333334,0.0,116.05383682250977
0.9,12.631333333333334,95.6,0.0,127.51467108726501
1.0,12.43725,95.1,0.0,138.49835014343262
1.1,11.258083333333333,96.03333333333333,0.0,10.663877248764038
1.2,10.844583333333333,96.41666666666666,0.0,21.11997413635254
1.3,11.119083333333334,95.51666666666667,0.0,31.310846090316772
1.4,10.720666666666666,96.38333333333333,0.0,41.169084310531616
1.5,10.353083333333334,96.51666666666667,0.0,50.776344299316406
1.6,10.319833333333333,96.23333333333333,0.0,60.161571741104126
1.7,9.72725,97.15,0.0,69.39808082580566
1.8,9.402916666666666,97.15,0.0,78.4679503440857
1.9,9.553416666666667,96.81666666666666,0.016666666666666666,87.44106912612915
2.0,9.381916666666667,96.68333333333334,0.0,96.23460006713867
2.1,8.813416666666667,97.2,0.0,8.58191180229187
2.2,8.550333333333333,97.31666666666666,0.0,17.083348274230957
2.3,8.643416666666667,97.33333333333334,0.0,25.48284339904785
2.4,8.542666666666667,97.1,0.0,33.80459022521973
2.5,8.15225,97.86666666666667,0.0,42.00936698913574
2.6,8.444916666666666,97.21666666666667,0.0,50.09131956100464
2.7,8.334833333333334,97.35000000000001,0.0,58.14714431762695
2.8,8.2785,97.23333333333333,0.0,66.08762526512146
2.9,8.0335,97.48333333333333,0.0,74.00012850761414
3.0,8.032083333333333,97.31666666666666,0.0,81.8311505317688
3.1,7.2964166666666666,98.05,0.0,7.704801797866821
3.2,7.764166666666667,97.38333333333333,0.0,15.383107423782349
3.3,7.5728333333333335,97.5,0.0,22.97810411453247
3.4,7.401833333333333,97.91666666666666,0.0,30.490349292755127
3.5,7.391916666666667,97.63333333333334,0.0,38.019702196121216
3.6,7.20475,98.01666666666667,0.0,45.44316220283508
3.7,7.437916666666666,97.43333333333334,0.0,52.865150690078735
3.8,6.797416666666667,98.41666666666666,0.0,60.17004656791687
3.9,7.062166666666666,97.65,0.0,67.41748142242432
4.0,7.05125,97.76666666666667,0.016666666666666666,74.62147617340088
4.1,6.722416666666667,97.98333333333333,0.0,7.103086471557617
4.2,6.623666666666667,98.15,0.0,14.189225435256958
4.3,6.615916666666666,97.85000000000001,0.0,21.23909640312195
4.4,6.859666666666667,97.88333333333334,0.0,28.244157314300537
4.5,6.539,98.26666666666667,0.0,35.224650144577026
4.6,6.6970833333333335,97.98333333333333,0.0,42.16800022125244
4.7,6.46125,98.16666666666667,0.0,49.07937240600586
4.8,6.597166666666666,98.2,0.0,55.944764137268066
4.9,6.334833333333333,98.36666666666667,0.0,62.726147413253784
5.0,6.493833333333333,98.16666666666667,0.0,69.49418234825134
5.1,5.8755,98.48333333333333,0.0,6.729215383529663
5.2,6.215583333333333,98.31666666666666,0.0,13.460519313812256
5.3,6.246666666666667,98.23333333333333,0.0,20.162840843200684
5.4,6.092083333333333,98.11666666666666,0.0,26.795440196990967
5.5,5.9975,98.55000000000001,0.0,33.41593837738037
5.6,5.9965,98.21666666666667,0.0,40.01974129676819
5.7,6.351333333333334,98.1,0.0,46.62758731842041
5.8,6.267833333333333,98.2,0.0,53.264188051223755
5.9,6.07075,98.51666666666667,0.0,59.833292961120605
6.0,6.1539166666666665,98.35000000000001,0.0,66.48108053207397
6.1,5.568083333333333,98.5,0.0,6.542316198348999
6.2,5.883916666666667,98.31666666666666,0.0,13.107121706008911
6.3,5.93425,98.5,0.0,19.703145265579224
6.4,5.671916666666666,98.73333333333333,0.0,26.28829026222229
6.5,5.722833333333333,98.48333333333333,0.0,32.81600260734558
6.6,5.608666666666666,98.63333333333333,0.0,39.288830280303955
6.7,5.545416666666667,98.65,0.0,45.746424198150635
6.8,5.467333333333333,98.73333333333333,0.0,52.166983127593994
6.9,5.704083333333333,98.48333333333333,0.016666666666666666,58.60536789894104
7.0,5.84175,98.35000000000001,0.0,65.0433566570282
7.1,5.445083333333334,98.78333333333333,0.0,6.463715553283691
7.2,5.2405,98.63333333333333,0.0,12.904282331466675
7.3,5.252,98.56666666666666,0.0,19.28412675857544
7.4,5.342583333333334,98.65,0.0,25.67771577835083
7.5,5.119,98.83333333333333,0.0,32.010056257247925
7.6,5.185416666666667,98.65,0.0,38.36247420310974
7.7,5.253583333333333,98.75,0.0,44.67523169517517
7.8,5.38825,98.55000000000001,0.0,50.943835496902466
7.9,5.395416666666667,98.68333333333334,0.0,57.23679542541504
8.0,5.529916666666667,98.63333333333333,0.0,63.50770139694214
8.1,5.271416666666667,98.55000000000001,0.0,6.239579916000366
8.2,4.923333333333333,98.9,0.0,12.489153385162354
8.3,4.977416666666667,98.83333333333333,0.0,18.75432777404785
8.4,5.303416666666666,98.71666666666667,0.0,25.045957565307617
8.5,5.04125,98.91666666666666,0.0,31.29610824584961
8.6,5.114,98.76666666666667,0.0,37.58832383155823
8.7,5.094666666666667,99.05000000000001,0.0,43.857218742370605
8.8,5.010916666666667,98.8,0.0,50.06876349449158
8.9,5.144,98.66666666666667,0.0,56.260154724121094
9.0,5.047083333333333,98.81666666666666,0.016666666666666666,62.478105306625366
9.1,4.527083333333334,99.01666666666667,0.0,6.186523199081421
9.2,4.67125,98.83333333333333,0.0,12.37886381149292
9.3,4.636416666666666,99.01666666666667,0.0,18.599779844284058
9.4,4.778083333333333,98.96666666666667,0.0,24.759130001068115
9.5,4.664666666666666,99.11666666666666,0.0,30.905943393707275
9.6,4.9015,98.8,0.0,37.05725455284119
9.7,4.789333333333333,98.9,0.0,43.186036586761475
9.8,4.853416666666667,98.9,0.0,49.34469294548035
9.9,4.874666666666666,98.8,0.0,55.48662543296814
10.0,5.0088333333333335,98.75,0.0,61.59752130508423
