Epochs,Loss,Accuracy (%),Silent labels (%),Time (s)
0.1,51.75233333333333,67.83333333333333,6.35,17.048799753189087
0.2,26.295833333333334,88.76666666666667,0.05,35.14481472969055
0.3,21.05825,91.21666666666667,0.0,51.599798917770386
0.4,18.2235,92.58333333333333,0.0,66.77832508087158
0.5,16.326583333333332,93.16666666666666,0.0,80.87306833267212
0.6,15.119666666666667,94.35,0.0,94.12846779823303
0.7,14.41725,94.28333333333333,0.0,106.80683875083923
0.8,12.943833333333334,95.45,0.0,119.06605172157288
0.9,12.640583333333334,95.53333333333333,0.0,130.8319764137268
1.0,12.543666666666667,95.19999999999999,0.016666666666666666,142.22862219810486
1.1,11.360083333333334,95.73333333333333,0.0,10.890458822250366
1.2,10.865833333333333,96.21666666666667,0.0,21.444364547729492
1.3,11.197,95.61666666666667,0.0,31.757174253463745
1.4,10.8195,96.41666666666666,0.0,41.8936824798584
1.5,10.428666666666667,96.45,0.0,51.8896427154541
1.6,10.440166666666666,96.03333333333333,0.0,61.69179153442383
1.7,9.8775,97.01666666666667,0.0,71.32643914222717
1.8,9.542666666666667,96.93333333333334,0.0,80.82163953781128
1.9,9.704083333333333,96.73333333333333,0.016666666666666666,90.15171766281128
2.0,9.506833333333333,96.71666666666667,0.0,99.28228855133057
2.1,8.929416666666667,97.08333333333333,0.016666666666666666,8.91886305809021
2.2,8.619833333333334,97.18333333333334,0.0,17.756513833999634
2.3,8.7985,97.18333333333334,0.0,26.52128028869629
2.4,8.649583333333334,97.2,0.016666666666666666,35.181435108184814
2.5,8.271416666666667,97.61666666666666,0.0,43.730682611465454
2.6,8.51075,97.25,0.0,52.13639950752258
2.7,8.4365,97.35000000000001,0.0,60.48896384239197
2.8,8.3875,97.13333333333334,0.016666666666666666,68.80117988586426
2.9,8.198,97.38333333333333,0.0,77.05475950241089
3.0,8.17975,97.33333333333334,0.0,85.17855620384216
3.1,7.46175,97.91666666666666,0.0,8.033097267150879
3.2,7.885916666666667,97.3,0.0,16.03755474090576
3.3,7.679916666666666,97.48333333333333,0.0,24.02262830734253
3.4,7.4950833333333335,97.89999999999999,0.0,31.978667497634888
3.5,7.504083333333333,97.63333333333334,0.0,39.877333879470825
3.6,7.32075,97.98333333333333,0.0,47.73096442222595
3.7,7.539166666666667,97.5,0.0,55.52661895751953
3.8,6.859083333333333,98.4,0.0,63.17720985412598
3.9,7.224,97.58333333333333,0.0,70.85201644897461
4.0,7.171833333333334,97.8,0.0,78.45376992225647
4.1,6.856333333333334,97.93333333333332,0.0,7.483441591262817
4.2,6.759833333333333,98.11666666666666,0.0,14.989948272705078
4.3,6.679666666666667,97.88333333333334,0.0,22.41750407218933
4.4,6.997416666666667,97.83333333333334,0.0,29.853981256484985
4.5,6.6775,98.15,0.0,37.28688049316406
4.6,6.725666666666666,97.81666666666666,0.0,44.673752546310425
4.7,6.62675,97.96666666666667,0.0,52.0697238445282
4.8,6.693083333333333,98.11666666666666,0.0,59.38148069381714
4.9,6.38525,98.45,0.0,66.63074588775635
5.0,6.648583333333334,98.13333333333333,0.0,73.83642196655273
5.1,5.994,98.5,0.0,7.196644067764282
5.2,6.300916666666667,98.1,0.0,14.327253103256226
5.3,6.268916666666667,98.16666666666667,0.0,21.413089275360107
5.4,6.160166666666667,98.2,0.0,28.521445751190186
5.5,6.04725,98.36666666666667,0.0,35.618561029434204
5.6,6.0645,98.23333333333333,0.0,42.63753843307495
5.7,6.300583333333333,98.08333333333333,0.0,49.64182686805725
5.8,6.299166666666666,98.13333333333333,0.0,56.628902196884155
5.9,6.05425,98.51666666666667,0.0,63.56112790107727
6.0,6.13325,98.28333333333333,0.0,70.44567275047302
6.1,5.554083333333334,98.48333333333333,0.016666666666666666,6.889907598495483
6.2,5.887666666666667,98.15,0.0,13.779386043548584
6.3,5.982333333333333,98.38333333333334,0.0,20.632113456726074
6.4,5.710666666666667,98.61666666666666,0.0,27.419798374176025
6.5,5.70725,98.36666666666667,0.0,34.18571496009827
6.6,5.690833333333333,98.61666666666666,0.0,40.960448265075684
6.7,5.565166666666666,98.51666666666667,0.0,47.680519104003906
6.8,5.529916666666667,98.73333333333333,0.0,54.415486097335815
6.9,5.777416666666666,98.46666666666667,0.0,61.16963720321655
7.0,5.87525,98.38333333333334,0.0,67.86914205551147
7.1,5.560583333333334,98.8,0.0,6.721763849258423
7.2,5.366,98.71666666666667,0.0,13.446764945983887
7.3,5.31725,98.56666666666666,0.0,20.114248514175415
7.4,5.46825,98.68333333333334,0.0,26.752806425094604
7.5,5.279916666666667,98.85000000000001,0.0,33.35862588882446
7.6,5.288833333333334,98.73333333333333,0.0,40.006771087646484
7.7,5.34625,98.83333333333333,0.0,46.636842489242554
7.8,5.454083333333333,98.65,0.0,53.20831847190857
7.9,5.5103333333333335,98.51666666666667,0.0,59.74858069419861
8.0,5.538916666666666,98.5,0.0,66.3523120880127
8.1,5.2215,98.51666666666667,0.0,6.524395227432251
8.2,4.902583333333333,98.93333333333332,0.0,13.054315567016602
8.3,5.035666666666667,98.85000000000001,0.0,19.574657201766968
8.4,5.274416666666666,98.8,0.0,26.099468231201172
8.5,5.00425,98.9,0.0,32.5604784488678
8.6,5.152583333333333,98.83333333333333,0.0,39.07892322540283
8.7,5.127166666666667,98.98333333333333,0.0,45.52864933013916
8.8,5.053166666666667,98.9,0.0,51.9354989528656
8.9,5.176416666666666,98.65,0.0,58.34943389892578
9.0,5.13575,98.8,0.0,64.76085877418518
9.1,4.606833333333333,99.11666666666666,0.0,6.344111442565918
9.2,4.773833333333333,98.68333333333334,0.0,12.697310447692871
9.3,4.742583333333333,99.0,0.0,19.058759689331055
9.4,4.903666666666667,98.9,0.0,25.449087381362915
9.5,4.734583333333333,99.06666666666666,0.0,31.8428475856781
9.6,5.012416666666667,98.78333333333333,0.0,38.21051025390625
9.7,4.9093333333333335,98.91666666666666,0.0,44.531696796417236
9.8,4.923166666666667,98.95,0.0,50.9397132396698
9.9,4.963916666666667,98.8,0.0,57.26760697364807
10.0,5.08325,98.73333333333333,0.0,63.55056619644165
