Epochs,Loss,Accuracy (%),Silent labels (%),Time (s)
0.1,51.26533333333333,68.31666666666666,6.066666666666666,16.924426794052124
0.2,25.936416666666666,89.03333333333333,0.03333333333333333,34.342206954956055
0.3,20.78525,91.21666666666667,0.0,50.316784620285034
0.4,18.027666666666665,92.55,0.0,65.2617084980011
0.5,16.19825,93.23333333333333,0.0,79.0757417678833
0.6,15.134833333333333,94.38333333333333,0.0,91.97635889053345
0.7,14.32125,94.36666666666666,0.0,104.30761694908142
0.8,12.8895,95.46666666666667,0.0,116.12598419189453
0.9,12.604416666666667,95.53333333333333,0.0,127.53408479690552
1.0,12.46175,95.13333333333334,0.016666666666666666,138.60868906974792
1.1,11.255833333333333,95.98333333333333,0.0,10.745693445205688
1.2,10.8785,96.28333333333333,0.0,21.23137879371643
1.3,11.161416666666666,95.66666666666667,0.016666666666666666,31.470741510391235
1.4,10.7725,96.51666666666667,0.0,41.45279383659363
1.5,10.34775,96.48333333333333,0.0,51.16628885269165
1.6,10.304666666666666,96.18333333333334,0.0,60.69339919090271
1.7,9.791666666666666,97.01666666666667,0.0,70.01743006706238
1.8,9.4645,97.05,0.0,79.22843670845032
1.9,9.610833333333334,96.95,0.016666666666666666,88.29083919525146
2.0,9.505666666666666,96.8,0.0,97.18303370475769
2.1,8.8525,97.11666666666666,0.016666666666666666,8.709468364715576
2.2,8.538833333333333,97.28333333333333,0.0,17.316211223602295
2.3,8.7025,97.25,0.0,25.82023859024048
2.4,8.54375,97.21666666666667,0.0,34.231972217559814
2.5,8.183833333333334,97.78333333333333,0.0,42.56550478935242
2.6,8.505666666666666,97.33333333333334,0.0,50.730390310287476
2.7,8.400916666666667,97.21666666666667,0.0,58.8398802280426
2.8,8.30575,97.15,0.0,66.87903022766113
2.9,8.085166666666666,97.46666666666667,0.0,74.83497166633606
3.0,8.097916666666666,97.28333333333333,0.0,82.68711256980896
3.1,7.3620833333333335,98.05,0.0,7.7509238719940186
3.2,7.793833333333334,97.35000000000001,0.0,15.484259843826294
3.3,7.655833333333334,97.51666666666667,0.0,23.18884801864624
3.4,7.477166666666666,97.86666666666667,0.0,30.833321809768677
3.5,7.42025,97.65,0.0,38.40800642967224
3.6,7.28475,97.89999999999999,0.0,45.97063684463501
3.7,7.565166666666666,97.3,0.0,53.48189187049866
3.8,6.8734166666666665,98.25,0.0,60.85469365119934
3.9,7.139333333333333,97.65,0.0,68.16278004646301
4.0,7.13025,97.76666666666667,0.0,75.44925212860107
4.1,6.818083333333333,97.95,0.0,7.233331918716431
4.2,6.69675,98.25,0.0,14.407524347305298
4.3,6.681333333333333,97.85000000000001,0.0,21.547334671020508
4.4,6.975333333333333,97.83333333333334,0.0,28.688520908355713
4.5,6.688583333333334,98.21666666666667,0.0,35.851233959198
4.6,6.7179166666666665,97.98333333333333,0.0,42.91672730445862
4.7,6.5343333333333335,98.13333333333333,0.0,49.96904635429382
4.8,6.649416666666666,98.01666666666667,0.0,56.937631368637085
4.9,6.449666666666666,98.28333333333333,0.0,63.89536809921265
5.0,6.588166666666667,98.18333333333334,0.0,70.81135296821594
5.1,5.954166666666667,98.48333333333333,0.0,6.865545749664307
5.2,6.268083333333333,98.16666666666667,0.0,13.739789247512817
5.3,6.293416666666666,98.21666666666667,0.0,20.56809639930725
5.4,6.139666666666667,98.16666666666667,0.0,27.34777045249939
5.5,6.0575833333333335,98.41666666666666,0.0,34.11718010902405
5.6,6.037833333333333,98.33333333333333,0.0,40.85966467857361
5.7,6.315833333333333,98.21666666666667,0.0,47.55206346511841
5.8,6.248083333333334,98.28333333333333,0.0,54.25674247741699
5.9,6.116583333333334,98.3,0.0,60.902350187301636
6.0,6.125333333333334,98.36666666666667,0.0,67.492027759552
6.1,5.51225,98.58333333333333,0.0,6.5738489627838135
6.2,5.92125,98.23333333333333,0.0,13.150449752807617
6.3,5.869666666666666,98.4,0.0,19.76934504508972
6.4,5.61875,98.65,0.0,26.313408136367798
6.5,5.67575,98.51666666666667,0.0,32.864962339401245
6.6,5.652166666666667,98.53333333333333,0.0,39.382845401763916
6.7,5.5713333333333335,98.6,0.0,45.86933493614197
6.8,5.4271666666666665,98.76666666666667,0.0,52.330506324768066
6.9,5.714333333333333,98.36666666666667,0.0,58.77438759803772
7.0,5.872333333333334,98.31666666666666,0.0,65.18037509918213
7.1,5.415333333333334,98.86666666666667,0.0,6.404691219329834
7.2,5.267833333333333,98.73333333333333,0.0,12.787245273590088
7.3,5.30925,98.48333333333333,0.0,19.128661394119263
7.4,5.3765,98.56666666666666,0.0,25.449349403381348
7.5,5.224333333333333,98.76666666666667,0.0,31.712888956069946
7.6,5.166666666666667,98.68333333333334,0.0,38.02051496505737
7.7,5.252916666666667,98.73333333333333,0.0,44.31526279449463
7.8,5.335833333333333,98.78333333333333,0.0,50.678709268569946
7.9,5.439916666666667,98.58333333333333,0.0,56.94983220100403
8.0,5.48275,98.56666666666666,0.0,63.20038390159607
8.1,5.170083333333333,98.61666666666666,0.0,6.219022035598755
8.2,4.875916666666667,98.88333333333334,0.0,12.422696828842163
8.3,4.97975,98.83333333333333,0.0,18.67059063911438
8.4,5.247,98.75,0.0,24.867652893066406
8.5,4.91775,98.95,0.0,31.060515642166138
8.6,5.113416666666667,98.83333333333333,0.0,37.22636437416077
8.7,5.05975,98.81666666666666,0.0,43.39793634414673
8.8,5.008416666666666,98.73333333333333,0.0,49.53535223007202
8.9,5.1,98.61666666666666,0.0,55.71301031112671
9.0,5.0328333333333335,98.81666666666666,0.0,61.89009952545166
9.1,4.5720833333333335,99.25,0.0,6.1457459926605225
9.2,4.7515833333333335,98.73333333333333,0.0,12.304836988449097
9.3,4.656,98.9,0.0,18.456125020980835
9.4,4.8405,98.9,0.0,24.60245442390442
9.5,4.623833333333334,99.16666666666667,0.0,30.72235369682312
9.6,4.909916666666667,98.76666666666667,0.0,36.80147314071655
9.7,4.816333333333334,98.88333333333334,0.0,42.902607917785645
9.8,4.870416666666666,98.93333333333332,0.0,48.98211598396301
9.9,4.8555,98.71666666666667,0.0,55.07544255256653
10.0,4.9335,98.76666666666667,0.0,61.164310693740845
