Epochs,Loss,Accuracy (%),Silent labels (%),Time (s)
0.1,52.0145,67.76666666666667,6.5,16.850176572799683
0.2,26.3505,88.96666666666667,0.03333333333333333,34.50651240348816
0.3,21.126083333333334,91.16666666666666,0.016666666666666666,50.68909573554993
0.4,18.282916666666665,92.4,0.0,65.55792617797852
0.5,16.300083333333333,93.15,0.0,79.40396308898926
0.6,15.23575,94.43333333333334,0.0,92.51191258430481
0.7,14.445916666666667,94.41666666666667,0.0,105.00133228302002
0.8,12.897333333333334,95.55,0.0,116.92314839363098
0.9,12.74675,95.41666666666667,0.0,128.5099823474884
1.0,12.526083333333334,95.13333333333334,0.016666666666666666,139.69606733322144
1.1,11.34125,96.11666666666666,0.0,10.921829462051392
1.2,10.904666666666667,96.23333333333333,0.0,21.694420337677002
1.3,11.164583333333333,95.53333333333333,0.0,32.14848780632019
1.4,10.763916666666667,96.38333333333333,0.0,42.36113500595093
1.5,10.362583333333333,96.46666666666667,0.0,52.38548398017883
1.6,10.30525,96.21666666666667,0.0,62.1572847366333
1.7,9.796916666666666,97.0,0.0,71.84436583518982
1.8,9.416166666666667,97.16666666666667,0.0,81.30536389350891
1.9,9.650416666666667,96.71666666666667,0.016666666666666666,90.59856271743774
2.0,9.440583333333333,96.83333333333334,0.0,99.69778108596802
2.1,8.847583333333333,97.05,0.0,8.881813526153564
2.2,8.5885,97.31666666666666,0.0,17.716755628585815
2.3,8.706833333333334,97.23333333333333,0.0,26.324644088745117
2.4,8.547833333333333,97.15,0.0,34.8727023601532
2.5,8.183166666666667,97.71666666666667,0.0,43.40756630897522
2.6,8.451083333333333,97.31666666666666,0.0,51.76810598373413
2.7,8.442333333333334,97.23333333333333,0.0,60.102962255477905
2.8,8.2615,97.45,0.0,68.27758693695068
2.9,8.068,97.61666666666666,0.0,76.34430837631226
3.0,8.119416666666666,97.25,0.0,84.26619362831116
3.1,7.35425,98.08333333333333,0.0,7.8755364418029785
3.2,7.818416666666667,97.36666666666667,0.0,15.777328491210938
3.3,7.652583333333333,97.51666666666667,0.0,23.62009334564209
3.4,7.422,98.11666666666666,0.0,31.38080334663391
3.5,7.491833333333333,97.56666666666666,0.0,39.10230278968811
3.6,7.258666666666667,98.03333333333333,0.0,46.75441336631775
3.7,7.47625,97.39999999999999,0.0,54.37853765487671
3.8,6.798333333333333,98.41666666666666,0.0,61.89946007728577
3.9,7.106916666666667,97.63333333333334,0.0,69.35560274124146
4.0,7.102083333333334,97.81666666666666,0.0,76.80042457580566
4.1,6.755916666666667,98.06666666666666,0.0,7.411526203155518
4.2,6.659916666666667,98.23333333333333,0.0,14.782238483428955
4.3,6.65125,97.91666666666666,0.0,22.080037355422974
4.4,6.86375,97.96666666666667,0.0,29.32300877571106
4.5,6.637166666666666,98.31666666666666,0.0,36.528549909591675
4.6,6.695,97.91666666666666,0.0,43.74904990196228
4.7,6.517333333333333,98.05,0.0,50.91869401931763
4.8,6.6185,98.06666666666666,0.0,58.08399152755737
4.9,6.281416666666667,98.38333333333334,0.0,65.15933227539062
5.0,6.511666666666667,98.23333333333333,0.0,72.19294309616089
5.1,5.909833333333333,98.5,0.0,6.9862425327301025
5.2,6.219416666666667,98.2,0.0,13.963747024536133
5.3,6.26075,98.26666666666667,0.0,20.893049240112305
5.4,6.1265,98.13333333333333,0.0,27.846930265426636
5.5,6.04225,98.45,0.0,34.733654499053955
5.6,6.012333333333333,98.3,0.0,41.61524701118469
5.7,6.305416666666667,98.06666666666666,0.0,48.440303564071655
5.8,6.224333333333333,98.21666666666667,0.0,55.28018140792847
5.9,6.018166666666667,98.43333333333332,0.0,62.093926191329956
6.0,6.023666666666666,98.48333333333333,0.0,68.87364768981934
6.1,5.480833333333333,98.56666666666666,0.0,6.79347825050354
6.2,5.8678333333333335,98.3,0.0,13.56160020828247
6.3,5.91675,98.45,0.0,20.350773096084595
6.4,5.609916666666667,98.66666666666667,0.0,27.06731152534485
6.5,5.69825,98.56666666666666,0.0,33.700451612472534
6.6,5.64225,98.61666666666666,0.0,40.335278034210205
6.7,5.53625,98.58333333333333,0.0,46.933658838272095
6.8,5.450916666666667,98.78333333333333,0.0,53.471787214279175
6.9,5.704166666666667,98.38333333333334,0.0,60.02796173095703
7.0,5.873666666666667,98.28333333333333,0.0,66.57162046432495
7.1,5.459083333333333,98.83333333333333,0.0,6.538107633590698
7.2,5.266166666666667,98.65,0.0,13.087373733520508
7.3,5.320416666666667,98.55000000000001,0.0,19.602457523345947
7.4,5.398666666666666,98.7,0.0,26.10451865196228
7.5,5.22375,98.8,0.0,32.59757041931152
7.6,5.11525,98.71666666666667,0.0,39.100099325180054
7.7,5.251166666666666,98.73333333333333,0.0,45.598819971084595
7.8,5.360166666666666,98.63333333333333,0.0,52.08474016189575
7.9,5.38075,98.5,0.0,58.51106882095337
8.0,5.463583333333333,98.7,0.0,64.95129132270813
8.1,5.156083333333333,98.71666666666667,0.0,6.4141974449157715
8.2,4.877,98.81666666666666,0.0,12.768113613128662
8.3,4.9271666666666665,98.9,0.0,19.15325951576233
8.4,5.2215,98.81666666666666,0.0,25.496530055999756
8.5,4.944833333333333,98.98333333333333,0.0,31.849215745925903
8.6,5.014166666666667,98.91666666666666,0.0,38.23140072822571
8.7,5.045916666666667,98.98333333333333,0.0,44.61241316795349
8.8,5.01775,98.8,0.0,50.96203351020813
8.9,5.106333333333334,98.7,0.0,57.28104114532471
9.0,5.01675,98.88333333333334,0.0,63.56413221359253
9.1,4.568666666666667,99.2,0.0,6.276546239852905
9.2,4.691666666666666,98.86666666666667,0.0,12.541111469268799
9.3,4.629083333333333,98.98333333333333,0.0,18.798330783843994
9.4,4.822,98.96666666666667,0.0,25.010109901428223
9.5,4.673583333333333,99.23333333333333,0.0,31.232105016708374
9.6,4.900416666666667,98.83333333333333,0.0,37.430397272109985
9.7,4.80825,98.98333333333333,0.0,43.649725675582886
9.8,4.85975,98.93333333333332,0.0,49.839956283569336
9.9,4.895083333333333,98.8,0.0,56.02134871482849
10.0,5.024416666666666,98.76666666666667,0.0,62.19505071640015
