Epochs,Loss,Accuracy (%),Silent labels (%),Time (s)
0.1,51.82458333333334,67.91666666666667,6.133333333333333,17.218425750732422
0.2,27.069583333333334,88.85,0.05,35.360576152801514
0.3,24.019833333333334,90.05,0.016666666666666666,52.297688007354736
0.4,23.496666666666666,90.78333333333333,0.0,68.28011274337769
0.5,24.432,89.96666666666667,0.0,83.39882111549377
0.6,25.256833333333333,90.28333333333333,0.0,97.99261164665222
0.7,26.903916666666667,88.11666666666666,0.016666666666666666,112.18177962303162
0.8,27.19425,87.75,0.0,125.8546211719513
0.9,28.66283333333333,86.68333333333334,0.0,139.03023433685303
1.0,30.53325,84.39999999999999,0.03333333333333333,151.91288995742798
1.1,31.0065,83.89999999999999,0.0,12.562613010406494
1.2,32.0425,82.45,0.0,25.016502141952515
1.3,33.221333333333334,80.9,0.0,37.05991792678833
1.4,33.49941666666667,80.23333333333333,0.0,48.958041191101074
1.5,34.46991666666667,79.21666666666667,0.0,60.781310081481934
1.6,35.637166666666666,77.93333333333334,0.016666666666666666,72.41993045806885
1.7,35.72083333333333,77.4,0.0,83.87086725234985
1.8,36.47708333333333,76.66666666666667,0.0,95.12126326560974
1.9,37.1655,75.38333333333334,0.016666666666666666,106.32445049285889
2.0,37.42816666666667,74.53333333333333,0.016666666666666666,117.40780830383301
2.1,37.75641666666667,73.73333333333333,0.016666666666666666,10.88743543624878
2.2,38.641083333333334,72.55,0.0,21.672151565551758
2.3,39.45066666666666,72.2,0.0,32.36443758010864
2.4,40.222166666666666,70.73333333333333,0.0,42.93624544143677
2.5,39.422916666666666,71.16666666666667,0.0,53.38030695915222
2.6,40.13825,69.45,0.0,64.20105838775635
2.7,40.977666666666664,68.68333333333332,0.016666666666666666,74.47905588150024
2.8,41.33208333333334,68.95,0.0,84.65666604042053
2.9,41.63325,68.95,0.0,94.64471364021301
3.0,41.84283333333333,67.9,0.0,104.62174725532532
3.1,42.52316666666667,66.83333333333333,0.0,9.884573698043823
3.2,42.55883333333333,66.43333333333334,0.0,19.734344959259033
3.3,42.382416666666664,66.60000000000001,0.0,29.555415391921997
3.4,43.58991666666667,64.96666666666667,0.0,39.36761426925659
3.5,43.751083333333334,64.31666666666666,0.0,49.06419324874878
3.6,43.3535,64.64999999999999,0.0,58.65881586074829
3.7,43.35725,64.61666666666666,0.0,68.17950534820557
3.8,44.33866666666667,63.18333333333334,0.0,77.6048800945282
3.9,45.15425,61.68333333333334,0.0,86.93719410896301
4.0,44.560916666666664,61.7,0.0,96.17997431755066
4.1,45.28508333333333,61.25000000000001,0.0,9.218010187149048
4.2,45.1695,61.36666666666667,0.0,18.423578023910522
4.3,45.439083333333336,59.9,0.0,27.53866410255432
4.4,45.44725,60.333333333333336,0.0,36.65090274810791
4.5,46.020833333333336,60.25,0.0,45.727230072021484
4.6,45.88766666666667,59.483333333333334,0.0,54.794135332107544
4.7,45.72425,59.63333333333334,0.0,63.7710497379303
4.8,46.30825,58.53333333333334,0.0,72.72905945777893
4.9,47.91591666666667,56.95,0.0,81.65688753128052
5.0,46.998,58.01666666666667,0.0,90.53662180900574
5.1,47.66858333333333,56.85,0.0,8.876599073410034
5.2,47.11333333333334,57.333333333333336,0.0,17.754459857940674
5.3,47.173833333333334,56.95,0.0,26.691248416900635
5.4,47.72225,56.666666666666664,0.0,35.55134963989258
5.5,47.72833333333333,56.18333333333333,0.016666666666666666,44.411510705947876
5.6,47.98408333333333,56.233333333333334,0.0,53.176180839538574
5.7,47.98525,55.1,0.0,62.00733685493469
5.8,48.030833333333334,55.55,0.0,70.6742947101593
5.9,48.60733333333334,54.61666666666667,0.0,79.30326890945435
6.0,47.85075,55.63333333333333,0.0,87.9220221042633
6.1,48.99225,53.75,0.0,8.557992935180664
6.2,48.742333333333335,54.28333333333333,0.0,17.097928285598755
6.3,47.973083333333335,54.75,0.0,25.600899696350098
6.4,48.77583333333333,53.349999999999994,0.0,34.111358642578125
6.5,49.36383333333333,52.96666666666666,0.0,42.57239103317261
6.6,48.07991666666667,54.883333333333326,0.016666666666666666,50.98626399040222
6.7,49.675583333333336,52.96666666666666,0.0,59.402379512786865
6.8,49.5335,53.0,0.0,67.72929811477661
6.9,49.37116666666667,53.400000000000006,0.0,76.16127443313599
7.0,49.846,53.349999999999994,0.016666666666666666,84.53224849700928
7.1,48.79741666666666,53.63333333333333,0.016666666666666666,8.285844326019287
7.2,49.76125,51.74999999999999,0.0,16.648067951202393
7.3,50.25966666666667,51.61666666666667,0.0,24.986275911331177
7.4,49.68983333333333,52.13333333333333,0.0,33.23934197425842
7.5,49.68966666666667,52.61666666666667,0.0,41.47204613685608
7.6,49.60991666666666,52.25,0.0,49.669057846069336
7.7,49.19841666666667,52.6,0.0,57.941396713256836
7.8,49.28841666666667,52.2,0.0,66.16271924972534
7.9,49.12125,53.36666666666666,0.0,74.42598247528076
8.0,48.95875,52.21666666666667,0.0,82.65242600440979
8.1,48.75033333333333,53.516666666666666,0.016666666666666666,8.15718960762024
8.2,48.75625,53.75,0.0,16.37801718711853
8.3,48.268166666666666,54.43333333333334,0.0,24.450035095214844
8.4,47.608,55.46666666666666,0.0,32.547816038131714
8.5,47.89041666666667,54.6,0.0,40.58711791038513
8.6,48.23858333333333,55.36666666666667,0.0,48.59257364273071
8.7,47.195,56.08333333333333,0.0,56.63253378868103
8.8,46.42425,56.01666666666667,0.016666666666666666,64.65170431137085
8.9,46.42308333333333,56.53333333333334,0.0,72.64554738998413
9.0,46.67541666666666,56.03333333333333,0.0,80.71362829208374
9.1,46.41908333333333,55.81666666666667,0.0,8.034966230392456
9.2,46.2495,55.400000000000006,0.0,15.99500584602356
9.3,45.567083333333336,56.616666666666674,0.0,23.90325164794922
9.4,46.0035,56.93333333333334,0.0,31.859633445739746
9.5,45.7875,56.733333333333334,0.0,39.768553018569946
9.6,45.64608333333333,56.46666666666667,0.0,47.66577863693237
9.7,44.77225,58.15,0.0,55.51030087471008
9.8,44.86816666666667,57.93333333333334,0.0,63.2495653629303
9.9,44.0675,58.18333333333333,0.0,71.00166606903076
10.0,45.072583333333334,57.78333333333333,0.016666666666666666,78.8475661277771
