Epochs,Loss,Accuracy (%),Silent labels (%),Time (s)
0.1,51.58383333333333,68.01666666666667,6.133333333333333,16.839131116867065
0.2,26.102916666666665,89.0,0.05,34.527743101119995
0.3,20.91358333333333,91.25,0.0,50.70304870605469
0.4,18.25925,92.35,0.0,65.83591604232788
0.5,16.340166666666665,93.2,0.0,79.78938794136047
0.6,15.164583333333333,94.25,0.0,93.03042125701904
0.7,14.4505,94.13333333333334,0.0,105.44515442848206
0.8,12.909416666666667,95.41666666666667,0.0,117.22372770309448
0.9,12.692916666666667,95.46666666666667,0.0,128.68204379081726
1.0,12.520583333333333,95.06666666666666,0.016666666666666666,139.77729964256287
1.1,11.278333333333334,96.11666666666666,0.0,10.70032000541687
1.2,10.889166666666666,96.26666666666667,0.0,21.19619870185852
1.3,11.129166666666666,95.63333333333334,0.0,31.34260320663452
1.4,10.761583333333334,96.46666666666667,0.0,41.27954459190369
1.5,10.400416666666667,96.51666666666667,0.0,50.952792167663574
1.6,10.338833333333334,96.08333333333333,0.0,60.45068979263306
1.7,9.832833333333333,96.91666666666666,0.0,69.74100708961487
1.8,9.441833333333333,97.16666666666667,0.0,78.78794312477112
1.9,9.633916666666666,96.8,0.016666666666666666,87.7568941116333
2.0,9.40375,96.81666666666666,0.0,96.60812091827393
2.1,8.845166666666668,97.11666666666666,0.0,8.687872648239136
2.2,8.524333333333333,97.36666666666667,0.0,17.30523419380188
2.3,8.732916666666666,97.3,0.0,25.8292396068573
2.4,8.530666666666667,97.3,0.0,34.25290608406067
2.5,8.1665,97.71666666666667,0.0,42.579651832580566
2.6,8.468166666666667,97.35000000000001,0.0,50.76101851463318
2.7,8.334916666666667,97.31666666666666,0.0,58.84032416343689
2.8,8.23175,97.41666666666666,0.0,66.89222049713135
2.9,8.086833333333333,97.43333333333334,0.0,74.84629249572754
3.0,8.032666666666668,97.3,0.0,82.69001173973083
3.1,7.362916666666667,97.96666666666667,0.0,7.778841733932495
3.2,7.835166666666667,97.39999999999999,0.0,15.52467679977417
3.3,7.571416666666667,97.46666666666667,0.0,23.22605538368225
3.4,7.4205,97.95,0.0,30.842071771621704
3.5,7.451083333333333,97.63333333333334,0.0,38.40119695663452
3.6,7.19625,98.01666666666667,0.0,45.89332890510559
3.7,7.46125,97.41666666666666,0.0,53.35235953330994
3.8,6.795,98.38333333333334,0.0,60.72264385223389
3.9,7.113083333333333,97.6,0.0,68.03839182853699
4.0,7.0400833333333335,97.68333333333334,0.0,75.32060599327087
4.1,6.752,98.13333333333333,0.0,7.252307891845703
4.2,6.654583333333333,98.16666666666667,0.0,14.470736026763916
4.3,6.6241666666666665,97.98333333333333,0.0,21.63743019104004
4.4,6.877916666666667,97.78333333333333,0.0,28.754995822906494
4.5,6.589083333333333,98.33333333333333,0.0,35.85909175872803
4.6,6.62725,97.95,0.0,42.92558479309082
4.7,6.480583333333334,98.06666666666666,0.0,49.96174383163452
4.8,6.57325,98.01666666666667,0.0,56.952260971069336
4.9,6.357833333333334,98.28333333333333,0.0,63.954166889190674
5.0,6.522666666666667,98.11666666666666,0.0,70.88799905776978
5.1,5.911833333333333,98.53333333333333,0.0,6.909694671630859
5.2,6.20725,98.25,0.0,13.830654621124268
5.3,6.219,98.26666666666667,0.0,20.68981170654297
5.4,6.057666666666667,98.08333333333333,0.0,27.533370971679688
5.5,5.933916666666667,98.48333333333333,0.0,34.414289474487305
5.6,5.92625,98.3,0.0,41.21354675292969
5.7,6.244916666666667,98.1,0.0,47.98614716529846
5.8,6.160333333333333,98.23333333333333,0.0,54.72835946083069
5.9,5.989583333333333,98.45,0.0,61.47680187225342
6.0,6.00875,98.4,0.0,68.19194912910461
6.1,5.434333333333333,98.56666666666666,0.0,6.713793992996216
6.2,5.802583333333334,98.28333333333333,0.016666666666666666,13.425740957260132
6.3,5.8045,98.43333333333332,0.0,20.150558948516846
6.4,5.580166666666667,98.66666666666667,0.0,26.791496992111206
6.5,5.649166666666667,98.45,0.0,33.40112805366516
6.6,5.604166666666667,98.65,0.0,39.967363595962524
6.7,5.48625,98.63333333333333,0.0,46.5379958152771
6.8,5.398166666666667,98.81666666666666,0.0,53.069119930267334
6.9,5.6546666666666665,98.4,0.0,59.590518951416016
7.0,5.8605,98.41666666666666,0.0,66.11359858512878
7.1,5.4455,98.86666666666667,0.0,6.519669771194458
7.2,5.256583333333333,98.68333333333334,0.0,13.015042543411255
7.3,5.245833333333334,98.53333333333333,0.0,19.454195976257324
7.4,5.338,98.75,0.0,25.89699411392212
7.5,5.164583333333334,98.8,0.0,32.317137241363525
7.6,5.1195,98.7,0.0,38.71461462974548
7.7,5.214583333333334,98.8,0.0,45.104684591293335
7.8,5.316333333333334,98.66666666666667,0.0,51.46906018257141
7.9,5.35625,98.65,0.0,57.794309854507446
8.0,5.425916666666667,98.61666666666666,0.0,64.16161441802979
8.1,5.11175,98.66666666666667,0.0,6.293372631072998
8.2,4.83575,98.86666666666667,0.0,12.599876880645752
8.3,4.88,98.83333333333333,0.0,18.914916276931763
8.4,5.1615,98.81666666666666,0.0,25.200714588165283
8.5,4.85675,98.98333333333333,0.0,31.479342222213745
8.6,5.0281666666666665,98.83333333333333,0.0,37.73581862449646
8.7,5.04275,98.95,0.0,44.0064754486084
8.8,4.997333333333334,98.76666666666667,0.0,50.26855182647705
8.9,5.146416666666667,98.58333333333333,0.0,56.56507325172424
9.0,4.954916666666667,98.91666666666666,0.0,62.80785298347473
9.1,4.519416666666666,99.13333333333333,0.0,6.20443058013916
9.2,4.68125,98.78333333333333,0.0,12.414960861206055
9.3,4.597416666666667,98.96666666666667,0.0,18.61389660835266
9.4,4.748,98.98333333333333,0.0,24.736475944519043
9.5,4.634083333333334,99.08333333333333,0.0,30.929863929748535
9.6,4.858333333333333,98.85000000000001,0.0,37.02636981010437
9.7,4.77025,98.96666666666667,0.0,43.13252663612366
9.8,4.731916666666667,98.9,0.0,49.25934815406799
9.9,4.864083333333333,98.91666666666666,0.0,55.384552240371704
10.0,4.95575,98.75,0.0,61.40700435638428
