Epochs,Loss,Accuracy (%),Silent labels (%),Time (s)
0.1,51.58116666666667,67.78333333333333,6.033333333333333,16.956319570541382
0.2,26.262666666666668,89.06666666666668,0.05,34.5685338973999
0.3,20.956666666666667,91.31666666666666,0.0,50.82532024383545
0.4,18.18575,92.45,0.0,65.95819568634033
0.5,16.3185,93.28333333333333,0.0,79.69719076156616
0.6,15.118,94.26666666666667,0.0,92.78801131248474
0.7,14.41625,94.38333333333333,0.0,105.27918720245361
0.8,12.96875,95.5,0.0,117.27028584480286
0.9,12.617583333333334,95.48333333333333,0.0,128.85577178001404
1.0,12.553,95.11666666666667,0.016666666666666666,140.0497851371765
1.1,11.321916666666667,95.89999999999999,0.0,10.823646783828735
1.2,10.91975,96.28333333333333,0.0,21.341829538345337
1.3,11.161416666666666,95.73333333333333,0.0,31.61012315750122
1.4,10.741666666666667,96.5,0.0,41.63500261306763
1.5,10.379416666666666,96.41666666666666,0.0,51.40268325805664
1.6,10.346333333333334,96.2,0.0,61.0993857383728
1.7,9.7845,97.13333333333334,0.0,70.53423190116882
1.8,9.468916666666667,97.06666666666666,0.0,79.7329843044281
1.9,9.662416666666667,96.73333333333333,0.016666666666666666,88.79706501960754
2.0,9.5005,96.76666666666667,0.016666666666666666,97.66302371025085
2.1,8.872166666666667,97.03333333333333,0.0,8.747899770736694
2.2,8.575416666666667,97.11666666666666,0.0,17.40885043144226
2.3,8.678083333333333,97.23333333333333,0.0,25.985801696777344
2.4,8.559,97.18333333333334,0.0,34.442471742630005
2.5,8.207666666666666,97.63333333333334,0.0,42.816110372543335
2.6,8.465,97.18333333333334,0.0,51.06107544898987
2.7,8.409333333333333,97.16666666666667,0.0,59.2299108505249
2.8,8.309083333333334,97.2,0.0,67.39093565940857
2.9,8.099416666666666,97.53333333333333,0.0,75.46216344833374
3.0,8.10875,97.38333333333333,0.0,83.39302206039429
3.1,7.383166666666667,98.03333333333333,0.0,7.8012800216674805
3.2,7.780583333333333,97.38333333333333,0.0,15.561630964279175
3.3,7.6835,97.45,0.0,23.287346124649048
3.4,7.420166666666667,97.91666666666666,0.0,30.946089029312134
3.5,7.47675,97.5,0.0,38.57906174659729
3.6,7.2705,98.1,0.0,46.169949769973755
3.7,7.4355,97.41666666666666,0.0,53.702324628829956
3.8,6.802083333333333,98.4,0.0,61.11980867385864
3.9,7.0873333333333335,97.51666666666667,0.0,68.46870255470276
4.0,7.083833333333334,97.7,0.0,75.82764959335327
4.1,6.767,97.91666666666666,0.0,7.320260286331177
4.2,6.7084166666666665,98.13333333333333,0.0,14.584117889404297
4.3,6.64225,97.89999999999999,0.0,21.800259590148926
4.4,6.938166666666667,97.89999999999999,0.0,29.021437644958496
4.5,6.585416666666666,98.2,0.0,36.19862174987793
4.6,6.632333333333333,97.93333333333332,0.0,43.352707624435425
4.7,6.496083333333333,98.05,0.0,50.46397399902344
4.8,6.57,98.03333333333333,0.0,57.54576849937439
4.9,6.37475,98.28333333333333,0.0,64.57004690170288
5.0,6.504833333333333,98.26666666666667,0.0,71.5583667755127
5.1,5.852833333333334,98.58333333333333,0.0,6.963198661804199
5.2,6.2175,98.15,0.0,13.92032265663147
5.3,6.254833333333333,98.16666666666667,0.0,20.865997552871704
5.4,6.1025833333333335,98.13333333333333,0.0,27.755807638168335
5.5,5.9816666666666665,98.61666666666666,0.0,34.64018154144287
5.6,5.964916666666666,98.23333333333333,0.0,41.58699178695679
5.7,6.235916666666666,98.13333333333333,0.0,48.436686992645264
5.8,6.140583333333334,98.21666666666667,0.0,55.25216627120972
5.9,6.001416666666667,98.46666666666667,0.0,62.03664803504944
6.0,5.996416666666667,98.3,0.0,68.77536273002625
6.1,5.455333333333333,98.46666666666667,0.0,6.707091808319092
6.2,5.842833333333333,98.3,0.0,13.4313805103302
6.3,5.872583333333333,98.4,0.0,20.125382900238037
6.4,5.633666666666667,98.6,0.0,26.842307329177856
6.5,5.660833333333334,98.6,0.0,33.490092277526855
6.6,5.678583333333333,98.66666666666667,0.0,40.20807385444641
6.7,5.51125,98.6,0.0,46.81146454811096
6.8,5.44025,98.83333333333333,0.0,53.38140892982483
6.9,5.685583333333334,98.4,0.0,59.95964312553406
7.0,5.843583333333333,98.38333333333334,0.0,66.49483227729797
7.1,5.425083333333333,98.8,0.0,6.506583213806152
7.2,5.27,98.7,0.0,13.028068542480469
7.3,5.2835833333333335,98.56666666666666,0.0,19.49162459373474
7.4,5.357,98.63333333333333,0.0,26.000486373901367
7.5,5.205333333333333,98.7,0.0,32.48766326904297
7.6,5.095583333333333,98.75,0.0,38.960811614990234
7.7,5.258416666666666,98.78333333333333,0.0,45.404296875
7.8,5.367166666666667,98.65,0.0,51.82762384414673
7.9,5.396583333333333,98.63333333333333,0.0,58.24942588806152
8.0,5.442166666666667,98.63333333333333,0.0,64.65141153335571
8.1,5.134333333333333,98.6,0.0,6.403188943862915
8.2,4.8385,98.91666666666666,0.0,12.766366958618164
8.3,4.9315,98.81666666666666,0.0,19.13583993911743
8.4,5.171,98.86666666666667,0.0,25.475988388061523
8.5,4.949583333333333,98.9,0.0,31.776919841766357
8.6,5.038916666666666,98.81666666666666,0.0,38.078391551971436
8.7,5.015083333333333,99.01666666666667,0.0,44.43633151054382
8.8,5.014333333333333,98.81666666666666,0.0,50.71304774284363
8.9,5.107,98.61666666666666,0.0,56.97815990447998
9.0,4.981833333333333,98.86666666666667,0.0,63.254730463027954
9.1,4.50225,99.06666666666666,0.0,6.256023406982422
9.2,4.666083333333333,98.81666666666666,0.0,12.481685638427734
9.3,4.622166666666667,99.11666666666666,0.0,18.732167720794678
9.4,4.801333333333333,98.88333333333334,0.0,24.967979192733765
9.5,4.6466666666666665,99.18333333333334,0.0,31.226502418518066
9.6,4.866333333333333,98.76666666666667,0.0,37.4551842212677
9.7,4.798416666666666,98.96666666666667,0.0,43.67684483528137
9.8,4.838666666666667,98.86666666666667,0.0,49.893208265304565
9.9,4.8835,98.83333333333333,0.0,56.11457586288452
10.0,5.014833333333334,98.71666666666667,0.0,62.296281576156616
