Epochs,Loss,Accuracy (%),Silent labels (%),Time (s)
0.1,50.903333333333336,69.0,5.833333333333333,16.759276628494263
0.2,25.890583333333332,89.2,0.05,33.96403765678406
0.3,20.615916666666667,91.51666666666667,0.0,49.63861274719238
0.4,17.952333333333332,92.45,0.0,64.26427054405212
0.5,16.167666666666666,93.25,0.0,77.7316026687622
0.6,15.089583333333334,94.48333333333333,0.0,90.51665472984314
0.7,14.257916666666667,94.56666666666666,0.0,102.65081596374512
0.8,12.881833333333333,95.5,0.0,114.21864748001099
0.9,12.6305,95.48333333333333,0.016666666666666666,125.46889591217041
1.0,12.392416666666668,95.11666666666667,0.0,136.33551692962646
1.1,11.2625,95.96666666666667,0.0,10.570729494094849
1.2,10.890916666666667,96.28333333333333,0.0,20.931628942489624
1.3,11.15575,95.53333333333333,0.0,30.91611361503601
1.4,10.7115,96.46666666666667,0.0,40.74864339828491
1.5,10.329583333333334,96.5,0.0,50.35612082481384
1.6,10.322,96.26666666666667,0.0,59.790586709976196
1.7,9.8175,97.01666666666667,0.0,68.97607684135437
1.8,9.463166666666666,97.03333333333333,0.0,77.95763301849365
1.9,9.632833333333334,96.68333333333334,0.0,86.80905938148499
2.0,9.445416666666667,96.76666666666667,0.016666666666666666,95.51828646659851
2.1,8.876666666666667,97.05,0.0,8.496280670166016
2.2,8.502,97.28333333333333,0.0,16.970834493637085
2.3,8.688916666666668,97.35000000000001,0.0,25.303383827209473
2.4,8.55375,97.25,0.0,33.558804512023926
2.5,8.213,97.66666666666667,0.0,41.7262179851532
2.6,8.439333333333334,97.2,0.0,49.811352252960205
2.7,8.411916666666666,97.2,0.016666666666666666,57.7702431678772
2.8,8.303166666666666,97.25,0.016666666666666666,65.65213990211487
2.9,8.0155,97.55,0.0,73.48523235321045
3.0,8.044833333333333,97.36666666666667,0.0,81.28326678276062
3.1,7.349333333333333,97.91666666666666,0.0,7.677580833435059
3.2,7.79725,97.43333333333334,0.0,15.301755905151367
3.3,7.641916666666667,97.5,0.0,22.890646934509277
3.4,7.494,98.0,0.0,30.364917516708374
3.5,7.438583333333334,97.58333333333333,0.0,37.8283109664917
3.6,7.2265,98.03333333333333,0.0,45.207067251205444
3.7,7.478166666666667,97.39999999999999,0.0,52.61707592010498
3.8,6.78975,98.41666666666666,0.0,59.90997242927551
3.9,7.115166666666667,97.61666666666666,0.0,67.14207100868225
4.0,7.0785,97.71666666666667,0.0,74.33741521835327
4.1,6.80375,97.96666666666667,0.0,7.1393187046051025
4.2,6.66625,98.18333333333334,0.0,14.279016256332397
4.3,6.61575,98.05,0.0,21.31732702255249
4.4,6.894083333333334,97.8,0.0,28.362886905670166
4.5,6.537166666666667,98.26666666666667,0.0,35.37255334854126
4.6,6.655916666666666,98.0,0.0,42.32116937637329
4.7,6.465833333333333,97.91666666666666,0.0,49.203670501708984
4.8,6.57225,98.11666666666666,0.0,56.00019574165344
4.9,6.302333333333333,98.43333333333332,0.0,62.77365279197693
5.0,6.4465,98.2,0.0,69.47872734069824
5.1,5.837666666666666,98.38333333333334,0.0,6.6715216636657715
5.2,6.0965,98.2,0.0,13.331982851028442
5.3,6.12225,98.18333333333334,0.0,19.958792686462402
5.4,5.981333333333334,98.13333333333333,0.0,26.47612476348877
5.5,5.852166666666666,98.43333333333332,0.0,32.99116897583008
5.6,5.87775,98.1,0.016666666666666666,39.444578886032104
5.7,6.1345,98.08333333333333,0.0,45.86997389793396
5.8,6.06225,98.25,0.0,52.27031493186951
5.9,5.8815,98.45,0.0,58.64372801780701
6.0,5.9505,98.41666666666666,0.0,64.98773717880249
6.1,5.515583333333334,98.61666666666666,0.0,6.291446924209595
6.2,5.807083333333333,98.18333333333334,0.0,12.638439655303955
6.3,5.843166666666667,98.35000000000001,0.0,18.979113340377808
6.4,5.718333333333334,98.68333333333334,0.0,25.286070346832275
6.5,5.814916666666667,98.61666666666666,0.0,31.592448949813843
6.6,5.88325,98.68333333333334,0.0,38.04555678367615
6.7,6.028333333333333,98.6,0.016666666666666666,44.474645376205444
6.8,6.1155,98.76666666666667,0.0,50.9086434841156
6.9,6.539,98.45,0.0,57.372403144836426
7.0,6.954416666666667,98.35000000000001,0.0,63.99854254722595
7.1,6.9904166666666665,98.83333333333333,0.03333333333333333,6.624701261520386
7.2,7.19175,98.66666666666667,0.06666666666666667,13.265805006027222
7.3,8.100666666666667,98.53333333333333,0.03333333333333333,19.897982120513916
7.4,8.718333333333334,98.58333333333333,0.05,26.507240772247314
7.5,9.18825,98.75,0.016666666666666666,33.16699934005737
7.6,9.509416666666667,98.8,0.0,39.87257719039917
7.7,10.407,98.71666666666667,0.08333333333333334,46.6320116519928
7.8,10.865916666666667,98.7,0.03333333333333333,53.32282996177673
7.9,11.487666666666666,98.61666666666666,0.016666666666666666,59.95608639717102
8.0,12.1105,98.55000000000001,0.05,66.6586344242096
8.1,12.625583333333333,98.61666666666666,0.05,6.668626308441162
8.2,12.57275,98.81666666666666,0.0,13.35241436958313
8.3,13.8185,98.91666666666666,0.03333333333333333,20.06813955307007
8.4,14.259833333333333,98.76666666666667,0.08333333333333334,26.729000329971313
8.5,14.627333333333333,99.08333333333333,0.016666666666666666,33.36858654022217
8.6,14.601833333333333,98.73333333333333,0.0,40.02368879318237
8.7,14.731833333333332,98.93333333333332,0.03333333333333333,46.682268142700195
8.8,14.444083333333333,98.66666666666667,0.0,53.230045557022095
8.9,13.8535,98.7,0.0,59.66481637954712
9.0,12.203416666666667,98.91666666666666,0.0,65.9447877407074
9.1,10.96525,99.11666666666666,0.0,6.164579391479492
9.2,10.551583333333333,98.86666666666667,0.016666666666666666,12.259494066238403
9.3,9.468166666666667,99.0,0.016666666666666666,18.315419912338257
9.4,8.454583333333334,99.13333333333333,0.0,24.329466581344604
9.5,7.660083333333334,99.13333333333333,0.0,30.282960414886475
9.6,7.66375,98.75,0.0,36.19608521461487
9.7,7.244,99.01666666666667,0.0,42.06579828262329
9.8,7.14725,98.96666666666667,0.0,47.918241024017334
9.9,7.1578333333333335,98.65,0.0,53.728580474853516
10.0,7.04475,98.75,0.0,59.55636811256409
