Epochs,Loss,Accuracy (%),Silent labels (%),Time (s)
0.1,50.99041666666667,68.86666666666666,6.083333333333334,16.729395866394043
0.2,25.780583333333333,89.3,0.05,34.11505937576294
0.3,20.60625,91.46666666666667,0.0,50.17597699165344
0.4,18.071833333333334,92.60000000000001,0.0,65.03830075263977
0.5,16.149916666666666,93.35,0.0,78.89900946617126
0.6,15.112666666666666,94.39999999999999,0.0,92.03685665130615
0.7,14.30525,94.53333333333333,0.0,104.46824288368225
0.8,12.89675,95.55,0.0,116.2294340133667
0.9,12.64375,95.48333333333333,0.0,127.47462058067322
1.0,12.483583333333334,95.1,0.016666666666666666,138.330096244812
1.1,11.283583333333333,95.91666666666666,0.0,10.557436227798462
1.2,10.888666666666667,96.48333333333333,0.0,20.937825918197632
1.3,11.112916666666667,95.63333333333334,0.0,31.054070234298706
1.4,10.759416666666667,96.48333333333333,0.0,41.086323261260986
1.5,10.420083333333332,96.43333333333334,0.0,50.794798374176025
1.6,10.335583333333334,96.3,0.0,60.37071776390076
1.7,9.797166666666667,97.08333333333333,0.0,69.79408526420593
1.8,9.414916666666667,97.03333333333333,0.0,79.01958084106445
1.9,9.615916666666667,96.6,0.016666666666666666,88.10962653160095
2.0,9.444333333333333,96.83333333333334,0.016666666666666666,96.9888014793396
2.1,8.887,97.15,0.0,8.789214372634888
2.2,8.556083333333333,97.39999999999999,0.0,17.40861415863037
2.3,8.699583333333333,97.23333333333333,0.0,25.900145292282104
2.4,8.616416666666666,97.1,0.0,34.36585831642151
2.5,8.23425,97.71666666666667,0.0,42.75329804420471
2.6,8.42575,97.18333333333334,0.0,50.9959762096405
2.7,8.383916666666666,97.25,0.0,59.1352436542511
2.8,8.2815,97.38333333333333,0.0,67.21511220932007
2.9,8.0935,97.43333333333334,0.0,75.19516229629517
3.0,8.154666666666667,97.35000000000001,0.016666666666666666,83.17469429969788
3.1,7.38075,98.05,0.0,7.840986728668213
3.2,7.84625,97.35000000000001,0.0,15.606125116348267
3.3,7.634916666666666,97.6,0.0,23.34469771385193
3.4,7.405333333333333,98.0,0.0,31.021132469177246
3.5,7.462666666666666,97.71666666666667,0.0,38.58112692832947
3.6,7.329416666666667,98.08333333333333,0.0,46.075316190719604
3.7,7.49525,97.45,0.0,53.59277081489563
3.8,6.801416666666666,98.46666666666667,0.0,61.00841522216797
3.9,7.164833333333333,97.63333333333334,0.016666666666666666,68.31170630455017
4.0,7.080166666666667,97.76666666666667,0.0,75.60424733161926
4.1,6.7655,97.93333333333332,0.0,7.230995416641235
4.2,6.6745833333333335,98.13333333333333,0.0,14.45314335823059
4.3,6.619166666666667,97.98333333333333,0.0,21.62369394302368
4.4,6.891416666666666,97.91666666666666,0.0,28.74786925315857
4.5,6.608333333333333,98.33333333333333,0.0,35.872384548187256
4.6,6.660583333333333,97.95,0.0,42.914743423461914
4.7,6.487,98.13333333333333,0.0,49.954041957855225
4.8,6.603166666666667,98.08333333333333,0.0,56.98069429397583
4.9,6.3755,98.41666666666666,0.0,63.92417287826538
5.0,6.519583333333333,98.2,0.0,70.79345917701721
5.1,5.88425,98.55000000000001,0.0,6.829391002655029
5.2,6.148166666666667,98.23333333333333,0.0,13.61887264251709
5.3,6.165166666666667,98.3,0.0,20.405982732772827
5.4,6.01525,98.16666666666667,0.0,27.1513569355011
5.5,5.902916666666667,98.58333333333333,0.0,33.86419701576233
5.6,5.8974166666666665,98.35000000000001,0.0,40.508533239364624
5.7,6.232583333333333,98.13333333333333,0.0,47.105300188064575
5.8,6.1306666666666665,98.16666666666667,0.0,53.718135356903076
5.9,5.890833333333333,98.51666666666667,0.0,60.289958000183105
6.0,5.978083333333333,98.35000000000001,0.0,66.88519144058228
6.1,5.370166666666667,98.55000000000001,0.0,6.502352714538574
6.2,5.7395,98.38333333333334,0.0,13.0087571144104
6.3,5.81425,98.46666666666667,0.0,19.515444040298462
6.4,5.6095,98.58333333333333,0.0,25.965543270111084
6.5,5.682666666666667,98.45,0.0,32.39308285713196
6.6,5.6379166666666665,98.81666666666666,0.0,38.768675088882446
6.7,5.61325,98.6,0.0,45.135146617889404
6.8,5.543416666666666,98.78333333333333,0.0,51.48012685775757
6.9,5.7508333333333335,98.41666666666666,0.0,57.854215145111084
7.0,5.90875,98.38333333333334,0.0,64.19954109191895
7.1,5.512833333333333,98.76666666666667,0.0,6.319645881652832
7.2,5.37775,98.76666666666667,0.0,12.645645380020142
7.3,5.426333333333333,98.6,0.0,18.95962381362915
7.4,5.453416666666667,98.65,0.0,25.26590585708618
7.5,5.283833333333333,98.78333333333333,0.0,31.575937509536743
7.6,5.25675,98.78333333333333,0.0,37.838199615478516
7.7,5.337833333333333,98.76666666666667,0.0,44.08627223968506
7.8,5.439916666666667,98.68333333333334,0.0,50.34984040260315
7.9,5.414,98.68333333333334,0.0,56.5834321975708
8.0,5.4925,98.55000000000001,0.0,62.847718238830566
8.1,5.1665833333333335,98.63333333333333,0.0,6.231543302536011
8.2,4.866916666666667,98.86666666666667,0.0,12.450139284133911
8.3,4.9715,98.86666666666667,0.0,18.651363611221313
8.4,5.2019166666666665,98.86666666666667,0.0,24.858535766601562
8.5,4.881666666666667,99.05000000000001,0.0,31.050613403320312
8.6,5.0175,98.81666666666666,0.0,37.24620175361633
8.7,5.096666666666667,98.83333333333333,0.0,43.49345827102661
8.8,5.033916666666666,98.76666666666667,0.016666666666666666,49.69044041633606
8.9,5.098916666666667,98.71666666666667,0.0,55.849183797836304
9.0,5.003583333333333,98.91666666666666,0.0,62.00152039527893
9.1,4.495583333333333,99.15,0.0,6.1790900230407715
9.2,4.661,98.76666666666667,0.0,12.308884382247925
9.3,4.632333333333333,98.9,0.0,18.45006775856018
9.4,4.778666666666667,98.98333333333333,0.0,24.59201669692993
9.5,4.607,99.21666666666667,0.0,30.724403381347656
9.6,4.8300833333333335,98.8,0.0,36.830811500549316
9.7,4.78025,99.01666666666667,0.0,42.919605016708374
9.8,4.774166666666667,98.93333333333332,0.016666666666666666,49.01860308647156
9.9,4.79575,98.86666666666667,0.0,55.094135761260986
10.0,4.952333333333334,98.8,0.0,61.190478563308716
