Epochs,Loss,Accuracy (%),Silent labels (%),Time (s)
0.1,49.491,70.19999999999999,4.633333333333333,18.53829264640808
0.2,25.859,89.63333333333333,0.05,37.84713268280029
0.3,20.5875,92.0,0.016666666666666666,55.56880283355713
0.4,18.081083333333332,93.18333333333332,0.0,71.98016476631165
0.5,16.227083333333333,93.48333333333333,0.0,87.27115559577942
0.6,15.266166666666667,94.36666666666666,0.0,101.74625515937805
0.7,14.284166666666666,94.6,0.0,115.48616552352905
0.8,13.526583333333333,94.68333333333334,0.0,128.7176411151886
0.9,13.125083333333333,94.89999999999999,0.0,141.53510928153992
1.0,12.084,95.75,0.0,153.84961915016174
