Epochs,Loss,Accuracy (%),Silent labels (%),Time (s)
0.1,50.08058333333334,69.58333333333333,5.283333333333333,18.6936776638031
0.2,25.966666666666665,89.68333333333334,0.08333333333333334,38.271013498306274
0.3,20.693583333333333,92.03333333333333,0.0,56.19549083709717
0.4,18.262583333333332,93.15,0.016666666666666666,72.40120911598206
0.5,16.296416666666666,93.68333333333332,0.016666666666666666,87.46310114860535
0.6,15.31525,94.23333333333333,0.0,101.68082928657532
0.7,14.33175,94.53333333333333,0.0,115.12500643730164
0.8,13.56275,94.73333333333333,0.0,127.92894697189331
0.9,13.05875,94.96666666666667,0.0,140.1243712902069
1.0,12.056333333333333,95.8,0.0,151.8323814868927
