Epochs,Loss,Accuracy (%),Silent labels (%),Time (s)
0.1,51.43416666666667,68.88333333333333,6.483333333333334,18.713850498199463
0.2,27.272833333333335,88.86666666666667,0.06666666666666667,38.46012234687805
0.3,23.723083333333335,91.18333333333334,0.03333333333333333,56.990808725357056
0.4,23.52325,91.48333333333333,0.016666666666666666,74.252188205719
0.5,24.2075,90.64999999999999,0.0,90.60491847991943
0.6,25.366833333333332,89.7,0.0,106.33003091812134
0.7,26.729333333333333,88.61666666666666,0.0,121.46255087852478
0.8,27.63158333333333,87.75,0.0,135.9454309940338
0.9,28.75875,86.08333333333333,0.0,150.08806681632996
1.0,29.673333333333332,85.75,0.016666666666666666,163.90605187416077
