Epochs,Loss,Accuracy (%),Silent labels (%),Time (s)
0.1,49.867583333333336,70.1,5.216666666666667,18.503490686416626
0.2,25.7765,89.66666666666666,0.05,37.516297578811646
0.3,20.473416666666665,92.28333333333333,0.0,54.93739628791809
0.4,18.017,93.2,0.0,70.87934970855713
0.5,16.174,93.36666666666666,0.0,85.77045679092407
0.6,15.264916666666666,94.21666666666667,0.0,99.78174114227295
0.7,14.211666666666666,94.78333333333333,0.0,113.00270485877991
0.8,13.462083333333334,94.56666666666666,0.0,125.51975536346436
0.9,13.05575,95.23333333333333,0.0,137.60948610305786
1.0,12.026333333333334,95.91666666666666,0.016666666666666666,149.24746251106262
