Epochs,Loss,Accuracy (%),Silent labels (%),Time (s)
0.1,50.28491666666667,69.93333333333334,5.416666666666667,18.696242809295654
0.2,26.02075,89.46666666666667,0.06666666666666667,38.275402784347534
0.3,20.6685,92.21666666666667,0.0,56.327759981155396
0.4,18.216666666666665,93.18333333333332,0.0,72.8983256816864
0.5,16.282833333333333,93.63333333333334,0.0,88.61400866508484
0.6,15.38425,94.33333333333334,0.0,103.60528779029846
0.7,14.340333333333334,94.69999999999999,0.0,117.80986309051514
0.8,13.594916666666666,94.71666666666667,0.0,131.36822295188904
0.9,13.142416666666668,94.89999999999999,0.0,144.46798658370972
1.0,12.141,95.91666666666666,0.0,157.0012185573578
