Epochs,Loss,Accuracy (%),Silent labels (%),Time (s)
0.1,50.16266666666667,69.58333333333333,5.283333333333333,18.596416234970093
0.2,26.005666666666666,89.36666666666667,0.08333333333333334,37.97721600532532
0.3,20.60408333333333,92.26666666666667,0.0,55.78211998939514
0.4,18.112666666666666,93.15,0.0,72.25609397888184
0.5,16.223166666666668,93.48333333333333,0.016666666666666666,87.7483172416687
0.6,15.291416666666667,94.3,0.0,102.28444123268127
0.7,14.297916666666667,94.73333333333333,0.0,116.03313851356506
0.8,13.550833333333333,94.73333333333333,0.0,129.1650276184082
0.9,13.092083333333333,95.05,0.0,141.71015214920044
1.0,12.04025,95.91666666666666,0.0,153.83710098266602
