Epochs,Loss,Accuracy (%),Silent labels (%),Time (s)
0.1,50.00983333333333,69.33333333333334,5.433333333333333,18.610280990600586
0.2,25.84125,89.4,0.05,37.87781500816345
0.3,20.621916666666667,92.41666666666667,0.0,55.4934720993042
0.4,18.151833333333332,93.18333333333332,0.0,71.43440318107605
0.5,16.28325,93.41666666666667,0.016666666666666666,86.21452450752258
0.6,15.32175,94.31666666666668,0.016666666666666666,100.00363445281982
0.7,14.327,94.45,0.0,113.147465467453
0.8,13.491416666666666,94.78333333333333,0.0,125.62333488464355
0.9,13.0365,94.95,0.0,137.64263916015625
1.0,12.07275,95.93333333333334,0.016666666666666666,149.32252955436707
