Epochs,Loss,Accuracy (%),Silent labels (%),Time (s)
0.1,49.94875,69.68333333333334,5.333333333333334,18.426903247833252
0.2,25.76425,89.68333333333334,0.1,37.381726026535034
0.3,20.57175,92.30000000000001,0.016666666666666666,54.95214080810547
0.4,18.094583333333333,93.03333333333333,0.0,71.0099549293518
0.5,16.2125,93.41666666666667,0.016666666666666666,86.0048279762268
0.6,15.30525,94.28333333333333,0.0,99.9987325668335
0.7,14.269,94.58333333333333,0.0,113.15732908248901
0.8,13.489916666666666,94.86666666666666,0.0,125.68047547340393
0.9,13.08225,95.13333333333334,0.0,137.71494579315186
1.0,12.11725,95.81666666666668,0.016666666666666666,149.44507503509521
