Epochs,Loss,Accuracy (%),Silent labels (%),Time (s)
0.1,50.1065,70.0,5.266666666666667,18.650871515274048
0.2,26.02775,89.5,0.06666666666666667,37.996476888656616
0.3,20.746916666666667,92.16666666666666,0.016666666666666666,55.734349727630615
0.4,18.152333333333335,93.15,0.0,71.91339325904846
0.5,16.30216666666667,93.53333333333333,0.0,87.21787810325623
0.6,15.392666666666667,94.18333333333334,0.0,101.57386517524719
0.7,14.344916666666666,94.45,0.0,115.42389345169067
0.8,13.586166666666667,94.69999999999999,0.0,128.77487468719482
0.9,13.156583333333334,94.89999999999999,0.0,141.6586835384369
1.0,12.173666666666668,95.75,0.016666666666666666,154.08394050598145
