Epochs,Loss,Accuracy (%),Silent labels (%),Time (s),Average Prediction Confidence
0.09973404255319149,90.94782222222223,32.577777777777776,4.524444444444444,34.616858959198,0.2973866666666944
0.19946808510638298,61.23102222222222,55.217777777777776,0.008888888888888889,58.6751663684845,0.3463585185184629
0.2992021276595745,55.23146666666667,61.38666666666667,0.0,80.44347429275513,0.377805432098739
0.39893617021276595,51.760577777777776,64.58666666666667,0.0,100.90188598632812,0.4012577777777605
0.49867021276595747,49.22528888888889,66.43555555555555,0.0,120.41189908981323,0.42025362962961915
0.598404255319149,47.12582222222222,68.4,0.0,139.30330514907837,0.4366548148148025
0.6981382978723404,45.827733333333335,69.06666666666666,0.008888888888888889,157.72528433799744,0.4500783068783064
0.7978723404255319,44.25257777777778,70.69333333333333,0.0,175.89901971817017,0.4622103703703842
0.8976063829787234,42.7488,71.17333333333333,0.0,193.7872986793518,0.47308378600825646
0.9973404255319149,41.51751111111111,72.35555555555555,0.0,211.4452645778656,0.48317511111114697
1.0970744680851063,40.71968888888889,72.56,0.0,17.00542163848877,0.5809436834094476
1.196808510638298,39.98426666666667,73.42222222222222,0.0,34.09305810928345,0.5840750750750661
1.2965425531914894,38.93271111111111,74.01777777777778,0.0,50.99064326286316,0.5888649725958831
1.3962765957446808,38.22866666666667,74.09777777777778,0.0,67.75634169578552,0.5926308724831765
1.4960106382978724,37.54355555555556,74.56,0.0,84.15106153488159,0.5961143878462417
1.5957446808510638,36.964933333333335,75.28,0.0,100.31411170959473,0.5993462301587088
1.6954787234042554,36.0576,76.07111111111111,0.0,116.28090524673462,0.6026224771616678
1.7952127659574468,36.297288888888886,75.75111111111111,0.0,131.92102670669556,0.6049082125603933
1.8949468085106382,35.56155555555556,75.5911111111111,0.008888888888888889,147.2721974849701,0.6073904573221248
1.9946808510638299,34.651022222222224,76.8711111111111,0.0,162.360600233078,0.6102715389186446
2.0944148936170213,33.77653333333333,77.83111111111111,0.0,14.203349590301514,0.6451142410015842
2.1941489361702127,34.13373333333333,77.13777777777779,0.0,29.004331827163696,0.6446301369862861
2.293882978723404,34.07022222222222,77.77777777777779,0.0,43.9564425945282,0.6472498743086652
2.393617021276596,34.72288888888889,78.08,0.017777777777777778,59.38630247116089,0.6504654654654178
2.4933510638297873,35.89728888888889,77.79555555555555,0.0,75.55028629302979,0.6531883797543746
2.5930851063829787,36.10888888888889,78.64888888888889,0.0,92.19138979911804,0.6566656701544303
2.69281914893617,37.14026666666667,78.54222222222222,0.06222222222222223,109.12288284301758,0.6597858818511124
2.7925531914893615,39.291288888888886,78.78222222222222,0.19555555555555554,126.30798172950745,0.6625346756151842
2.8922872340425534,40.51728888888889,79.7511111111111,0.19555555555555554,143.63631868362427,0.6660851134293616
2.992021276595745,42.827422222222225,79.12,0.17777777777777778,161.0864884853363,0.6688430145964256
3.091755319148936,45.903644444444446,79.59111111111112,0.36444444444444446,16.29904055595398,0.7010692431562143
3.1914893617021276,49.19288888888889,80.1511111111111,0.5155555555555555,33.91380834579468,0.7023333333333164
3.291223404255319,53.68844444444444,80.24,0.45333333333333337,51.623332023620605,0.7057047184170167
3.390957446808511,57.24444444444445,80.74666666666667,0.6222222222222222,69.31732249259949,0.7086802721088092
3.4906914893617023,63.00933333333333,80.02666666666667,0.6755555555555556,86.98954391479492,0.7091358024690992
3.5904255319148937,66.62004444444445,80.67555555555556,0.7288888888888889,104.6623911857605,0.710560560560518
3.690159574468085,70.41733333333333,80.74666666666667,0.6933333333333334,122.3371090888977,0.7120419610361333
3.7898936170212765,75.63257777777778,80.88,0.7555555555555555,140.003484249115,0.7133640104750724
3.889627659574468,77.07115555555555,81.86666666666666,0.5155555555555555,157.46832728385925,0.715344959309101
3.9893617021276597,79.87524444444445,80.49777777777778,0.37333333333333335,174.88618683815002,0.71601493428921
4.089095744680851,77.10444444444444,81.79555555555555,0.26666666666666666,15.453819036483765,0.7270315091210832
4.1888297872340425,70.32986666666666,82.4711111111111,0.20444444444444446,32.258097410202026,0.724644757433473
4.288563829787234,59.9424,81.93777777777778,0.05333333333333334,48.82819867134094,0.7220276497695471
4.388297872340425,50.42666666666667,82.38222222222223,0.044444444444444446,65.21947455406189,0.7206042617959952
4.488031914893617,44.880044444444444,81.93777777777778,0.02666666666666667,81.57936549186707,0.720342718740495
4.587765957446808,40.65453333333333,81.85777777777777,0.017777777777777778,98.00918817520142,0.7211372549019212
4.6875,37.397822222222224,82.56,0.008888888888888889,114.41327428817749,0.7221637653126639
4.787234042553192,35.99968888888889,81.97333333333333,0.02666666666666667,130.93505430221558,0.7230427927927595
4.886968085106383,34.58031111111111,82.56,0.044444444444444446,147.50164818763733,0.7243698150925012
4.986702127659575,34.11346666666667,82.43555555555555,0.06222222222222223,164.17136120796204,0.7260137765799298
5.086436170212766,33.72484444444444,83.02222222222223,0.09777777777777777,14.761412143707275,0.7418256410256614
5.1861702127659575,34.528,83.79555555555555,0.1511111111111111,31.535502910614014,0.7473111111110938
5.285904255319149,36.34515555555556,83.52888888888889,0.24,48.470422983169556,0.7475927648578496
5.38563829787234,38.59773333333333,83.34222222222222,0.21333333333333335,65.42039394378662,0.7478298850574349
5.485372340425532,41.595555555555556,82.85333333333334,0.3911111111111111,82.41444230079651,0.747855098934503
5.585106382978723,44.14364444444445,82.97777777777777,0.3911111111111111,99.47757840156555,0.7479969696969263
5.684840425531915,47.94728888888889,84.36444444444444,0.4622222222222222,116.54070091247559,0.7491382955770869
5.784574468085107,53.18355555555556,83.81333333333333,0.43555555555555553,133.59008121490479,0.7501898305084405
5.884308510638298,58.111111111111114,83.81333333333333,0.5066666666666666,150.56044459342957,0.750687385129516
5.98404255319149,62.84373333333333,83.51111111111112,0.7111111111111111,167.51685500144958,0.7509339339340098
6.0837765957446805,67.89222222222222,84.64,0.64,14.35374116897583,0.7594356261023072
6.183510638297872,72.23675555555556,84.01777777777778,0.5777777777777777,31.217747926712036,0.7577455716585999
6.283244680851064,74.93213333333334,84.71111111111111,0.5244444444444445,47.830177783966064,0.7586562336984642
6.382978723404255,77.20222222222222,84.41777777777779,0.41777777777777775,64.31522989273071,0.7583379629629322
6.482712765957447,73.97675555555556,84.64,0.2311111111111111,80.5658929347992,0.7582087542087174
6.582446808510638,65.14826666666667,83.6711111111111,0.08888888888888889,96.66468930244446,0.7564850329781392
6.68218085106383,53.91835555555556,83.70666666666666,0.044444444444444446,112.59189343452454,0.7542031622265086
6.781914893617022,47.516711111111114,83.44,0.017777777777777778,128.4302523136139,0.752071050642447
6.881648936170213,43.0528,83.7688888888889,0.008888888888888889,144.33270382881165,0.7510005027652831
6.9813829787234045,41.03084444444445,84.03555555555555,0.0,160.30253291130066,0.7504516711835344
7.0811170212765955,39.30746666666667,84.32888888888888,0.0,13.172911882400513,0.7522040072859958
7.180851063829787,36.876044444444446,84.67555555555556,0.008888888888888889,29.2561457157135,0.7565588235293939
7.280585106382978,35.5696,84.78222222222223,0.017777777777777778,45.37253403663635,0.7580305423906948
7.38031914893617,34.406711111111115,84.61333333333333,0.044444444444444446,61.59066867828369,0.7601414141413675
7.480053191489362,33.90493333333333,85.05777777777777,0.08,77.88846492767334,0.7612065250845981
7.579787234042553,34.11377777777778,84.61333333333333,0.07111111111111111,94.25933265686035,0.761859327217082
7.679521276595745,35.078133333333334,84.73777777777778,0.10666666666666667,110.63744783401489,0.7631267666883704
7.779255319148936,36.89075555555556,84.92444444444445,0.14222222222222222,127.0792601108551,0.7638141827834463
7.878989361702128,38.419244444444445,84.71111111111111,0.2222222222222222,143.60310769081116,0.7644444444444994
7.9787234042553195,40.78746666666667,84.66666666666667,0.3466666666666667,160.13652062416077,0.7648925120774087
8.07845744680851,43.14888888888889,85.56444444444445,0.37333333333333335,13.175429344177246,0.7820037664783565
8.178191489361701,45.62515555555556,85.61777777777777,0.3111111111111111,29.76801896095276,0.7800066334991596
8.277925531914894,51.57866666666666,85.03111111111112,0.5155555555555555,46.41624879837036,0.777813928761267
8.377659574468085,56.11871111111111,85.2088888888889,0.4622222222222222,62.92314004898071,0.7766384976525489
8.477393617021276,59.7476,85.6711111111111,0.5244444444444445,79.4808361530304,0.7769396471680062
8.577127659574469,62.8312,85.04,0.4622222222222222,96.04862380027771,0.7769615975421882
8.67686170212766,68.22382222222222,85.87555555555556,0.5422222222222223,112.59193849563599,0.7773525431127974
8.77659574468085,71.86644444444444,84.70222222222222,0.43555555555555553,128.94212245941162,0.7761118721460785
8.876329787234043,72.29506666666667,84.57777777777777,0.32,145.0323724746704,0.7754436014163351
8.976063829787234,66.48164444444444,84.26666666666667,0.1688888888888889,160.89403176307678,0.7741901301848073
9.075797872340425,56.09848888888889,85.84,0.017777777777777778,12.046539306640625,0.7604834307992416
9.175531914893616,48.324888888888886,85.86666666666667,0.05333333333333334,27.713379859924316,0.7634444444444222
9.275265957446809,43.145244444444444,85.66222222222221,0.0,43.45162224769592,0.7647707997852476
9.375,40.97573333333333,84.69333333333333,0.008888888888888889,59.25600862503052,0.7652734436563676
9.474734042553191,38.22968888888889,85.40444444444445,0.02666666666666667,75.19072842597961,0.7661151571739292
9.574468085106384,37.10417777777778,85.40444444444445,0.035555555555555556,91.21628189086914,0.7674372427982997
9.674202127659575,185.89173333333332,42.72888888888889,50.64888888888889,631.135555267334,0.710072320841503
9.773936170212766,319.628,2.1155555555555554,100.0,1699.0623297691345,0.6185681557846083
9.873670212765957,319.532,2.1955555555555555,100.0,2768.6042613983154,0.5479553526128493
9.97340425531915,319.5,2.071111111111111,100.0,3838.3409111499786,0.49181238615661477
