Epochs,Loss,Accuracy (%),Silent labels (%),Time (s),Average Prediction Confidence
0.09973404255319149,91.99893333333333,32.711111111111116,4.951111111111111,34.74098038673401,0.29600592592595304
0.19946808510638298,61.284844444444445,54.675555555555555,0.008888888888888889,58.66831660270691,0.3449244444443896
0.2992021276595745,55.15431111111111,61.25333333333334,0.008888888888888889,80.28802800178528,0.37686320987651967
0.39893617021276595,51.751466666666666,64.62222222222222,0.0,100.76649379730225,0.4009377777777622
0.49867021276595747,49.17377777777778,66.8,0.0,120.36626410484314,0.420276148148137
0.598404255319149,47.16733333333333,68.4,0.0,139.43684124946594,0.436740740740726
0.6981382978723404,45.75657777777778,69.09333333333333,0.0,157.89658975601196,0.45008423280422827
0.7978723404255319,44.279333333333334,70.59555555555555,0.0,175.92177033424377,0.46204222222223623
0.8976063829787234,42.78768888888889,71.13777777777777,0.0,193.60337829589844,0.4727104526749243
0.9973404255319149,41.416577777777775,72.18666666666667,0.0,211.02232456207275,0.4826216296296672
1.0970744680851063,40.48395555555555,72.11555555555556,0.0,16.631794691085815,0.578106544901076
1.196808510638298,39.532266666666665,73.24444444444444,0.008888888888888889,33.28816103935242,0.5821141141141052
1.2965425531914894,38.507333333333335,73.84888888888888,0.0,49.512134313583374,0.5867962132535821
1.3962765957446808,37.78417777777778,73.98222222222223,0.0,65.27198910713196,0.5907039522743756
1.4960106382978724,37.300666666666665,74.19555555555556,0.0,80.846186876297,0.5946809651474039
1.5957446808510638,37.284977777777776,75.10222222222222,0.0,96.44918727874756,0.5984732142856948
1.6954787234042554,37.221066666666665,75.97333333333334,0.0,112.56669855117798,0.6026071807945536
1.7952127659574468,37.88151111111111,75.41333333333333,0.0,129.0613214969635,0.6062742474916422
1.8949468085106382,37.478,75.84,0.008888888888888889,146.04725861549377,0.6106402509493227
1.9946808510638299,36.208222222222226,77.70666666666666,0.017777777777777778,163.55787444114685,0.6155002970885741
2.0944148936170213,34.73737777777778,78.39111111111112,0.0,17.129432916641235,0.6733333333333545
2.1941489361702127,34.44266666666667,78.17777777777778,0.0,35.42351055145264,0.6752359208523444
2.293882978723404,33.65582222222222,78.64,0.0,54.00235986709595,0.6795897435897059
2.393617021276596,33.03306666666667,79.49333333333334,0.0,72.67494916915894,0.6832687687687223
2.4933510638297873,32.803688888888885,79.28888888888889,0.0,91.3895800113678,0.6867601078166697
2.5930851063829787,32.67871111111111,79.62666666666667,0.008888888888888889,110.27365851402283,0.6895774788240934
2.69281914893617,32.619733333333336,79.88444444444444,0.0,129.39895224571228,0.6922507997440664
2.7925531914893615,33.017244444444444,79.79555555555555,0.0,148.4209885597229,0.6942259507829872
2.8922872340425534,31.9964,80.98666666666666,0.0,167.59495973587036,0.6973035270740564
2.992021276595745,32.50893333333333,80.61333333333334,0.0,187.1932828426361,0.6996675603218245
3.091755319148936,31.658844444444444,81.59111111111112,0.008888888888888889,18.255265474319458,0.7316328502415649
3.1914893617021276,31.932133333333333,81.33333333333333,0.0,37.901203632354736,0.7314938271604734
3.291223404255319,30.993066666666667,82.25777777777778,0.0,57.68182420730591,0.7351334348046322
3.390957446808511,31.0744,82.39999999999999,0.0,77.31466150283813,0.7375540438397163
3.4906914893617023,31.2152,82.13333333333334,0.0,97.00161623954773,0.7380704607045766
3.5904255319148937,31.046133333333334,82.51555555555555,0.0,116.91181588172913,0.7394344344344133
3.690159574468085,31.2008,82.39111111111112,0.0,136.96586847305298,0.7410456005137946
3.7898936170212765,30.947333333333333,82.56,0.0,156.96177649497986,0.7423748597081922
3.889627659574468,30.348444444444443,83.52000000000001,0.0,177.0085732936859,0.7442703869789813
3.9893617021276597,31.15288888888889,82.56,0.0,197.2067437171936,0.7450352449224678
4.089095744680851,30.4316,83.36888888888889,0.0,18.27894401550293,0.7607827529021728
4.1888297872340425,29.95297777777778,84.07111111111111,0.0,38.538163900375366,0.7631298904538162
4.288563829787234,30.158444444444445,83.63555555555556,0.0,58.85422229766846,0.7640962621607412
4.388297872340425,30.115333333333332,83.91999999999999,0.008888888888888889,79.13743877410889,0.7652907153728674
4.488031914893617,30.351422222222222,83.60888888888888,0.017777777777777778,99.57035064697266,0.7650051468361856
4.587765957446808,30.636533333333333,83.40444444444445,0.0,120.10633563995361,0.7645791855203563
4.6875,29.884133333333335,84.17777777777778,0.0,140.65574860572815,0.7661096067053507
4.787234042553192,30.4232,83.71555555555555,0.008888888888888889,161.14111423492432,0.7664789789790029
4.886968085106383,30.14008888888889,84.1511111111111,0.0,181.75753617286682,0.7672530401466877
4.986702127659575,29.891111111111112,84.1511111111111,0.017777777777777778,202.33551478385925,0.7681880802637002
5.086436170212766,29.79688888888889,84.35555555555555,0.02666666666666667,18.02811026573181,0.7775658119658302
5.1861702127659575,29.087511111111112,85.19111111111111,0.0,38.70704936981201,0.7812825396825229
5.285904255319149,29.539466666666666,84.89777777777778,0.0,59.45828199386597,0.7818377260981582
5.38563829787234,29.778844444444445,84.66666666666667,0.0,80.1317241191864,0.7815494252873197
5.485372340425532,29.918355555555557,84.7911111111111,0.035555555555555556,100.71999835968018,0.7814733637747114
5.585106382978723,29.6328,84.51555555555555,0.017777777777777778,121.24518465995789,0.7817636363636227
5.684840425531915,29.430711111111112,85.38666666666667,0.05333333333333334,141.7043092250824,0.7828107874865051
5.784574468085107,29.501733333333334,85.05777777777777,0.02666666666666667,162.3126940727234,0.7836444444444692
5.884308510638298,29.378844444444443,84.96000000000001,0.0,182.8799786567688,0.7843956558062658
5.98404255319149,30.021644444444444,84.91555555555556,0.035555555555555556,203.40974402427673,0.7846864864866177
6.0837765957446805,29.176133333333333,85.61777777777777,0.035555555555555556,17.350636959075928,0.7928677248677408
6.183510638297872,29.63288888888889,85.42222222222222,0.07111111111111111,37.944825410842896,0.7916811594202753
6.283244680851064,29.111466666666665,86.04444444444445,0.06222222222222223,58.50794529914856,0.7939467918622543
6.382978723404255,29.64328888888889,85.62666666666667,0.035555555555555556,79.06561636924744,0.7937762345678653
6.482712765957447,29.412933333333335,86.08,0.05333333333333334,99.62809133529663,0.7949299051117034
6.582446808510638,30.1156,85.41333333333333,0.05333333333333334,120.37098550796509,0.7947559614408826
6.68218085106383,30.31586666666667,85.34222222222222,0.08,141.11356806755066,0.7945003248862822
6.781914893617022,30.710844444444444,85.08444444444444,0.11555555555555555,161.86503338813782,0.7941511715797733
6.881648936170213,30.0352,85.84,0.14222222222222222,182.58278441429138,0.7946103569633839
6.9813829787234045,30.33248888888889,85.93777777777778,0.09777777777777777,203.25082349777222,0.7949509183982074
7.0811170212765955,30.663333333333334,86.53333333333333,0.19555555555555554,17.025165796279907,0.8044954462659533
7.180851063829787,29.962266666666668,86.56,0.13333333333333333,37.81000566482544,0.8053464052287476
7.280585106382978,31.25017777777778,86.35555555555555,0.20444444444444446,58.6993134021759,0.8043665086887518
7.38031914893617,31.383244444444443,86.44444444444444,0.17777777777777778,79.59636640548706,0.8045299145298807
7.480053191489362,31.635955555555554,86.42666666666666,0.21333333333333335,100.34255194664001,0.8042326869805778
7.579787234042553,31.973288888888888,86.00888888888889,0.2222222222222222,121.14964509010315,0.8034862385320838
7.679521276595745,32.23151111111111,86.34666666666668,0.26666666666666666,141.92758297920227,0.8039330289193047
7.779255319148936,32.92697777777778,85.76,0.2222222222222222,162.8356328010559,0.8033560864619037
7.878989361702128,32.66888888888889,85.89333333333333,0.1688888888888889,183.57472252845764,0.8032697932426288
7.9787234042553195,33.004266666666666,85.92,0.2222222222222222,204.25096583366394,0.8030314009662941
8.07845744680851,33.0148,87.28888888888889,0.29333333333333333,16.50425410270691,0.8141318267420077
8.178191489361701,32.91471111111111,86.91555555555556,0.26666666666666666,37.34813714027405,0.8131873963515633
8.277925531914894,34.59484444444445,86.16888888888889,0.3377777777777778,58.21008801460266,0.8114279638489972
8.377659574468085,34.54848888888889,86.70222222222222,0.2577777777777778,78.9477596282959,0.809660406885732
8.477393617021276,35.05502222222222,87.02222222222223,0.4266666666666667,99.64584636688232,0.8094955122252895
8.577127659574469,35.59177777777778,86.42666666666666,0.45333333333333337,120.26555919647217,0.8093486943164101
8.67686170212766,36.218266666666665,87.49333333333334,0.29333333333333333,140.85320329666138,0.8098083387906325
8.77659574468085,37.71511111111111,86.35555555555555,0.5244444444444445,161.43310356140137,0.808774733637753
8.876329787234043,37.7928,85.95555555555555,0.45333333333333337,181.99287271499634,0.8081686056314723
8.976063829787234,37.88431111111111,86.16888888888889,0.6044444444444445,202.59858012199402,0.8079939448986538
9.075797872340425,38.60671111111111,87.30666666666667,0.5333333333333333,15.748373746871948,0.8138791423002053
9.175531914893616,38.36946666666667,87.30666666666667,0.4888888888888889,36.4253625869751,0.8170909090909023
9.275265957446809,39.02768888888889,87.31555555555556,0.5244444444444445,57.041916608810425,0.8168652710681447
9.375,40.62831111111111,86.43555555555555,0.5599999999999999,77.5600655078888,0.8143356973995036
9.474734042553191,41.0808,86.58666666666667,0.64,98.13171195983887,0.8131652661064214
9.574468085106384,41.340666666666664,86.96000000000001,0.6755555555555556,118.8184494972229,0.8130236625514176
9.674202127659575,43.00511111111111,86.27555555555556,0.6488888888888888,139.46624398231506,0.8119193513039455
9.773936170212766,43.087466666666664,87.23555555555555,0.6222222222222222,159.99191117286682,0.8123474608629316
9.873670212765957,42.968088888888886,87.04888888888888,0.6311111111111111,180.607177734375,0.812352443768016
9.97340425531915,44.58768888888889,86.77333333333334,0.6044444444444445,201.1243097782135,0.8122750455374146
