Epochs,Loss,Accuracy (%),Silent labels (%),Time (s),Average Prediction Confidence
0.09973404255319149,105.18062222222223,32.60444444444445,10.684444444444445,36.42761588096619,0.281854814814838
0.19946808510638298,68.73426666666667,54.85333333333333,2.933333333333333,60.903515338897705,0.3345244444443983
0.2992021276595745,55.282266666666665,61.315555555555555,0.0,83.38250255584717,0.3705264197530633
0.39893617021276595,51.81035555555555,64.72888888888889,0.008888888888888889,106.39224219322205,0.3962266666666562
0.49867021276595747,49.09751111111111,66.3288888888889,0.0,127.79476261138916,0.41698133333332377
0.598404255319149,47.11968888888889,68.46222222222222,0.0,148.63332200050354,0.433612839506158
0.6981382978723404,45.760844444444444,69.38666666666666,0.0,168.87285614013672,0.44757417989417175
0.7978723404255319,44.434666666666665,70.32000000000001,0.0,188.57252860069275,0.4597429629629744
0.8976063829787234,43.214888888888886,70.62222222222222,0.008888888888888889,207.77763557434082,0.47035917695476287
0.9973404255319149,41.97555555555556,71.95555555555555,0.0,226.7899308204651,0.48028562962966853
1.0970744680851063,41.13168888888889,72.7911111111111,0.0,18.440220594406128,0.577449010654501
1.196808510638298,39.543955555555556,73.73333333333333,0.008888888888888889,36.961668252944946,0.5850060060059957
1.2965425531914894,38.7712,74.64,0.0,55.54466366767883,0.5902979571499412
1.3962765957446808,38.288355555555555,75.09333333333333,0.0,72.70860362052917,0.5941029082773615
1.4960106382978724,38.1732,74.17777777777778,0.0,89.72116255760193,0.596694667858158
1.5957446808510638,37.46422222222222,75.6,0.0,106.54587721824646,0.5995287698412425
1.6954787234042554,36.68511111111111,75.98222222222222,0.0,123.22895622253418,0.6030898661567721
1.7952127659574468,36.63666666666666,75.80444444444444,0.0,139.62379097938538,0.6055696767001094
1.8949468085106382,36.404577777777774,75.80444444444444,0.0,156.04237723350525,0.6079425458147723
1.9946808510638299,36.26604444444445,75.43111111111112,0.0,172.21349430084229,0.6099661319073507
2.0944148936170213,34.69257777777778,77.08444444444444,0.0,15.422077417373657,0.6420281690141036
2.1941489361702127,34.376222222222225,77.52,0.017777777777777778,31.50061821937561,0.6438356164383435
2.293882978723404,34.46448888888889,77.54666666666667,0.0,47.4756293296814,0.6443760683760318
2.393617021276596,34.03964444444444,77.28,0.0,63.405165672302246,0.6453633633633143
2.4933510638297873,33.75373333333334,77.50222222222222,0.0,79.06982636451721,0.6465576519915713
2.5930851063829787,33.3768,77.97333333333333,0.0,94.67608451843262,0.6481026407573289
2.69281914893617,33.0524,78.50666666666667,0.0,110.31093764305115,0.6497914267434354
2.7925531914893615,33.03088888888889,78.45333333333333,0.0,125.90457797050476,0.651270693512305
2.8922872340425534,32.67946666666667,78.30222222222221,0.0,141.45857691764832,0.6526318926974762
2.992021276595745,32.254666666666665,78.92444444444445,0.0,156.8905770778656,0.654322907357849
3.091755319148936,31.531288888888888,79.84,0.0,14.331311702728271,0.6740032206119376
3.1914893617021276,31.741688888888888,79.67111111111112,0.0,29.81365394592285,0.6733611111110958
3.291223404255319,31.60537777777778,79.31555555555555,0.0,45.20349431037903,0.673925925925881
3.390957446808511,31.305511111111112,79.58222222222221,0.0,60.54067802429199,0.6751352985638126
3.4906914893617023,30.961244444444443,80.35555555555555,0.0,75.88584399223328,0.6765685034627603
3.5904255319148937,30.871777777777776,79.85777777777778,0.0,90.94115924835205,0.6777097097096745
3.690159574468085,30.72288888888889,80.24,0.0,105.89368915557861,0.6788473560265244
3.7898936170212765,30.83191111111111,79.78666666666666,0.0,120.81884527206421,0.6793520389075877
3.889627659574468,30.575733333333332,80.17777777777778,0.0,135.65129375457764,0.6801341969772838
3.9893617021276597,30.785911111111112,79.81333333333333,0.0,150.2865993976593,0.6806284348866142
4.089095744680851,29.489422222222224,81.45777777777778,0.0,13.26210355758667,0.6934195688225792
4.1888297872340425,29.890533333333334,80.56,0.0,27.927952766418457,0.693117370892001
4.288563829787234,29.464666666666666,80.96,0.0,42.38891792297363,0.6938658474141917
4.388297872340425,29.436222222222224,80.97777777777779,0.0,56.859365940093994,0.6947047184169894
4.488031914893617,29.934177777777776,80.4,0.0,71.3223602771759,0.6946715107477648
4.587765957446808,29.308444444444444,81.22666666666667,0.0,85.71304178237915,0.6953655103066623
4.6875,29.608533333333334,80.93333333333334,0.0,100.10547471046448,0.6957257683215008
4.787234042553192,29.15991111111111,81.43111111111111,0.0,114.43736672401428,0.696399399399392
4.886968085106383,29.163866666666667,81.19111111111111,0.0,128.7416694164276,0.6970641345994212
4.986702127659575,28.604488888888888,81.7511111111111,0.0,143.03835892677307,0.6981749026656128
5.086436170212766,28.306444444444445,82.19555555555556,0.0,12.436166048049927,0.7076170940171159
5.1861702127659575,28.30168888888889,81.74222222222222,0.0,26.672224044799805,0.7089269841269615
5.285904255319149,28.486044444444445,81.96444444444444,0.0,40.89708757400513,0.7087049095606724
5.38563829787234,28.32057777777778,81.71555555555555,0.0,54.99070596694946,0.7090651340995534
5.485372340425532,28.33537777777778,81.85777777777777,0.0,69.06586074829102,0.7092882800608348
5.585106382978723,28.161555555555555,81.96444444444444,0.0,83.14263248443604,0.709781818181786
5.684840425531915,27.919333333333334,82.20444444444445,0.0,97.22374844551086,0.7104198489751736
5.784574468085107,27.440177777777777,82.73777777777778,0.0,111.22140789031982,0.7114561205272997
5.884308510638298,28.166133333333335,81.7688888888889,0.0,125.16773724555969,0.7116190476191101
5.98404255319149,28.3872,81.5111111111111,0.008888888888888889,139.14781594276428,0.7113765765767238
6.0837765957446805,27.154711111111112,82.63111111111111,0.0,11.844586372375488,0.7223562610229471
6.183510638297872,27.33208888888889,82.33777777777777,0.0,25.68026828765869,0.7205507246376597
6.283244680851064,27.459822222222222,82.09777777777778,0.0,39.63544511795044,0.720166927490828
6.382978723404255,27.2348,82.81777777777778,0.0,53.61123704910278,0.7207006172838903
6.482712765957447,27.043066666666668,82.72,0.0,67.5114848613739,0.7213247627792639
6.582446808510638,27.432844444444445,82.54222222222222,0.0,81.29526233673096,0.7206991374936257
6.68218085106383,27.377111111111113,82.50666666666666,0.0,95.09437155723572,0.7208369070825028
6.781914893617022,26.747955555555556,82.99555555555555,0.0,108.8427140712738,0.7216764928193409
6.881648936170213,26.9396,83.17333333333333,0.0,122.53738260269165,0.7221089324619473
6.9813829787234045,27.44097777777778,82.46222222222222,0.0,136.2269995212555,0.7218711231558369
7.0811170212765955,26.373066666666666,83.59111111111112,0.0,11.319818496704102,0.7286338797814456
7.180851063829787,26.0576,83.85777777777777,0.0,25.073298454284668,0.7304052287581498
7.280585106382978,26.544355555555555,83.12888888888888,0.0,38.825459480285645,0.7295924170615644
7.38031914893617,26.79137777777778,82.80888888888889,0.0,52.5349326133728,0.7285081585080965
7.480053191489362,26.09271111111111,83.72444444444444,0.0,66.1570634841919,0.7295032317635705
7.579787234042553,26.382666666666665,83.06666666666666,0.0,79.8673644065857,0.7299317023445123
7.679521276595745,26.489466666666665,83.08444444444444,0.0,93.3907721042633,0.7297908240921778
7.779255319148936,26.45137777777778,83.14666666666668,0.0,106.87575626373291,0.7297701934015831
7.878989361702128,26.471777777777778,82.88888888888889,0.0,120.3952386379242,0.729793242561856
7.9787234042553195,26.291733333333333,83.44,0.0,133.8619019985199,0.7299661835750408
8.07845744680851,26.094755555555555,83.63555555555556,0.0,10.883404731750488,0.7378229755179121
8.178191489361701,25.65191111111111,84.26666666666667,0.0,24.34933042526245,0.7375223880596856
8.277925531914894,25.801111111111112,83.84888888888888,0.0,37.8310546875,0.7369420520998998
8.377659574468085,25.48488888888889,84.45333333333333,0.0,51.358314990997314,0.7376291079811612
8.477393617021276,25.8172,83.97333333333333,0.0,64.84574365615845,0.7373902816465098
8.577127659574469,26.027955555555554,83.15555555555557,0.0,78.29597926139832,0.7368704557091442
8.67686170212766,25.88062222222222,83.85777777777777,0.0,91.67851781845093,0.7367797424143074
8.77659574468085,26.103822222222224,83.66222222222223,0.0,105.08417439460754,0.7364695585996869
8.876329787234043,25.581822222222222,84.07111111111111,0.0,118.71930384635925,0.7366433990896207
8.976063829787234,25.6824,83.67999999999999,0.0,132.1035385131836,0.7368101725705666
9.075797872340425,25.241644444444443,84.13333333333334,0.0,10.332767963409424,0.7423313840156175
9.175531914893616,25.13262222222222,84.44444444444444,0.0,23.60902762413025,0.7434478114477953
9.275265957446809,25.197333333333333,84.03555555555555,0.0,36.869728326797485,0.7434310252280778
9.375,25.26537777777778,84.22222222222221,0.0,50.10187554359436,0.7428841607564372
9.474734042553191,25.224711111111112,84.20444444444445,0.0,63.37295889854431,0.7429368191720718
9.574468085106384,25.19217777777778,84.30222222222223,0.0,76.66936802864075,0.7429753086419478
9.674202127659575,25.56431111111111,83.84,0.0,89.8385100364685,0.7424396230549906
9.773936170212766,25.300622222222223,84.19555555555556,0.0,102.9986412525177,0.7422344406261867
9.873670212765957,25.147066666666667,84.35555555555555,0.0,116.09921789169312,0.7423487231524729
9.97340425531915,25.090755555555557,84.56888888888889,0.0,129.28878211975098,0.7426520947178524
