Epochs,Loss,Accuracy (%),Silent labels (%),Time (s),Average Prediction Confidence
0.09973404255319149,103.27804444444445,32.16,9.813333333333334,36.286288022994995,0.2832948148148389
0.19946808510638298,66.11457777777778,56.044444444444444,2.008888888888889,61.2602961063385,0.3368918518518043
0.2992021276595745,60.67391111111111,60.60444444444445,2.1333333333333333,84.03870940208435,0.3693234567901009
0.39893617021276595,57.50244444444444,64.08,2.071111111111111,105.50897002220154,0.39268740740739577
0.49867021276595747,55.115066666666664,65.24444444444445,2.1777777777777776,126.143239736557,0.4116314074073923
0.598404255319149,53.20386666666667,67.26222222222222,2.16,146.01563692092896,0.4268533333333161
0.6981382978723404,46.63186666666667,68.08,0.0,165.3335621356964,0.44061798941797875
0.7978723404255319,45.1508,69.84,0.0,184.23964095115662,0.4527318518518619
0.8976063829787234,43.70444444444445,70.54222222222222,0.0,202.77590250968933,0.46364971193418425
0.9973404255319149,42.57871111111111,71.55555555555554,0.0,221.12806701660156,0.4735508148148508
1.0970744680851063,41.78293333333333,72.51555555555555,0.0,17.67303776741028,0.5697351598173632
1.196808510638298,40.24982222222222,73.52888888888889,0.0,35.488763093948364,0.5774834834834751
1.2965425531914894,39.57822222222222,74.23111111111112,0.0,53.12116885185242,0.5822222222221933
1.3962765957446808,39.40448888888889,74.42666666666666,0.0,70.532550573349,0.5852125279641647
1.4960106382978724,39.141644444444445,74.07111111111111,0.0,87.68203830718994,0.5874030384271157
1.5957446808510638,38.44391111111111,75.00444444444445,0.0,104.73054456710815,0.5901031746031468
1.6954787234042554,37.83231111111111,75.30666666666667,0.0,121.66839551925659,0.5931098364138404
1.7952127659574468,37.7312,75.09333333333333,0.0,138.44420742988586,0.5953979933110386
1.8949468085106382,37.41195555555556,75.57333333333334,0.0,154.99675130844116,0.5976965494469353
1.9946808510638299,37.404355555555554,75.09333333333333,0.0,171.3173909187317,0.5993184789067479
2.0944148936170213,35.96168888888889,76.42666666666666,0.0,15.51579236984253,0.6268544600939163
2.1941489361702127,35.86688888888889,76.93333333333334,0.0,31.69919991493225,0.6273729071537145
2.293882978723404,35.937777777777775,76.88000000000001,0.0,47.79285192489624,0.6274228255404355
2.393617021276596,35.49391111111111,76.98666666666666,0.0,63.6765775680542,0.6286246246245756
2.4933510638297873,35.248533333333334,77.01333333333334,0.0,79.4221920967102,0.629819706498907
2.5930851063829787,34.81462222222222,78.00888888888889,0.0,95.09678840637207,0.6316163428001751
2.69281914893617,34.855866666666664,78.21333333333334,0.0,110.55175185203552,0.6328923011302934
2.7925531914893615,34.7852,77.70666666666666,0.0,125.89209818840027,0.6339313944817299
2.8922872340425534,34.41515555555556,78.05333333333333,0.0,141.12087297439575,0.6350872661036657
2.992021276595745,33.839733333333335,78.16,0.0,156.3098111152649,0.6366070896634617
3.091755319148936,33.269688888888886,79.06666666666666,0.0,14.02421760559082,0.6543832528180566
3.1914893617021276,33.64564444444444,78.4,0.0,29.052383184432983,0.6529382716049257
3.291223404255319,33.47506666666666,78.52444444444444,0.008888888888888889,43.95123362541199,0.6527955352612567
3.390957446808511,32.92142222222222,78.87111111111112,0.0,58.86820101737976,0.6544474678759894
3.4906914893617023,33.00831111111111,79.42222222222223,0.0,73.76974153518677,0.6550123456789632
3.5904255319148937,32.968666666666664,79.00444444444445,0.0,88.51432704925537,0.6556116116115756
3.690159574468085,33.06386666666667,78.64,0.0,103.12584400177002,0.6558826803682127
3.7898936170212765,32.834,79.32444444444444,0.0,117.80307483673096,0.656606060606056
3.889627659574468,32.77675555555555,79.35111111111111,0.0,132.36607933044434,0.6570024912805233
3.9893617021276597,33.14284444444444,78.63111111111111,0.0,146.80880165100098,0.656966547192435
4.089095744680851,31.698755555555554,80.64,0.0,13.078614234924316,0.6697711442786302
4.1888297872340425,32.23173333333333,79.83111111111111,0.0,27.560597896575928,0.667887323943647
4.288563829787234,31.85,79.94666666666667,0.0,41.96157765388489,0.6682089093701604
4.388297872340425,31.83408888888889,79.95555555555556,0.0,56.4055495262146,0.668508371385029
4.488031914893617,32.31764444444445,79.26222222222222,0.0,70.71464276313782,0.6679915228579644
4.587765957446808,31.825511111111112,80.07111111111112,0.0,84.94912433624268,0.6680542986425065
4.6875,32.09386666666666,79.53777777777778,0.0,99.1674153804779,0.6679329464861229
4.787234042553192,31.633022222222223,80.25777777777778,0.0,113.27817273139954,0.6684827327327224
4.886968085106383,31.526533333333333,80.17777777777778,0.008888888888888889,127.46175026893616,0.6690954522738776
4.986702127659575,31.08711111111111,80.80888888888889,0.0,141.65043783187866,0.6700347409405034
5.086436170212766,30.93328888888889,81.42222222222222,0.0,12.350876808166504,0.676779487179505
5.1861702127659575,30.8608,80.64,0.0,26.45172119140625,0.6791142857142686
5.285904255319149,30.79737777777778,80.76444444444445,0.0,40.474257946014404,0.6796403100774777
5.38563829787234,30.67391111111111,80.61333333333334,0.0,54.519659757614136,0.6802237547892179
5.485372340425532,31.03191111111111,80.86222222222223,0.0,68.49572610855103,0.6798611872145631
5.585106382978723,30.6496,81.05777777777777,0.0,82.39085030555725,0.680112121212078
5.684840425531915,30.44551111111111,81.15555555555557,0.0,96.31308007240295,0.6807991370010473
5.784574468085107,30.237288888888887,81.54666666666667,0.0,110.29147028923035,0.6816052730696532
5.884308510638298,30.59048888888889,80.42666666666666,0.0,124.12285995483398,0.6819000835421981
5.98404255319149,30.882,80.56888888888889,0.008888888888888889,138.00034737586975,0.6818510510511441
6.0837765957446805,29.938044444444444,81.59111111111112,0.0,11.782358407974243,0.6895943562610386
6.183510638297872,30.126622222222224,81.44,0.0,25.61906909942627,0.6880386473429796
6.283244680851064,30.224622222222223,80.9511111111111,0.008888888888888889,39.35631489753723,0.6878789775690771
6.382978723404255,29.90213333333333,81.73333333333333,0.0,53.20779061317444,0.6885185185184698
6.482712765957447,29.646355555555555,81.73333333333333,0.0,66.9521267414093,0.6895439240893366
6.582446808510638,30.12,81.61777777777777,0.0,80.65328431129456,0.6894145104007796
6.68218085106383,30.042933333333334,81.61777777777777,0.0,94.47065138816833,0.6895819796404342
6.781914893617022,29.747466666666668,81.66222222222223,0.0,108.14586448669434,0.6900113378684593
6.881648936170213,29.884888888888888,81.60888888888888,0.008888888888888889,121.84615349769592,0.6899708396179216
6.9813829787234045,30.2816,81.28,0.0,135.46866726875305,0.6897585064740569
7.0811170212765955,29.11937777777778,82.52444444444444,0.0,11.25600004196167,0.6988779599271602
7.180851063829787,29.192533333333333,82.39111111111112,0.0,24.861815690994263,0.6977581699346255
7.280585106382978,29.553066666666666,81.72444444444444,0.0,38.50175499916077,0.6959431279620495
7.38031914893617,29.59777777777778,81.67111111111112,0.0,52.13736295700073,0.6953519813519363
7.480053191489362,29.117155555555556,82.19555555555556,0.008888888888888889,65.7123589515686,0.6956971375807539
7.579787234042553,29.52751111111111,81.82222222222222,0.0,79.33336281776428,0.6955423037716293
7.679521276595745,29.626533333333334,81.68888888888888,0.0,92.90088629722595,0.6955164166122809
7.779255319148936,29.636666666666667,81.77777777777779,0.0,106.48994326591492,0.695281759575249
7.878989361702128,29.419822222222223,81.73333333333333,0.0,120.0250415802002,0.6954950411834094
7.9787234042553195,29.522933333333334,82.06222222222223,0.008888888888888889,133.50604796409607,0.6954245169083093
8.07845744680851,29.0,82.13333333333334,0.008888888888888889,10.798394441604614,0.7000451977401292
8.178191489361701,28.970844444444445,82.66666666666667,0.008888888888888889,24.326101064682007,0.6995356550580283
8.277925531914894,28.948622222222223,81.99111111111111,0.0,37.85133647918701,0.6995108984582281
8.377659574468085,28.845022222222223,83.23555555555555,0.008888888888888889,51.34734272956848,0.6997887323943156
8.477393617021276,29.066533333333332,82.34666666666666,0.0,64.7723560333252,0.6998254410398835
8.577127659574469,29.268044444444445,82.08888888888889,0.0,78.19626331329346,0.699538146441338
8.67686170212766,28.98951111111111,82.17777777777778,0.0,91.58058905601501,0.6996952630429716
8.77659574468085,29.355911111111112,81.84,0.0,104.95994758605957,0.6994185692541595
8.876329787234043,29.076266666666665,82.52444444444444,0.0,118.36236906051636,0.6994557410217701
8.976063829787234,28.98928888888889,82.16,0.0,131.7721393108368,0.6995149863761233
9.075797872340425,28.759644444444444,82.64888888888889,0.008888888888888889,10.372071504592896,0.7040000000000188
9.175531914893616,28.574577777777776,82.88,0.0,23.7235324382782,0.7046363636363553
9.275265957446809,28.84288888888889,82.2311111111111,0.0,36.96956968307495,0.7031798174986305
9.375,28.924977777777777,82.41777777777777,0.0,50.35931921005249,0.7021197793537789
9.474734042553191,28.87048888888889,82.61333333333334,0.0,63.67773938179016,0.7017615935262583
9.574468085106384,29.23293333333333,82.39999999999999,0.0,76.93720436096191,0.7011388888888593
9.674202127659575,29.473288888888888,82.21333333333334,0.0,90.12050533294678,0.7002252903791086
9.773936170212766,28.952577777777776,82.62222222222222,0.0,103.46207070350647,0.7001878579610301
9.873670212765957,28.928444444444445,82.56,0.0,116.7815203666687,0.7002739726027603
9.97340425531915,28.949555555555555,82.57777777777778,0.0,130.0762197971344,0.7004341226473391
