Epochs,Loss,Accuracy (%),Silent labels (%),Time (s),Average Prediction Confidence
0.09973404255319149,107.28213333333333,32.06222222222222,11.36888888888889,41.3474645614624,0.2804444444444668
0.19946808510638298,62.99097777777778,55.13777777777777,0.6222222222222222,68.70295333862305,0.33624592592587604
0.2992021276595745,55.467733333333335,61.69777777777777,0.017777777777777778,94.03902649879456,0.3709609876542976
0.39893617021276595,51.937733333333334,65.02222222222223,0.008888888888888889,117.27776050567627,0.39619999999998773
0.49867021276595747,49.123733333333334,66.34666666666666,0.0,139.00925517082214,0.4170453333333186
0.598404255319149,47.123377777777776,68.81777777777778,0.0,160.05503249168396,0.43389037037035155
0.6981382978723404,45.742444444444445,69.28888888888889,0.0,180.58186173439026,0.44801269841268365
0.7978723404255319,44.333466666666666,70.45333333333333,0.0,200.67783737182617,0.4603629629629666
0.8976063829787234,43.07617777777778,71.09333333333333,0.0,220.48822569847107,0.4711940740740943
0.9973404255319149,41.937333333333335,72.02666666666667,0.0,240.0898597240448,0.48106133333336254
1.0970744680851063,40.99604444444444,72.88,0.0,19.204240560531616,0.5780639269406501
1.196808510638298,39.56475555555556,73.60888888888888,0.0,38.29576349258423,0.5862432432432353
1.2965425531914894,38.75631111111111,74.88,0.0,57.121323585510254,0.5910293971100836
1.3962765957446808,38.15186666666666,74.96888888888888,0.0,75.3216872215271,0.5949425801640134
1.4960106382978724,37.891466666666666,74.56,0.0,93.17414021492004,0.5974477211795768
1.5957446808510638,37.10888888888889,75.38666666666667,0.008888888888888889,110.45016646385193,0.5999791666666405
1.6954787234042554,36.13631111111111,75.94666666666666,0.0,127.37229895591736,0.6034119396643183
1.7952127659574468,35.94888888888889,75.8488888888889,0.0,143.95031929016113,0.605895206243033
1.8949468085106382,35.72026666666667,75.83111111111111,0.0,160.13033652305603,0.6082390622420459
1.9946808510638299,35.715155555555555,75.44,0.0,176.12811613082886,0.6101390374331989
2.0944148936170213,34.39288888888889,76.63111111111111,0.0,15.731640338897705,0.6441502347418034
2.1941489361702127,34.453466666666664,77.52,0.0,32.002482175827026,0.6459147640791345
2.293882978723404,35.2748,77.37777777777778,0.0,48.89659810066223,0.6476178984413895
2.393617021276596,35.4608,78.04444444444445,0.017777777777777778,66.54424667358398,0.6506681681681173
2.4933510638297873,36.50933333333333,78.2311111111111,0.06222222222222223,84.69586896896362,0.6535849056603334
2.5930851063829787,36.974355555555555,78.48888888888888,0.10666666666666667,103.33283042907715,0.6571958146486933
2.69281914893617,38.32617777777778,79.16444444444444,0.19555555555555554,122.14078855514526,0.661044998933643
2.7925531914893615,41.897733333333335,78.62222222222222,0.43555555555555553,141.11303329467773,0.6640730797911727
2.8922872340425534,44.90217777777778,78.82666666666667,0.3288888888888889,160.28937792778015,0.6670693823480573
2.992021276595745,48.383066666666664,79.17333333333333,0.5955555555555556,179.3275215625763,0.6701215370867376
3.091755319148936,52.16142222222222,80.0,0.7288888888888889,18.251070976257324,0.7026215780998545
3.1914893617021276,57.22688888888889,79.70666666666666,0.8,37.825201988220215,0.7035864197530741
3.291223404255319,61.31146666666667,79.91111111111111,0.7733333333333333,57.304953813552856,0.7056844241501544
3.390957446808511,65.41364444444444,80.09777777777778,0.7377777777777778,76.75938558578491,0.70750113378682
3.4906914893617023,70.33488888888888,80.70222222222222,0.5866666666666667,96.218745470047,0.7094284853959308
3.5904255319148937,73.52804444444445,80.92444444444445,0.6577777777777778,115.52992820739746,0.7111441441441013
3.690159574468085,77.11848888888889,80.75555555555556,0.6933333333333334,134.7733256816864,0.71242646114318
3.7898936170212765,77.50862222222223,80.91555555555556,0.6311111111111111,153.98959946632385,0.7132966704077323
3.889627659574468,76.11968888888889,81.24444444444444,0.4977777777777778,172.9985213279724,0.714224879588127
3.9893617021276597,75.1211111111111,80.64,0.3022222222222222,191.77937650680542,0.7142479091996258
4.089095744680851,66.5384,82.22222222222221,0.1688888888888889,16.852007389068604,0.7165306799336938
4.1888297872340425,57.87133333333333,81.69777777777779,0.044444444444444446,35.09369611740112,0.7134021909232995
4.288563829787234,49.84031111111111,81.77777777777779,0.02666666666666667,53.1521692276001,0.7120061443932012
4.388297872340425,44.82,81.94666666666667,0.017777777777777778,71.08064007759094,0.7117914764078654
4.488031914893617,42.06106666666667,81.16444444444444,0.0,89.18533182144165,0.7113787465939575
4.587765957446808,39.18884444444444,81.77777777777779,0.017777777777777778,107.1728584766388,0.7120341880341494
4.6875,38.437155555555556,81.36,0.02666666666666667,125.20094776153564,0.7124590586717929
4.787234042553192,37.79297777777778,81.76,0.035555555555555556,143.36947655677795,0.7136659159158851
4.886968085106383,37.19831111111111,82.18666666666667,0.035555555555555556,161.46958804130554,0.7150598034316599
4.986702127659575,38.565688888888886,82.21333333333334,0.05333333333333334,179.63868927955627,0.716584606169632
5.086436170212766,40.787866666666666,83.33333333333334,0.11555555555555555,16.047781467437744,0.7324512820513033
5.1861702127659575,42.5596,83.25333333333333,0.19555555555555554,34.35546135902405,0.7345936507936411
5.285904255319149,45.82995555555556,82.29333333333332,0.20444444444444446,52.68623232841492,0.73476382428938
5.38563829787234,49.077822222222224,82.59555555555555,0.2488888888888889,70.92614793777466,0.7350007662834859
5.485372340425532,51.464533333333335,82.74666666666667,0.2222222222222222,89.27384972572327,0.7354946727549028
5.585106382978723,54.59515555555556,82.68444444444445,0.2311111111111111,107.62580394744873,0.7361353535353042
5.684840425531915,57.623155555555556,82.90666666666667,0.3377777777777778,125.9107346534729,0.7369484358144112
5.784574468085107,59.61551111111111,83.44888888888889,0.21333333333333335,144.14241099357605,0.7379525423728348
5.884308510638298,62.19702222222222,82.37333333333333,0.21333333333333335,162.4294126033783,0.7378172096909293
5.98404255319149,60.32977777777778,82.03555555555555,0.19555555555555554,180.52508997917175,0.7369573573574726
6.0837765957446805,55.59213333333334,83.48444444444443,0.08888888888888889,15.414214611053467,0.7422927689594557
6.183510638297872,49.84688888888889,83.01333333333332,0.05333333333333334,33.099234104156494,0.7393590982286502
6.283244680851064,45.52031111111111,82.98666666666666,0.02666666666666667,50.71818923950195,0.738860719874772
6.382978723404255,42.6344,83.54666666666667,0.0,68.21838450431824,0.7392530864197145
6.482712765957447,40.172666666666665,83.41333333333333,0.0,85.96285557746887,0.7404542393632949
6.582446808510638,38.247733333333336,83.67999999999999,0.0,103.75881385803223,0.7414155251141177
6.68218085106383,36.196622222222224,83.6888888888889,0.008888888888888889,121.545569896698,0.7427385748321087
6.781914893617022,34.620844444444444,83.6,0.017777777777777778,139.423730134964,0.7441209372637643
6.881648936170213,33.80404444444444,83.89333333333333,0.02666666666666667,157.3940041065216,0.7456008044243869
6.9813829787234045,34.977066666666666,83.29777777777778,0.08,175.36418676376343,0.7463769948811879
7.0811170212765955,35.657377777777775,84.58666666666666,0.11555555555555555,15.312527179718018,0.7650928961748839
7.180851063829787,36.626666666666665,84.60444444444445,0.18666666666666668,33.54278802871704,0.766944444444435
7.280585106382978,40.8924,84.26666666666667,0.19555555555555554,52.12084078788757,0.7664518167456268
7.38031914893617,43.8044,83.89333333333333,0.3111111111111111,70.83887076377869,0.7652229992229622
7.480053191489362,45.79542222222222,84.8,0.4444444444444444,89.63847708702087,0.7667873191750869
7.579787234042553,47.11386666666667,84.42666666666668,0.4977777777777778,108.60149908065796,0.7672273190621409
7.679521276595745,50.76302222222222,84.24000000000001,0.5955555555555556,127.49510431289673,0.7673911719938695
7.779255319148936,55.13035555555555,84.44444444444444,0.5333333333333333,146.37494540214539,0.7675927189988367
7.878989361702128,59.59671111111111,84.44444444444444,0.6488888888888888,165.19848012924194,0.7678608169440554
7.9787234042553195,61.745466666666665,84.59555555555556,0.6222222222222222,183.82575917243958,0.7680187198068466
8.07845744680851,65.34182222222222,85.04888888888888,0.5866666666666667,14.890582084655762,0.778907721280619
8.178191489361701,66.97844444444445,85.30666666666666,0.41777777777777775,33.67235803604126,0.7762752902155784
8.277925531914894,69.33817777777777,84.88888888888889,0.4888888888888889,51.80386161804199,0.7755364167995538
8.377659574468085,65.92448888888889,85.53777777777778,0.2222222222222222,69.5211763381958,0.7746838810641286
8.477393617021276,59.18493333333333,85.25333333333333,0.09777777777777777,87.38400650024414,0.7718093469513676
8.577127659574469,50.18053333333334,84.21333333333332,0.07111111111111111,105.01284980773926,0.7685847414234152
8.67686170212766,43.17764444444445,84.56888888888889,0.017777777777777778,122.63748550415039,0.7666282471075826
8.77659574468085,38.9844,84.72,0.017777777777777778,140.39855241775513,0.7654414003044046
8.876329787234043,35.986133333333335,84.82666666666667,0.008888888888888889,158.17758631706238,0.764908447142229
8.976063829787234,34.51431111111111,84.72,0.017777777777777778,176.05855321884155,0.7648495307298109
9.075797872340425,33.0368,84.88888888888889,0.017777777777777778,13.8306245803833,0.7724756335282845
9.175531914893616,32.96106666666667,85.24444444444444,0.035555555555555556,31.856492519378662,0.775202020202004
9.275265957446809,32.72173333333333,85.38666666666667,0.0,50.012391805648804,0.7769017713365147
9.375,32.74008888888889,85.34222222222222,0.044444444444444446,68.37636065483093,0.7766099290779639
9.474734042553191,33.88106666666667,85.65333333333334,0.035555555555555556,86.60691356658936,0.7774839713662814
9.574468085106384,34.7736,85.42222222222222,0.08,104.92075824737549,0.7783281893003707
9.674202127659575,36.17035555555555,84.90666666666667,0.12444444444444445,123.37338280677795,0.7784369932061883
9.773936170212766,37.21071111111111,85.50222222222223,0.1688888888888889,141.94243597984314,0.7790477281405018
9.873670212765957,38.43782222222222,85.65333333333334,0.21333333333333335,160.40442180633545,0.7796035853205484
9.97340425531915,40.11262222222222,85.70666666666666,0.1688888888888889,178.806067943573,0.7803005464482157
