Epochs,Loss,Accuracy (%),Silent labels (%),Time (s),Average Prediction Confidence
0.09973404255319149,103.22604444444444,32.42666666666666,9.733333333333333,38.14489531517029,0.28487703703706035
0.19946808510638298,61.013822222222224,55.45777777777777,0.0,63.814889907836914,0.3406844444443946
0.2992021276595745,55.01457777777778,61.68888888888889,0.008888888888888889,88.17906498908997,0.37544691358022453
0.39893617021276595,51.741955555555556,64.88000000000001,0.0,111.14789271354675,0.4002577777777677
0.49867021276595747,49.037333333333336,66.29333333333334,0.0,133.09134817123413,0.42041244444443177
0.598404255319149,47.00671111111111,68.89777777777778,0.0,154.2826647758484,0.43676543209874896
0.6981382978723404,45.71315555555555,69.29777777777778,0.0,174.97158575057983,0.45043470899469784
0.7978723404255319,44.35573333333333,70.48,0.0,195.24473428726196,0.4623118518518634
0.8976063829787234,43.07933333333333,70.72,0.0,215.13153457641602,0.47285991769550156
0.9973404255319149,41.83213333333333,71.67999999999999,0.0,234.6946051120758,0.48262874074077766
1.0970744680851063,40.92137777777778,72.94222222222221,0.0,19.191445112228394,0.5790989345509999
1.196808510638298,39.45955555555555,73.52,0.0,38.279441356658936,0.5861201201201108
1.2965425531914894,38.60035555555555,74.71111111111111,0.0,57.11233377456665,0.5914240159441618
1.3962765957446808,38.35942222222222,74.47111111111111,0.0,75.2881875038147,0.5950201342281461
1.4960106382978724,38.20493333333334,74.30222222222223,0.0,93.03471279144287,0.5975406613046882
1.5957446808510638,37.50644444444445,75.35111111111111,0.0,111.10146379470825,0.600271825396799
1.6954787234042554,36.690311111111114,75.78666666666666,0.0,129.17319798469543,0.6037017208412885
1.7952127659574468,36.44195555555556,75.56444444444445,0.0,146.95000100135803,0.6062088442958005
1.8949468085106382,36.18582222222222,75.71555555555555,0.0,164.57037711143494,0.6084180287271056
1.9946808510638299,36.139155555555554,75.52,0.008888888888888889,181.72141480445862,0.6103660130719399
2.0944148936170213,34.87528888888889,76.64888888888889,0.0,16.40448760986328,0.6418967136150405
2.1941489361702127,34.57013333333333,77.37777777777778,0.0,33.89527130126953,0.6433515981735011
2.293882978723404,34.47533333333333,77.32444444444444,0.0,50.98561143875122,0.6441488185017196
2.393617021276596,34.06133333333333,77.5111111111111,0.0,68.13696908950806,0.645454954954904
2.4933510638297873,33.764266666666664,77.80444444444444,0.0,85.37136578559875,0.6467026055704863
2.5930851063829787,33.09857777777778,78.06222222222222,0.0,102.5278844833374,0.6482720478325656
2.69281914893617,33.07991111111111,78.45333333333333,0.0,119.67570805549622,0.6499449776071569
2.7925531914893615,33.22537777777778,78.46222222222222,0.008888888888888889,136.78092908859253,0.651571215510814
2.8922872340425534,33.05502222222222,78.13333333333333,0.0,153.90390968322754,0.6530405696307456
2.992021276595745,32.282088888888886,78.84444444444443,0.0,170.68843340873718,0.6547512660114111
3.091755319148936,31.625777777777778,79.81333333333333,0.0,15.850455522537231,0.6755942028985727
3.1914893617021276,32.03102222222222,79.56444444444445,0.0,32.723520040512085,0.6743580246913411
3.291223404255319,32.06488888888889,79.05777777777779,0.0,49.51963520050049,0.6745205479451671
3.390957446808511,31.640666666666668,79.52,0.0,66.63745141029358,0.6759682539682021
3.4906914893617023,31.61111111111111,80.24,0.0,83.41425943374634,0.6770972598614406
3.5904255319148937,31.976533333333332,79.64444444444445,0.008888888888888889,100.19473934173584,0.6779259259258944
3.690159574468085,32.22217777777778,79.93777777777777,0.008888888888888889,117.13701796531677,0.6790597302504586
3.7898936170212765,31.93297777777778,79.81333333333333,0.0,134.07659649848938,0.6796296296296203
3.889627659574468,31.229733333333332,80.21333333333334,0.0,151.02315855026245,0.6803308420528466
3.9893617021276597,31.658666666666665,79.64444444444445,0.0,167.92922043800354,0.680774193548494
4.089095744680851,30.505333333333333,81.27111111111111,0.0,15.767367601394653,0.6962653399668572
4.1888297872340425,31.443555555555555,80.72888888888889,0.0,33.112820863723755,0.6948732394365977
4.288563829787234,32.205822222222224,81.00444444444445,0.017777777777777778,50.397382974624634,0.6956866359446531
4.388297872340425,32.02106666666667,80.89777777777778,0.017777777777777778,67.75803756713867,0.6961659056315986
4.488031914893617,31.511333333333333,80.28444444444445,0.008888888888888889,85.15912532806396,0.6959406600060164
4.587765957446808,30.596711111111112,80.9511111111111,0.0,102.7574896812439,0.6963931623931421
4.6875,30.827644444444445,80.64,0.017777777777777778,120.31574892997742,0.6965733935095536
4.787234042553192,31.3128,81.23555555555556,0.008888888888888889,137.72714495658875,0.6973018018017958
4.886968085106383,31.398,81.44888888888889,0.017777777777777778,154.84680581092834,0.6978250874563235
4.986702127659575,30.999777777777776,81.39555555555556,0.008888888888888889,171.99149298667908,0.6988631326745898
5.086436170212766,30.055733333333333,82.2311111111111,0.0,15.417311191558838,0.7089435897436105
5.1861702127659575,30.289022222222222,81.89333333333333,0.0,33.22737646102905,0.7102793650793443
5.285904255319149,30.50568888888889,81.58222222222223,0.017777777777777778,51.026206493377686,0.7100837209301901
5.38563829787234,30.0308,81.66222222222223,0.008888888888888889,69.66837573051453,0.7103586206895993
5.485372340425532,30.396444444444445,81.67111111111112,0.008888888888888889,87.06111001968384,0.7103732115676923
5.585106382978723,30.06982222222222,82.2488888888889,0.008888888888888889,104.73237538337708,0.7107141414141108
5.684840425531915,30.614044444444446,82.22222222222221,0.035555555555555556,122.46866202354431,0.7113346278316977
5.784574468085107,30.075333333333333,82.81777777777778,0.035555555555555556,140.19038248062134,0.7121800376647742
5.884308510638298,30.5616,81.49333333333333,0.008888888888888889,158.09014987945557,0.7122406015038187
5.98404255319149,30.408044444444446,81.32444444444444,0.008888888888888889,175.84562730789185,0.7118840840842295
6.0837765957446805,29.273155555555554,82.81777777777778,0.008888888888888889,15.242972373962402,0.723216931216952
6.183510638297872,29.271911111111113,82.43555555555555,0.008888888888888889,32.601994037628174,0.7211626409017502
6.283244680851064,29.130222222222223,82.28444444444445,0.008888888888888889,50.08034420013428,0.72063432446527
6.382978723404255,29.113422222222223,82.99555555555555,0.0,67.53773164749146,0.7215802469135245
6.482712765957447,29.701644444444444,82.66666666666667,0.0,85.03203248977661,0.7220067340066869
6.582446808510638,30.27128888888889,82.72,0.017777777777777778,102.65335631370544,0.7214632166412626
6.68218085106383,29.3188,82.54222222222222,0.017777777777777778,120.60285639762878,0.7216244314489677
6.781914893617022,28.662577777777777,83.07555555555555,0.0,138.28307962417603,0.7225238095237906
6.881648936170213,29.4828,82.92444444444445,0.008888888888888889,155.94270753860474,0.7228610692140779
6.9813829787234045,29.558755555555557,82.18666666666667,0.0,173.7207269668579,0.7225787413431273
7.0811170212765955,27.909644444444446,83.62666666666667,0.0,14.91976284980774,0.7303169398907361
7.180851063829787,27.119555555555557,83.55555555555556,0.0,33.00471377372742,0.7322516339869094
7.280585106382978,27.2832,83.21777777777778,0.0,50.88615560531616,0.7312290679304426
7.38031914893617,27.534666666666666,82.80888888888889,0.0,69.13592863082886,0.7301569541568929
7.480053191489362,27.2424,83.71555555555555,0.008888888888888889,87.37563753128052,0.7307590027700294
7.579787234042553,27.681466666666665,83.18222222222222,0.008888888888888889,105.30498576164246,0.7310275229357446
7.679521276595745,27.827066666666667,83.23555555555555,0.017777777777777778,124.04925036430359,0.7309058490976108
7.779255319148936,28.43142222222222,83.24444444444444,0.017777777777777778,140.84188890457153,0.7307447857413596
7.878989361702128,28.39591111111111,83.05777777777777,0.008888888888888889,157.77628803253174,0.7309040174820052
7.9787234042553195,27.858044444444445,83.53777777777778,0.017777777777777778,174.72316980361938,0.7310223429953288
8.07845744680851,27.39182222222222,83.66222222222223,0.008888888888888889,13.737475872039795,0.7373182674199844
8.178191489361701,26.693155555555556,84.10666666666667,0.0,30.770859003067017,0.7375754560530465
8.277925531914894,26.753866666666667,83.72444444444444,0.0,47.814308404922485,0.7372355130249434
8.377659574468085,26.356533333333335,84.47111111111111,0.0,64.83641147613525,0.7382065727698968
8.477393617021276,26.969822222222223,83.83111111111111,0.0,81.82095503807068,0.7383559269575607
8.577127659574469,27.723066666666668,83.2088888888889,0.0,98.7990734577179,0.7378166922682807
8.67686170212766,27.527955555555554,83.6711111111111,0.0,115.79546880722046,0.7376904605981055
8.77659574468085,27.442133333333334,83.41333333333333,0.0,132.72585034370422,0.7374923896499125
8.876329787234043,26.919911111111112,83.86666666666667,0.0,149.71357011795044,0.737700219187406
8.976063829787234,27.711066666666667,83.54666666666667,0.017777777777777778,166.65411400794983,0.7377141992130052
9.075797872340425,28.0524,84.1511111111111,0.008888888888888889,13.189013481140137,0.7427212475633767
9.175531914893616,28.176444444444446,84.25777777777778,0.017777777777777778,30.136696100234985,0.7440909090908903
9.275265957446809,27.698355555555555,84.23111111111112,0.008888888888888889,47.2488112449646,0.7437552334943176
9.375,26.86551111111111,84.0,0.008888888888888889,64.50726532936096,0.7431126871551791
9.474734042553191,26.709377777777778,84.29333333333334,0.0,81.7200448513031,0.7432443199501566
9.574468085106384,27.424266666666668,84.3911111111111,0.008888888888888889,99.52819561958313,0.7431162551440019
9.674202127659575,28.03351111111111,83.87555555555556,0.008888888888888889,116.85899710655212,0.7426316020161975
9.773936170212766,27.799422222222223,84.24000000000001,0.0,134.2377109527588,0.742695685376086
9.873670212765957,27.494355555555554,84.22222222222221,0.008888888888888889,151.698566198349,0.7426497547777008
9.97340425531915,26.55937777777778,84.56,0.0,169.285471200943,0.7428816029145704
