Epochs,Loss,Accuracy (%),Silent labels (%),Time (s),Average Prediction Confidence
0.09973404255319149,103.0436888888889,32.586666666666666,9.786666666666667,36.12441372871399,0.28377481481483885
0.19946808510638298,66.13826666666667,55.85777777777777,2.008888888888889,61.044217109680176,0.33710518518513644
0.2992021276595745,57.062666666666665,61.093333333333334,0.6666666666666667,83.72124171257019,0.37111901234565664
0.39893617021276595,51.815644444444445,64.64888888888889,0.008888888888888889,105.00303387641907,0.396537777777768
0.49867021276595747,49.14404444444445,65.97333333333333,0.0,125.31812906265259,0.4171460740740632
0.598404255319149,47.19582222222222,68.76444444444444,0.0,144.88295912742615,0.4336740740740593
0.6981382978723404,45.94146666666666,68.97777777777779,0.0,164.05951690673828,0.44751915343914406
0.7978723404255319,44.58484444444444,70.09777777777778,0.0,182.786141872406,0.45960444444445236
0.8976063829787234,43.300133333333335,70.8711111111111,0.0,201.15285420417786,0.4702742386831537
0.9973404255319149,42.06937777777778,71.93777777777778,0.0,219.2183063030243,0.4800924444444792
1.0970744680851063,41.16173333333333,72.53333333333333,0.0,17.561214447021484,0.5773211567732223
1.196808510638298,39.57035555555556,73.90222222222222,0.0,35.253050088882446,0.5852972972972913
1.2965425531914894,38.93728888888889,74.70222222222222,0.0,52.73371481895447,0.5903418036870651
1.3962765957446808,38.46302222222222,74.76444444444445,0.0,70.07617211341858,0.5941297539149486
1.4960106382978724,38.30524444444445,74.4088888888889,0.0,87.29794716835022,0.5966958593982293
1.5957446808510638,37.729644444444446,75.61777777777777,0.0,104.21684980392456,0.5993799603174362
1.6954787234042554,36.92151111111111,75.88444444444444,0.0,121.02921152114868,0.6027745910346209
1.7952127659574468,36.690844444444444,75.70666666666666,0.0,137.54798674583435,0.6052515793385377
1.8949468085106382,36.6176,75.6888888888889,0.0,153.93302965164185,0.6074703648671093
1.9946808510638299,36.40546666666667,75.69777777777777,0.0,170.20556044578552,0.6094408793821005
2.0944148936170213,34.96355555555556,76.8,0.0,15.279118061065674,0.6398497652582364
2.1941489361702127,34.605422222222224,77.73333333333333,0.0,31.22658348083496,0.6418234398782199
2.293882978723404,34.708933333333334,77.42222222222223,0.0,47.08461332321167,0.6423388637505913
2.393617021276596,34.32315555555556,77.61777777777777,0.0,62.73301982879639,0.6435915915915372
2.4933510638297873,33.92146666666667,77.83111111111111,0.0,78.23802328109741,0.6451488469601204
2.5930851063829787,33.568666666666665,78.42666666666666,0.0,93.55826044082642,0.646654708520147
2.69281914893617,33.22893333333333,78.77333333333333,0.008888888888888889,108.79384875297546,0.6484410322030097
2.7925531914893615,33.20493333333334,78.43555555555555,0.0,124.00125527381897,0.6499649515287025
2.8922872340425534,33.00044444444445,78.3288888888889,0.0,139.03853249549866,0.6511508527901979
2.992021276595745,32.53071111111111,78.80888888888889,0.0,153.93208861351013,0.652622579684328
3.091755319148936,31.925911111111112,79.58222222222221,0.0,13.801477670669556,0.6696489533011507
3.1914893617021276,31.944444444444443,79.5288888888889,0.0,28.749109029769897,0.6702283950617111
3.291223404255319,31.869644444444443,79.33333333333333,0.008888888888888889,43.399815797805786,0.6708026382546497
3.390957446808511,31.482355555555557,79.33333333333333,0.0,58.21051597595215,0.6724958427814963
3.4906914893617023,31.26248888888889,80.21333333333334,0.0,72.90697407722473,0.6738982234266232
3.5904255319148937,31.150844444444445,80.03555555555556,0.0,87.48383569717407,0.675053053053018
3.690159574468085,30.975466666666666,79.97333333333333,0.0,101.97981214523315,0.6761746949261146
3.7898936170212765,31.165111111111113,79.80444444444444,0.0,116.49986171722412,0.6766404788626901
3.889627659574468,30.864,80.13333333333334,0.0,130.94165015220642,0.6774382992858624
3.9893617021276597,31.101466666666667,79.59111111111112,0.0,145.27852034568787,0.6779091995222124
4.089095744680851,29.6492,81.59111111111112,0.0,13.033390045166016,0.6924709784411561
4.1888297872340425,30.052577777777778,80.61333333333334,0.0,27.36924457550049,0.6920532081376971
4.288563829787234,29.7984,80.68444444444445,0.0,41.66593599319458,0.6924342037889984
4.388297872340425,29.748044444444446,80.74666666666667,0.0,55.869022607803345,0.6927427701673734
4.488031914893617,30.23871111111111,80.40888888888888,0.0,70.02336859703064,0.6924904632152205
4.587765957446808,29.741155555555554,80.83555555555556,0.0,84.12236499786377,0.6928667672196833
4.6875,29.871733333333335,80.7911111111111,0.0,98.24727845191956,0.6930831721469888
4.787234042553192,29.50142222222222,81.31555555555555,0.0,112.39613366127014,0.6938318318318232
4.886968085106383,29.436222222222224,81.47555555555556,0.008888888888888889,126.44077157974243,0.694260869565269
4.986702127659575,29.01706666666667,81.77777777777779,0.0,140.49415016174316,0.6952021563343722
5.086436170212766,28.76671111111111,82.0,0.0,12.289921998977661,0.7039384615384836
5.1861702127659575,28.594933333333334,81.67111111111112,0.0,26.22666358947754,0.7058793650793441
5.285904255319149,28.773377777777778,81.64444444444445,0.0,40.20295715332031,0.7055669250645507
5.38563829787234,28.709155555555554,81.7688888888889,0.0,54.12762403488159,0.7058375478926571
5.485372340425532,28.795866666666665,81.90222222222222,0.0,68.09537363052368,0.7058934550988798
5.585106382978723,28.50262222222222,81.82222222222222,0.0,82.00824189186096,0.7063161616161218
5.684840425531915,28.272133333333333,82.1511111111111,0.008888888888888889,95.89265370368958,0.7072138079827142
5.784574468085107,27.954,82.38222222222223,0.0,109.69548201560974,0.7080512241054452
5.884308510638298,28.408533333333335,81.60888888888888,0.0,123.40954613685608,0.7082807017544366
5.98404255319149,28.846933333333332,81.09333333333333,0.008888888888888889,137.18480038642883,0.7079933933935342
6.0837765957446805,27.5792,82.67555555555556,0.0,11.69491171836853,0.7186948853615733
6.183510638297872,27.644222222222222,82.51555555555555,0.0,25.395129919052124,0.7167407407407226
6.283244680851064,27.928755555555554,82.02666666666667,0.0,39.086448192596436,0.7159123630672527
6.382978723404255,27.60311111111111,82.54222222222222,0.0,52.764182806015015,0.7165601851851252
6.482712765957447,27.445066666666666,82.63111111111111,0.0,66.32214450836182,0.7171570247933344
6.582446808510638,27.94502222222222,82.33777777777777,0.0,79.89150810241699,0.7166098427193907
6.68218085106383,27.857066666666668,82.33777777777777,0.0,93.4403965473175,0.716415854450908
6.781914893617022,27.32817777777778,82.85333333333334,0.0,107.03498554229736,0.7171118669689834
6.881648936170213,27.298933333333334,82.8711111111111,0.008888888888888889,120.62447261810303,0.7174090832914913
6.9813829787234045,27.9536,82.24000000000001,0.0,134.1232008934021,0.7171881963265565
7.0811170212765955,26.840888888888887,83.6,0.0,11.221426963806152,0.7247140255009347
7.180851063829787,26.51191111111111,83.59111111111112,0.0,24.667240381240845,0.7268366013071671
7.280585106382978,27.0452,83.02222222222223,0.0,38.17653489112854,0.7252890995260203
7.38031914893617,27.293733333333332,82.54222222222222,0.0,51.62770891189575,0.7241072261071638
7.480053191489362,26.568,83.56444444444445,0.008888888888888889,64.9825587272644,0.7248753462603298
7.579787234042553,26.974222222222224,82.76444444444444,0.0,78.42969870567322,0.7252395514780372
7.679521276595745,27.1216,82.86222222222223,0.0,91.85882425308228,0.7251602522287126
7.779255319148936,26.98217777777778,83.32444444444445,0.0,105.24134588241577,0.7251141448615582
7.878989361702128,27.08808888888889,82.93333333333334,0.0,118.64803147315979,0.725190788367858
7.9787234042553195,26.88111111111111,83.09333333333333,0.008888888888888889,131.97965693473816,0.7252427536233427
8.07845744680851,26.589111111111112,83.32444444444445,0.008888888888888889,10.658994674682617,0.7317288135593437
8.178191489361701,26.26822222222222,83.84,0.0,24.03280234336853,0.7312006633498953
8.277925531914894,26.428444444444445,83.24444444444444,0.0,37.34245729446411,0.7306007442849095
8.377659574468085,26.040177777777778,84.11555555555556,0.0,50.61632990837097,0.7316071987479877
8.477393617021276,26.330177777777777,83.71555555555555,0.0,63.89817261695862,0.7316867842772694
8.577127659574469,26.62208888888889,83.12,0.0,77.25534653663635,0.7310230414746255
8.67686170212766,26.483644444444444,83.28,0.008888888888888889,90.56169843673706,0.7308089936694836
8.77659574468085,26.74342222222222,83.44,0.0,103.79653525352478,0.7306902587518862
8.876329787234043,26.331377777777778,83.83111111111111,0.0,117.03393888473511,0.7308366211432243
8.976063829787234,26.419866666666667,83.41333333333333,0.0,130.31630325317383,0.7309094762338916
9.075797872340425,25.97982222222222,83.86666666666667,0.008888888888888889,10.276228904724121,0.7353684210526539
9.175531914893616,25.80142222222222,84.07111111111111,0.008888888888888889,23.493849754333496,0.7364747474747285
9.275265957446809,25.953244444444444,83.81333333333333,0.0,36.62566828727722,0.7363220611915778
9.375,26.029733333333333,83.63555555555556,0.0,49.78628492355347,0.7357068557918999
9.474734042553191,25.8976,83.87555555555556,0.0,62.9255747795105,0.7357584811701989
9.574468085106384,25.807777777777776,84.08888888888889,0.0,76.07207036018372,0.7360174897118957
9.674202127659575,26.164088888888887,83.42222222222222,0.0,89.31960535049438,0.7355923734384977
9.773936170212766,25.86848888888889,83.80444444444444,0.0,102.45873928070068,0.7355379915998247
9.873670212765957,25.888844444444445,83.88444444444444,0.0,115.5137038230896,0.735596820564933
9.97340425531915,25.88991111111111,84.23111111111112,0.008888888888888889,128.62970304489136,0.7358973891926397
