Epochs,Loss,Accuracy (%),Silent labels (%),Time (s),Average Prediction Confidence
0.09973404255319149,101.52017777777777,32.79111111111111,9.075555555555557,35.75591850280762,0.2875911111111358
0.19946808510638298,60.91422222222222,55.68888888888889,0.0,59.983577489852905,0.34217185185179894
0.2992021276595745,55.03608888888889,62.035555555555554,0.008888888888888889,82.72842860221863,0.37642271604935723
0.39893617021276595,51.70528888888889,65.03999999999999,0.017777777777777778,103.41843628883362,0.4008592592592459
0.49867021276595747,48.9784,66.57777777777778,0.0,123.3946533203125,0.42084029629628317
0.598404255319149,47.03564444444444,69.19999999999999,0.0,142.7053747177124,0.43704197530862454
0.6981382978723404,45.7024,69.23555555555555,0.0,161.4764211177826,0.45070899470898385
0.7978723404255319,44.34431111111111,70.56,0.0,179.91203951835632,0.4626392592592677
0.8976063829787234,43.14657777777778,71.07555555555555,0.0,197.91629195213318,0.4730488888889154
0.9973404255319149,41.9036,71.99111111111111,0.017777777777777778,215.70864176750183,0.482752000000037
1.0970744680851063,40.9756,73.05777777777777,0.0,17.5189847946167,0.5782100456621116
1.196808510638298,39.42706666666667,73.96444444444444,0.0,35.09586524963379,0.5861111111111027
1.2965425531914894,38.59484444444445,74.81777777777778,0.0,52.257415533065796,0.5914100647732621
1.3962765957446808,38.10128888888889,75.1288888888889,0.0,69.10743880271912,0.5951096196867597
1.4960106382978724,37.827333333333335,74.34666666666668,0.0,85.6338460445404,0.59773011617511
1.5957446808510638,37.083422222222225,75.42222222222222,0.0,101.90587711334229,0.6005138888888647
1.6954787234042554,36.28746666666667,76.21333333333334,0.0,117.92166590690613,0.6039473125132693
1.7952127659574468,36.05204444444445,75.52,0.008888888888888889,133.5674865245819,0.6064206614641457
1.8949468085106382,35.891555555555556,75.8488888888889,0.0,149.08443808555603,0.6087369985141348
1.9946808510638299,35.632533333333335,75.86666666666667,0.008888888888888889,164.3644301891327,0.6106767676768196
2.0944148936170213,34.16417777777778,76.8711111111111,0.0,14.421961545944214,0.6424162754303782
2.1941489361702127,33.92364444444444,77.67111111111112,0.0,29.367494821548462,0.6437899543378811
2.293882978723404,34.050755555555554,77.49333333333334,0.0,44.19995069503784,0.6445067873302749
2.393617021276596,33.64644444444444,77.55555555555556,0.0,58.92740797996521,0.6461231231230685
2.4933510638297873,33.52782222222222,77.87555555555555,0.0,73.48825645446777,0.6476981132075035
2.5930851063829787,33.27195555555556,78.43555555555555,0.0,88.16397881507874,0.6497837568509943
2.69281914893617,33.14693333333334,78.82666666666667,0.0,103.04121088981628,0.6521364896566264
2.7925531914893615,33.554,78.66666666666666,0.0,118.02705454826355,0.6542356450410062
2.8922872340425534,33.66773333333333,78.62222222222222,0.0,133.58517241477966,0.6564073522106385
2.992021276595745,33.605777777777774,79.29777777777778,0.0,149.72440385818481,0.6588686327078637
3.091755319148936,32.91831111111111,80.20444444444445,0.008888888888888889,15.516098737716675,0.6895394524959951
3.1914893617021276,32.99955555555555,80.22222222222221,0.0,32.23882603645325,0.6898086419752888
3.291223404255319,32.60315555555555,79.88444444444444,0.0,49.09991693496704,0.6916083206493779
3.390957446808511,32.388355555555556,80.37333333333333,0.0,66.235684633255,0.6950385487527821
3.4906914893617023,32.08826666666667,81.42222222222222,0.0,85.12497663497925,0.6982161999397265
3.5904255319148937,31.698888888888888,81.33333333333333,0.0,104.06643486022949,0.7011691691691273
3.690159574468085,31.480622222222223,81.0488888888889,0.0,121.61529016494751,0.7038672661100067
3.7898936170212765,31.144933333333334,81.09333333333333,0.0,139.31573176383972,0.7061541339318834
3.889627659574468,30.562533333333334,81.69777777777779,0.008888888888888889,157.863272190094,0.7087068593257256
3.9893617021276597,30.842088888888888,81.6,0.0,177.9013204574585,0.7105561529272274
4.089095744680851,29.547955555555557,83.21777777777778,0.0,17.779968738555908,0.7416451077943897
4.1888297872340425,29.810444444444446,82.61333333333334,0.008888888888888889,36.44675588607788,0.7416932707355107
4.288563829787234,29.28942222222222,83.16444444444444,0.0,54.44566297531128,0.7433835125447664
4.388297872340425,29.34728888888889,83.00444444444445,0.008888888888888889,72.35006761550903,0.7449041095889908
4.488031914893617,29.9304,82.12444444444445,0.008888888888888889,90.25989437103271,0.7449651831667756
4.587765957446808,29.3392,82.88,0.0,108.29486346244812,0.7460734037204311
4.6875,29.5924,83.04,0.008888888888888889,126.3193564414978,0.7469434773264253
4.787234042553192,29.17951111111111,83.40444444444445,0.008888888888888889,144.29476690292358,0.7483408408408249
4.886968085106383,29.29591111111111,83.2,0.008888888888888889,162.3301649093628,0.7493040146594093
4.986702127659575,29.20111111111111,83.71555555555555,0.0,180.4664182662964,0.7510200658881321
5.086436170212766,28.816222222222223,84.90666666666667,0.017777777777777778,15.863324880599976,0.7680273504273734
5.1861702127659575,28.437333333333335,84.53333333333333,0.017777777777777778,33.99437618255615,0.7704190476190332
5.285904255319149,28.91431111111111,84.09777777777778,0.035555555555555556,52.16277837753296,0.7707514211885953
5.38563829787234,29.259333333333334,84.37333333333333,0.008888888888888889,70.28558444976807,0.7707509578543625
5.485372340425532,29.44408888888889,84.60444444444445,0.035555555555555556,88.52918004989624,0.771150076103463
5.585106382978723,29.076977777777778,84.8711111111111,0.02666666666666667,106.86338257789612,0.7715919191918863
5.684840425531915,29.236,84.69333333333333,0.05333333333333334,125.13436269760132,0.7722200647248915
5.784574468085107,28.935733333333335,84.95111111111112,0.10666666666666667,143.47783708572388,0.77340941619586
5.884308510638298,30.177555555555557,84.05333333333334,0.035555555555555556,161.88152050971985,0.7735177944862972
5.98404255319149,30.362177777777777,84.04444444444444,0.10666666666666667,180.30410528182983,0.7733417417418854
6.0837765957446805,29.370355555555555,85.55555555555556,0.07111111111111111,15.64064884185791,0.7895943562610424
6.183510638297872,29.7964,85.21777777777778,0.09777777777777777,34.15848207473755,0.7867407407407261
6.283244680851064,30.171511111111112,85.26222222222222,0.08,52.64840793609619,0.7863515910276144
6.382978723404255,30.337422222222223,85.32444444444445,0.12444444444444445,71.25436806678772,0.78654475308638
6.482712765957447,30.28928888888889,85.78666666666666,0.12444444444444445,89.70302963256836,0.7875629017446865
6.582446808510638,31.325866666666666,85.51111111111112,0.1511111111111111,108.22538185119629,0.7869578893962127
6.68218085106383,31.81271111111111,85.11111111111111,0.2311111111111111,126.75034141540527,0.7869924193198748
6.781914893617022,31.929111111111112,85.80444444444446,0.28444444444444444,145.1686351299286,0.7874829931972832
6.881648936170213,31.87791111111111,85.76,0.19555555555555554,163.84525609016418,0.787658790011803
6.9813829787234045,33.32022222222222,85.13777777777779,0.19555555555555554,182.42846941947937,0.7873435712136161
7.0811170212765955,32.84742222222222,86.33777777777777,0.17777777777777778,15.235825300216675,0.7965391621129495
7.180851063829787,32.68386666666667,86.09777777777778,0.3288888888888889,38.19654679298401,0.7965751633986808
7.280585106382978,33.96973333333333,85.84,0.24,61.84411430358887,0.7957746182200786
7.38031914893617,34.63506666666667,85.44,0.3377777777777778,85.46918869018555,0.7947288267287925
7.480053191489362,35.31293333333333,86.65777777777778,0.3288888888888889,107.66253542900085,0.7963619575253554
7.579787234042553,35.8936,86.05333333333334,0.29333333333333333,129.63082098960876,0.796338430173254
7.679521276595745,36.58884444444445,85.86666666666667,0.4,151.74938583374023,0.7962783213741771
7.779255319148936,37.21391111111111,86.21333333333332,0.4266666666666667,173.26722645759583,0.7965422828972318
7.878989361702128,38.60777777777778,85.72444444444444,0.3911111111111111,195.22216963768005,0.7964552025551047
7.9787234042553195,37.96102222222222,86.45333333333333,0.4444444444444444,217.2936496734619,0.7967952898551665
8.07845744680851,39.01488888888889,86.54222222222222,0.5155555555555555,18.554571390151978,0.8029001883239314
8.178191489361701,39.45711111111111,86.69333333333333,0.4088888888888889,41.11051821708679,0.8042918739635113
8.277925531914894,41.214977777777776,86.35555555555555,0.5511111111111111,64.20780038833618,0.8028665603402307
8.377659574468085,40.50728888888889,87.2,0.4977777777777778,87.14723634719849,0.8038935837245461
8.477393617021276,41.70675555555555,86.8,0.5777777777777777,109.82796740531921,0.8045261528938117
8.577127659574469,43.23511111111111,86.25777777777778,0.5777777777777777,131.61629390716553,0.8035678443420029
8.67686170212766,43.62311111111111,86.66666666666667,0.48,153.84929776191711,0.8034071163501036
8.77659574468085,45.06693333333333,86.56,0.6311111111111111,176.22950148582458,0.8032861491628502
8.876329787234043,45.28582222222222,86.99555555555555,0.5599999999999999,198.70933365821838,0.8034031360647889
8.976063829787234,46.90546666666667,86.57777777777778,0.6933333333333334,221.062597990036,0.8035761429004769
9.075797872340425,47.02724444444444,86.54222222222222,0.6844444444444444,17.163630485534668,0.8090136452241811
9.175531914893616,47.598,87.03999999999999,0.6488888888888888,39.60229706764221,0.8100471380471302
9.275265957446809,49.694177777777774,86.96000000000001,0.7911111111111112,61.754624128341675,0.8090413311862449
9.375,49.928222222222225,86.94222222222223,0.6133333333333334,83.9613127708435,0.8089440504333864
9.474734042553191,51.33422222222222,87.28888888888889,0.6044444444444445,106.43482708930969,0.8095536881418857
9.574468085106384,53.065244444444446,87.19111111111111,0.6311111111111111,128.93244743347168,0.8097078189299991
9.674202127659575,53.34204444444445,86.77333333333334,0.6844444444444444,151.58991622924805,0.8093824238439142
9.773936170212766,54.08484444444444,86.96000000000001,0.7111111111111111,173.98557233810425,0.8093203512790947
9.873670212765957,56.24115555555556,87.12,0.6933333333333334,196.5749773979187,0.8091933028919611
9.97340425531915,56.38808888888889,87.22666666666666,0.7466666666666667,219.22005224227905,0.8094329083182195
