Epochs,Loss,Accuracy (%),Silent labels (%),Time (s),Average Prediction Confidence
0.09973404255319149,104.2576888888889,32.044444444444444,10.275555555555556,39.041237115859985,0.2833540740740975
0.19946808510638298,63.9856,55.16444444444445,0.9777777777777777,64.57444787025452,0.3378281481480991
0.2992021276595745,55.22666666666667,61.635555555555555,0.008888888888888889,87.90213799476624,0.3728948148147892
0.39893617021276595,51.937644444444445,64.69333333333334,0.0,109.96604108810425,0.39784296296295096
0.49867021276595747,49.306133333333335,66.25777777777778,0.0,131.08709192276,0.4179413333333189
0.598404255319149,47.23128888888889,68.62222222222222,0.008888888888888889,151.43748998641968,0.4342943209876367
0.6981382978723404,45.82622222222222,69.08444444444444,0.0,171.38966488838196,0.4481887830687708
0.7978723404255319,44.5172,70.33777777777777,0.0,190.92786192893982,0.4602370370370437
0.8976063829787234,43.20977777777778,70.70222222222222,0.0,210.0239818096161,0.47076477366257774
0.9973404255319149,41.885644444444445,71.80444444444444,0.0,228.87224769592285,0.48065718518522005
1.0970744680851063,40.93813333333333,72.83555555555556,0.0,18.685207843780518,0.5780943683409553
1.196808510638298,39.382266666666666,73.74222222222222,0.0,37.39707684516907,0.58585885885885
1.2965425531914894,38.5296,74.44444444444444,0.0,55.396591901779175,0.5910313901344959
1.3962765957446808,37.98271111111111,74.93333333333332,0.008888888888888889,73.52330994606018,0.5950335570469352
1.4960106382978724,37.736577777777775,74.24,0.0,91.29563736915588,0.5975859398271783
1.5957446808510638,37.0036,75.26222222222222,0.008888888888888889,108.75711870193481,0.6002589285714072
1.6954787234042554,36.25937777777778,75.77777777777777,0.0,125.95750856399536,0.6036745272997583
1.7952127659574468,36.19791111111111,75.69777777777777,0.0,142.9716067314148,0.6061798587885622
1.8949468085106382,36.32,75.66222222222223,0.0,159.75950741767883,0.6083321776457159
1.9946808510638299,36.418533333333336,75.44,0.008888888888888889,176.34752655029297,0.6101426024955899
2.0944148936170213,35.01275555555556,76.64,0.0,15.689941883087158,0.6406948356807697
2.1941489361702127,34.63653333333333,77.38666666666667,0.008888888888888889,31.73101019859314,0.6427975646879615
2.293882978723404,34.66733333333333,76.83555555555556,0.008888888888888889,47.97408437728882,0.6432659627953295
2.393617021276596,34.27551111111111,77.50222222222222,0.0,64.11927700042725,0.6443138138137569
2.4933510638297873,34.00088888888889,77.53777777777778,0.008888888888888889,80.1474404335022,0.6455741239891714
2.5930851063829787,33.5912,78.10666666666667,0.008888888888888889,96.22376894950867,0.647275535625285
2.69281914893617,33.522355555555556,78.60444444444444,0.0,112.25407218933105,0.6492267007890681
2.7925531914893615,33.78777777777778,78.51555555555557,0.0,128.3569519519806,0.6508232662192358
2.8922872340425534,33.644444444444446,77.98222222222222,0.0,144.59722805023193,0.6521794999172109
2.992021276595745,32.89951111111111,78.7911111111111,0.008888888888888889,160.96548128128052,0.653809353589595
3.091755319148936,32.16773333333333,79.85777777777778,0.0,15.494441986083984,0.6734299516908411
3.1914893617021276,31.979333333333333,79.36,0.0,32.10404825210571,0.6732407407407256
3.291223404255319,31.770666666666667,79.21777777777777,0.008888888888888889,48.4467613697052,0.6732582445458781
3.390957446808511,31.1948,79.37777777777778,0.0,64.59641098976135,0.6744308390022133
3.4906914893617023,30.716044444444446,80.1511111111111,0.0,80.80172204971313,0.6758879855464754
3.5904255319148937,30.519288888888887,79.92,0.0,96.88490557670593,0.6769199199198912
3.690159574468085,30.38688888888889,79.81333333333333,0.008888888888888889,112.3805456161499,0.67811603511024
3.7898936170212765,30.627155555555557,79.63555555555556,0.0,128.03086161613464,0.6787661803217327
3.889627659574468,30.680311111111113,79.95555555555556,0.0,143.53791880607605,0.6795827935559263
3.9893617021276597,31.2968,79.60000000000001,0.008888888888888889,159.12993788719177,0.6800029868579409
4.089095744680851,30.113333333333333,81.36888888888889,0.0,14.63252854347229,0.6935058043118008
4.1888297872340425,30.584666666666667,80.81777777777778,0.0,30.7633957862854,0.6934929577464575
4.288563829787234,30.054133333333333,80.82666666666667,0.0,47.13503432273865,0.6947199180747154
4.388297872340425,29.837955555555556,80.90666666666667,0.0,63.73039722442627,0.6953135464230845
4.488031914893617,30.00751111111111,80.29333333333334,0.0,80.17137336730957,0.6950893127459571
4.587765957446808,29.32751111111111,80.97777777777779,0.0,96.60845398902893,0.6955666163901306
4.6875,29.369244444444444,80.77333333333333,0.008888888888888889,113.1853199005127,0.6957653127014768
4.787234042553192,28.92711111111111,81.46666666666667,0.0,129.68560934066772,0.6965277777777745
4.886968085106383,29.00311111111111,81.27111111111111,0.008888888888888889,146.12393498420715,0.697338664001387
4.986702127659575,29.2684,81.56444444444443,0.0,162.46147871017456,0.6987355495658796
5.086436170212766,30.56711111111111,81.96444444444444,0.017777777777777778,14.871588945388794,0.7096410256410479
5.1861702127659575,32.93502222222222,81.52000000000001,0.08,31.581477165222168,0.7116698412698229
5.285904255319149,35.372844444444446,81.5111111111111,0.1511111111111111,48.4204843044281,0.7110015503875525
5.38563829787234,37.084355555555554,81.70666666666668,0.12444444444444445,65.46665906906128,0.711092720306459
5.485372340425532,36.71595555555555,81.95555555555556,0.08888888888888889,82.50210237503052,0.7112438356163853
5.585106382978723,37.23813333333333,81.78666666666666,0.13333333333333333,99.59053492546082,0.7117737373736909
5.684840425531915,38.88684444444444,81.6,0.19555555555555554,116.70241403579712,0.7122778856526063
5.784574468085107,39.32213333333333,82.31111111111112,0.14222222222222222,133.93266248703003,0.7132369114877283
5.884308510638298,40.220977777777776,81.18222222222222,0.12444444444444445,151.08686995506287,0.713600668337546
5.98404255319149,39.7888,80.9511111111111,0.09777777777777777,168.30056643486023,0.7133765765766882
6.0837765957446805,37.80182222222222,82.37333333333333,0.08,14.677449941635132,0.7268077601411141
6.183510638297872,36.228,82.29333333333332,0.008888888888888889,31.74175477027893,0.7234685990337938
6.283244680851064,34.15008888888889,82.10666666666665,0.008888888888888889,48.680009603500366,0.7224809598330313
6.382978723404255,31.47528888888889,82.68444444444445,0.0,65.56407904624939,0.7222638888888365
6.482712765957447,29.528488888888887,82.71111111111111,0.0,82.42989134788513,0.7223997551269832
6.582446808510638,29.502,82.43555555555555,0.0,99.21321487426758,0.7218447488584137
6.68218085106383,29.160044444444445,82.75555555555556,0.0,116.24639868736267,0.7221061295213087
6.781914893617022,30.048844444444445,82.78222222222223,0.02666666666666667,133.46893072128296,0.7230498866212955
6.881648936170213,34.31986666666667,82.79111111111112,0.044444444444444446,150.84484195709229,0.7236795709737415
6.9813829787234045,41.08257777777778,82.33777777777777,0.08888888888888889,168.40719866752625,0.7239132791329125
7.0811170212765955,45.87506666666667,83.42222222222222,0.1688888888888889,14.876255512237549,0.7357959927140442
7.180851063829787,48.14431111111111,83.29777777777778,0.13333333333333333,32.60847330093384,0.7382810457516217
7.280585106382978,51.9352,82.75555555555556,0.09777777777777777,50.0314724445343,0.737385992627672
7.38031914893617,52.21324444444444,82.74666666666667,0.06222222222222223,67.751873254776,0.7357637917637514
7.480053191489362,45.07613333333333,83.44888888888889,0.035555555555555556,85.8673164844513,0.7362708525699817
7.579787234042553,39.87853333333333,83.27111111111111,0.008888888888888889,103.94685959815979,0.73655147808355
7.679521276595745,39.766622222222225,82.89777777777778,0.017777777777777778,122.02988290786743,0.736560991519862
7.779255319148936,42.599111111111114,83.08444444444444,0.02666666666666667,140.13384437561035,0.7363352294273486
7.878989361702128,45.514266666666664,82.75555555555556,0.035555555555555556,158.24276685714722,0.7363012270970376
7.9787234042553195,40.51875555555556,83.28,0.008888888888888889,176.57547235488892,0.7364015700484253
8.07845744680851,37.08537777777778,83.69777777777779,0.035555555555555556,14.775607824325562,0.7422975517890951
8.178191489361701,37.33862222222222,84.16888888888889,0.05333333333333334,32.89416694641113,0.743877280265326
8.277925531914894,41.81511111111111,83.40444444444445,0.08,51.466262102127075,0.7431600212652594
8.377659574468085,44.80586666666667,84.30222222222223,0.12444444444444445,70.3605227470398,0.7447981220656975
8.477393617021276,46.57191111111111,83.51111111111112,0.05333333333333334,89.28693532943726,0.745178582482177
8.577127659574469,49.24671111111111,82.99555555555555,0.06222222222222223,108.43655109405518,0.744560163850466
8.67686170212766,47.431022222222225,83.6,0.02666666666666667,127.6286609172821,0.7441851124208446
8.77659574468085,40.89031111111111,83.28888888888889,0.02666666666666667,146.88003659248352,0.7441552511415312
8.876329787234043,35.78035555555556,83.98222222222222,0.0,166.12184762954712,0.7447809812848405
8.976063829787234,36.35862222222222,83.79555555555555,0.017777777777777778,185.41360759735107,0.7451541023313435
9.075797872340425,37.302533333333336,84.31111111111112,0.008888888888888889,14.969425678253174,0.7541130604288667
9.175531914893616,40.96248888888889,84.17777777777778,0.06222222222222223,34.2890727519989,0.7539999999999886
9.275265957446809,42.63142222222222,83.93777777777778,0.14222222222222222,53.68615436553955,0.7539688674181148
9.375,40.814,84.24888888888889,0.044444444444444446,73.09779596328735,0.7537825059101286
9.474734042553191,40.500933333333336,84.35555555555555,0.044444444444444446,92.42547488212585,0.7541002178648816
9.574468085106384,41.4296,84.19555555555556,0.017777777777777778,111.7997727394104,0.7538950617283607
9.674202127659575,42.00035555555556,83.76,0.008888888888888889,131.01675033569336,0.7526811308349463
9.773936170212766,39.73488888888889,84.00888888888889,0.008888888888888889,150.18441033363342,0.7525292096219678
9.873670212765957,39.0276,84.28444444444445,0.017777777777777778,169.3931074142456,0.7523808557416538
9.97340425531915,38.629511111111114,84.16,0.008888888888888889,188.6124234199524,0.7523005464482204
