Epochs,Loss,Accuracy (%),Silent labels (%),Time (s),Average Prediction Confidence
0.09973404255319149,102.50844444444445,32.91555555555556,9.564444444444446,35.69249868392944,0.2855288888889129
0.19946808510638298,63.785466666666665,55.90222222222222,0.9777777777777777,60.13157510757446,0.3395496296295803
0.2992021276595745,55.17635555555555,61.591111111111104,0.008888888888888889,82.46905136108398,0.37377185185183
0.39893617021276595,51.94488888888889,64.8,0.008888888888888889,103.4190845489502,0.39826222222221097
0.49867021276595747,49.20666666666666,66.10666666666667,0.0,123.50301861763,0.41835614814813393
0.598404255319149,47.31697777777778,68.59555555555555,0.0,143.12198138237,0.4345935802468967
0.6981382978723404,45.92933333333333,68.81777777777778,0.0,162.3310511112213,0.44838772486771294
0.7978723404255319,44.641866666666665,70.40888888888888,0.008888888888888889,181.09816670417786,0.460317777777787
0.8976063829787234,43.34768888888889,70.96000000000001,0.0,199.4328396320343,0.4708826337448832
0.9973404255319149,42.203466666666664,71.53777777777778,0.0,217.4752495288849,0.4805677037037387
1.0970744680851063,41.35702222222222,72.73777777777778,0.0,17.57087993621826,0.5758051750380622
1.196808510638298,39.68626666666667,73.76,0.0,35.25228238105774,0.5840480480480389
1.2965425531914894,39.001777777777775,74.38222222222223,0.0,52.74475383758545,0.5895206776282688
1.3962765957446808,38.555733333333336,75.00444444444445,0.0,69.97928762435913,0.593382550335528
1.4960106382978724,38.34,74.32888888888888,0.0,87.13971972465515,0.5961108132260482
1.5957446808510638,37.62515555555556,75.5911111111111,0.0,104.11464405059814,0.5988720238094958
1.6954787234042554,36.92653333333333,75.94666666666666,0.008888888888888889,121.00627541542053,0.6022817080943135
1.7952127659574468,36.64697777777778,76.01777777777777,0.0,137.67611360549927,0.6048524712002912
1.8949468085106382,36.50182222222222,75.99111111111111,0.0,154.22996282577515,0.6072015849430477
1.9946808510638299,36.27342222222222,75.53777777777778,0.0,170.5869586467743,0.6092519310754979
2.0944148936170213,34.79377777777778,76.7911111111111,0.0,15.574090957641602,0.641289514867
2.1941489361702127,34.5084,77.52,0.0,31.90594506263733,0.6430928462709155
2.293882978723404,34.657066666666665,77.29777777777778,0.0,47.99776911735535,0.643175465057781
2.393617021276596,34.18933333333333,77.52,0.0,64.0412814617157,0.6441906906906417
2.4933510638297873,33.9468,77.65333333333334,0.0,79.88382625579834,0.6454998502545266
2.5930851063829787,33.53471111111111,78.45333333333333,0.0,95.56434655189514,0.647286497259567
2.69281914893617,33.17622222222222,78.75555555555556,0.0,111.18796014785767,0.6491183621241078
2.7925531914893615,33.09786666666667,78.42666666666666,0.0,126.72384190559387,0.6506092468307219
2.8922872340425534,32.82617777777778,78.56,0.0,142.24732208251953,0.6519688690180567
2.992021276595745,32.39688888888889,78.80888888888889,0.0,157.52719044685364,0.6535817694370849
3.091755319148936,31.73168888888889,79.85777777777778,0.0,14.211676836013794,0.6724702093397967
3.1914893617021276,31.75497777777778,79.30666666666667,0.0,29.51191473007202,0.6725277777777559
3.291223404255319,31.7544,79.15555555555555,0.008888888888888889,44.614288091659546,0.6730167427701228
3.390957446808511,31.377111111111113,79.48444444444445,0.0,59.687289237976074,0.6743582766439365
3.4906914893617023,31.201066666666666,80.28444444444445,0.0,74.59007930755615,0.6753110508882371
3.5904255319148937,31.158622222222224,79.84,0.0,89.38267254829407,0.676320320320289
3.690159574468085,30.92097777777778,79.92888888888889,0.0,104.19903445243835,0.6773598801113052
3.7898936170212765,31.04888888888889,79.99111111111111,0.0,118.97047352790833,0.6778383838383805
3.889627659574468,30.773377777777778,80.05333333333333,0.0,133.64386558532715,0.6786075402757397
3.9893617021276597,31.020933333333332,79.60000000000001,0.0,148.1226508617401,0.6789928315413299
4.089095744680851,29.659866666666666,81.20888888888888,0.0,13.223493814468384,0.6918275290215857
4.1888297872340425,29.97248888888889,80.97777777777779,0.0,27.790223836898804,0.6922034428794779
4.288563829787234,29.643155555555555,81.08444444444444,0.0,42.388373613357544,0.6934214029697456
4.388297872340425,29.643733333333333,80.88,0.0,56.798277854919434,0.6939543378994858
4.488031914893617,30.03151111111111,80.11555555555555,0.0,71.07312512397766,0.693634877384156
4.587765957446808,29.601111111111113,80.97777777777779,0.0,85.41012501716614,0.6940522875816778
4.6875,29.831955555555556,80.64,0.0,99.65254926681519,0.6942514506769726
4.787234042553192,29.32328888888889,81.14666666666666,0.0,113.85648345947266,0.6949909909909873
4.886968085106383,29.3224,81.13777777777777,0.0,128.05759930610657,0.6955282358821135
4.986702127659575,28.744533333333333,81.77777777777779,0.0,142.38433814048767,0.6966199460917905
5.086436170212766,28.523555555555557,82.2311111111111,0.0,12.401814937591553,0.7064478632478852
5.1861702127659575,28.361333333333334,82.00888888888889,0.0,26.560572147369385,0.7084253968253755
5.285904255319149,28.506,81.81333333333333,0.0,40.705976247787476,0.7083018087854858
5.38563829787234,28.42062222222222,81.63555555555556,0.0,54.77097511291504,0.7083019157087533
5.485372340425532,28.379066666666667,81.92,0.0,68.72237253189087,0.7081716894976717
5.585106382978723,28.34617777777778,82.31111111111112,0.0,82.70038962364197,0.7083494949494613
5.684840425531915,28.063866666666666,82.20444444444445,0.0,96.6602110862732,0.7090028047464748
5.784574468085107,27.7676,82.44444444444444,0.0,110.54528665542603,0.7097981167608185
5.884308510638298,28.33248888888889,81.35111111111111,0.0,124.43174052238464,0.7100003341688107
5.98404255319149,28.596844444444443,81.34222222222223,0.017777777777777778,138.2509605884552,0.709718918919063
6.0837765957446805,27.37462222222222,82.59555555555555,0.0,11.800815343856812,0.720613756613776
6.183510638297872,27.5248,82.53333333333333,0.0,25.55375075340271,0.7181578099838742
6.283244680851064,27.6688,82.07111111111111,0.0,39.409456968307495,0.7175336463223297
6.382978723404255,27.44088888888889,82.92444444444445,0.0,53.19247555732727,0.7178518518517896
6.482712765957447,27.28857777777778,82.78222222222223,0.0,66.99017715454102,0.7185932047749748
6.582446808510638,27.6696,82.70222222222222,0.0,80.7068510055542,0.7181714865550152
6.68218085106383,27.438488888888887,82.56888888888889,0.0,94.42713809013367,0.7183773012778661
6.781914893617022,26.99702222222222,82.85333333333334,0.0,108.13139843940735,0.7191496598639318
6.881648936170213,27.037955555555556,83.05777777777777,0.008888888888888889,121.69391584396362,0.7195555555556237
6.9813829787234045,27.565555555555555,82.30222222222223,0.0,135.21454310417175,0.7194634146343014
7.0811170212765955,26.508311111111112,83.35111111111111,0.0,11.210854291915894,0.7281530054645046
7.180851063829787,26.26088888888889,83.66222222222223,0.0,24.809930324554443,0.7296209150326574
7.280585106382978,26.73448888888889,82.89777777777778,0.0,38.358192682266235,0.7281327014217501
7.38031914893617,26.892044444444444,82.72,0.0,51.98622179031372,0.7273317793317132
7.480053191489362,26.345555555555556,83.39555555555556,0.008888888888888889,65.45753479003906,0.7278965835641209
7.579787234042553,26.49968888888889,83.28,0.0,78.97261023521423,0.7281681957186165
7.679521276595745,26.69817777777778,83.00444444444445,0.0,92.42584037780762,0.7280626223091738
7.779255319148936,26.631155555555555,83.00444444444445,0.0,105.92032718658447,0.727948426241927
7.878989361702128,26.57328888888889,82.9511111111111,0.0,119.37364292144775,0.7282003698101329
7.9787234042553195,26.541333333333334,83.28888888888889,0.008888888888888889,132.73238110542297,0.7283574879228721
8.07845744680851,26.19488888888889,83.60888888888888,0.0,10.757684230804443,0.7356836158192309
8.178191489361701,25.871288888888888,83.96444444444444,0.0,24.152377128601074,0.7352736318407754
8.277925531914894,26.108888888888888,83.49333333333333,0.0,37.525309801101685,0.7343944710260029
8.377659574468085,25.67248888888889,84.37333333333333,0.008888888888888889,50.90056109428406,0.7351877934271744
8.477393617021276,25.936133333333334,83.89333333333333,0.0,64.36164712905884,0.7352708139894347
8.577127659574469,26.2,83.12888888888888,0.0,77.73852849006653,0.7346973886328485
8.67686170212766,25.98302222222222,83.40444444444445,0.0,91.0830397605896,0.7346003056101152
8.77659574468085,26.219822222222223,83.19111111111111,0.0,104.54165601730347,0.7344665144596582
8.876329787234043,25.803911111111113,84.0,0.0,117.86314964294434,0.7347361321869029
8.976063829787234,25.869022222222224,83.55555555555556,0.0,131.20291018486023,0.7347895852257237
9.075797872340425,25.436355555555554,84.22222222222221,0.008888888888888889,10.229628562927246,0.7400623781676644
9.175531914893616,25.1668,84.30222222222223,0.008888888888888889,23.50003743171692,0.7414343434343215
9.275265957446809,25.35991111111111,83.86666666666667,0.0,36.777355432510376,0.7411980676328022
9.375,25.431466666666665,83.77777777777777,0.008888888888888889,50.095577239990234,0.7409692671394176
9.474734042553191,25.406933333333335,83.94666666666667,0.008888888888888889,63.41845393180847,0.7411540616246048
9.574468085106384,25.365733333333335,84.34666666666666,0.0,76.60344982147217,0.7412376543209528
9.674202127659575,25.66928888888889,83.91111111111111,0.0,89.8210129737854,0.7406916502300911
9.773936170212766,25.3928,84.32888888888888,0.0,103.00953006744385,0.7407132493317921
9.873670212765957,25.3816,84.11555555555556,0.0,116.14329099655151,0.7406785049890975
9.97340425531915,25.23208888888889,84.65777777777778,0.0,129.33693170547485,0.7409805707348535
