0.02,0.03,0.05,0.08,0.1,0.13,0.15,0.18,0.2
0.0,0.0,0.01142,0.1338933333333333,0.25226666666666664,0.33080666666666675,0.36769333333333337,0.42302,0.4460266666666666
0.0,0.0,0.026546666666666666,0.1550133333333333,0.24170666666666663,0.29241999999999996,0.31688000000000005,0.35592666666666667,0.37310000000000015
0.0,0.0,0.04030666666666667,0.16573333333333332,0.23475333333333329,0.2755666666666666,0.2956,0.3282266666666667,0.3423933333333333
0.0,0.0,0.05370000000000001,0.17068666666666663,0.22618666666666662,0.25851999999999997,0.27452,0.30102666666666666,0.31278666666666666
0.0,0.0,0.06129999999999999,0.1695133333333333,0.21908666666666662,0.24789333333333327,0.26297333333333334,0.28791999999999995,0.2990333333333333
0.0,0.0,0.06864,0.1689533333333333,0.21227333333333326,0.23779999999999993,0.2508333333333333,0.2729,0.2826066666666667
0.0,0.0,0.07357999999999999,0.16806666666666664,0.2083266666666666,0.2321933333333333,0.2449933333333333,0.26692,0.2765666666666667
0.0,0.0,0.07738666666666666,0.16858,0.20934666666666665,0.2349133333333333,0.24842666666666666,0.27246666666666663,0.2831333333333333
0.0,0.0,0.08063333333333335,0.16703999999999994,0.20476666666666665,0.22913999999999998,0.24279333333333333,0.26648666666666665,0.27724666666666664
0.0,0.0,0.08225333333333332,0.16832,0.20681999999999998,0.23223333333333332,0.24633333333333332,0.2712133333333333,0.2823266666666666
0.0,0.0,0.0843,0.1696266666666666,0.20929333333333328,0.23640666666666665,0.2516466666666667,0.27893333333333337,0.29111333333333334
0.0,0.0,0.08615999999999997,0.16884666666666662,0.20650000000000002,0.23317999999999997,0.24853333333333336,0.27568666666666664,0.28803999999999996
0.0,0.0,0.08708666666666665,0.16934666666666662,0.2088733333333333,0.23730666666666664,0.25370666666666664,0.2833,0.29658666666666667
0.0,0.0,0.08844666666666665,0.17088666666666666,0.21051333333333336,0.23968000000000003,0.25682,0.28676666666666667,0.30021333333333333
0.0,0.0,0.08877999999999998,0.1688666666666667,0.20736666666666667,0.23564000000000004,0.25237333333333334,0.28212,0.2954933333333333
0.0,0.0,0.08953999999999997,0.1691733333333333,0.2084733333333333,0.23839999999999997,0.2558066666666667,0.28718000000000005,0.30146000000000006
0.0,0.0,0.09025333333333332,0.1696866666666666,0.20914666666666665,0.2394733333333333,0.2576266666666667,0.28996666666666665,0.3046666666666667
0.0,6.666666666666667e-06,0.0904333333333333,0.16924666666666663,0.2101533333333333,0.24165333333333333,0.2607066666666667,0.2947133333333333,0.31010666666666675
0.0,3.333333333333333e-05,0.09055333333333332,0.1681,0.20868000000000006,0.2405866666666667,0.25959333333333334,0.29394666666666663,0.30955333333333335
0.0,2e-05,0.09058666666666663,0.1686066666666666,0.21049999999999996,0.24372666666666665,0.26388000000000006,0.30032,0.31672666666666666
0.0,0.0001,0.09035333333333333,0.16907999999999995,0.2121666666666666,0.2468533333333333,0.26798,0.30649333333333334,0.3237666666666667
0.0,0.0002333333333333333,0.08960666666666665,0.16760666666666663,0.21298666666666663,0.2488866666666667,0.2706866666666667,0.31066666666666665,0.3287466666666667
0.0,0.00034666666666666667,0.08889999999999999,0.16716,0.21248666666666666,0.24938666666666662,0.27212,0.31389999999999996,0.33282000000000006
0.0,0.0006666666666666666,0.08886,0.16587999999999997,0.21113333333333334,0.24836666666666665,0.27170666666666665,0.31389333333333336,0.3330866666666667
0.0,0.00066,0.08851999999999999,0.1658533333333333,0.21314,0.2527000000000001,0.27626666666666666,0.3196666666666667,0.33965333333333336
0.0,0.0010133333333333333,0.08896666666666665,0.1644466666666666,0.21127999999999994,0.2504,0.27496666666666664,0.3194933333333333,0.33966
0.0,0.0012933333333333336,0.08859999999999997,0.16393333333333326,0.21117333333333332,0.25126000000000004,0.27548,0.3206066666666667,0.3409533333333334
0.0,0.002026666666666667,0.0895,0.1667133333333333,0.21569333333333332,0.25699333333333335,0.2822133333333333,0.32878666666666667,0.34960666666666673
0.0,0.0033933333333333333,0.09115999999999998,0.16974666666666663,0.22048666666666666,0.2636266666666667,0.2902,0.3386933333333333,0.3606666666666667
0.0,0.003726666666666667,0.09143999999999998,0.16958666666666666,0.22118666666666667,0.26517333333333337,0.2919733333333333,0.3404466666666666,0.36248
