0.02,0.03,0.05,0.08,0.1,0.13,0.15,0.18,0.2
0.0,0.0,0.016086666666666666,0.12136666666666666,0.24365999999999996,0.3916933333333335,0.4564799999999999,0.57176,0.6237400000000001
0.0,0.0,0.033780000000000004,0.1468333333333333,0.24719333333333326,0.3601466666666666,0.4112733333333334,0.5048733333333333,0.5485266666666666
0.0,0.0,0.047293333333333326,0.15569999999999995,0.24121999999999996,0.3392466666666666,0.38434000000000007,0.46974666666666665,0.51024
0.0,0.0,0.060406666666666664,0.16086666666666663,0.2359533333333333,0.32506666666666667,0.36710666666666675,0.4469466666666666,0.48468666666666677
0.0,0.0,0.06671333333333333,0.16082666666666662,0.2309266666666666,0.31662,0.3571533333333333,0.4350333333333334,0.47181999999999996
0.0,0.0,0.07257333333333332,0.16050666666666666,0.22624,0.30838,0.3469866666666668,0.42183333333333345,0.45728
0.0,0.0,0.0768,0.16038666666666665,0.2238133333333333,0.3031933333333333,0.34117333333333333,0.4132133333333334,0.44699333333333335
0.0,0.0,0.07955999999999999,0.1611133333333333,0.22318666666666664,0.30188000000000004,0.33926666666666677,0.4115266666666667,0.4453933333333333
0.0,0.0,0.08320666666666668,0.16451999999999997,0.22674666666666662,0.3035333333333334,0.3398866666666667,0.40817333333333344,0.44043999999999994
0.0,0.0,0.08827333333333331,0.17442666666666665,0.2408866666666666,0.3231,0.36079333333333335,0.4332200000000001,0.4676400000000001
0.0,0.0,0.08786666666666665,0.18304,0.2545133333333333,0.34086,0.3811733333333334,0.4578733333333333,0.4936066666666667
0.0,0.0,0.08384666666666667,0.18607333333333329,0.2652799999999999,0.35971333333333333,0.4036533333333333,0.4873200000000001,0.5263666666666666
0.0,0.0,0.07736666666666667,0.1796933333333333,0.2654133333333333,0.36985999999999997,0.4198333333333334,0.5148933333333333,0.5593466666666667
0.0,0.0,0.07451999999999999,0.1777333333333333,0.2691333333333333,0.3828866666666667,0.4369266666666667,0.5399466666666666,0.5885800000000001
0.0,0.0,0.07016666666666667,0.1751933333333333,0.27098,0.3939733333333333,0.45319999999999994,0.56702,0.6204999999999999
0.0,0.0,0.06684666666666665,0.17270666666666667,0.27258666666666664,0.4039933333333333,0.46793999999999997,0.5908800000000001,0.6492133333333334
0.0,0.0,0.06357333333333333,0.17147999999999997,0.27459333333333324,0.4113733333333334,0.4790933333333333,0.6093666666666667,0.6711199999999999
0.0,0.0,0.05994666666666666,0.16856,0.27543999999999996,0.4182066666666666,0.4892399999999999,0.6264666666666667,0.6914733333333334
0.0,0.0,0.05664,0.16608666666666663,0.2767,0.4278266666666667,0.5026066666666668,0.6473400000000001,0.7161000000000002
0.0,0.0,0.05368666666666666,0.1626333333333333,0.2740133333333333,0.4280666666666668,0.5055866666666667,0.6555399999999998,0.7265466666666667
0.0,0.0,0.052033333333333334,0.16071999999999995,0.27204,0.4299066666666667,0.5091133333333334,0.6632466666666669,0.7365266666666667
0.0,0.0,0.050600000000000006,0.1594333333333333,0.27155999999999997,0.42937999999999993,0.5092666666666666,0.6651666666666665,0.7393933333333332
0.0,0.0,0.04770666666666666,0.15846666666666664,0.27192666666666665,0.43308,0.5143866666666667,0.6734333333333333,0.7484466666666667
0.0,0.0,0.0462,0.1573333333333333,0.27221333333333336,0.4356466666666667,0.5182133333333333,0.6802266666666668,0.7571800000000002
0.0,0.0,0.04389333333333334,0.15783333333333333,0.27625333333333335,0.44451333333333337,0.5295933333333334,0.6953399999999997,0.7739599999999999
0.0,0.0,0.040886666666666655,0.15597999999999995,0.27734666666666663,0.4489666666666666,0.5357,0.7045733333333334,0.7852866666666667
0.0,0.0,0.039406666666666666,0.1554733333333333,0.27863999999999994,0.45438,0.54256,0.7149,0.7968933333333333
0.0,0.0,0.03661333333333334,0.15195333333333333,0.27684666666666663,0.4560933333333333,0.5468,0.72348,0.8076733333333332
0.0,0.0,0.03436666666666668,0.1498,0.27562,0.45814666666666676,0.5510533333333333,0.731413333333333,0.8171533333333333
0.0,0.0,0.04138,0.15958666666666665,0.28036,0.45013333333333344,0.5359200000000001,0.7017666666666666,0.78066
