Epochs,Loss,Accuracy (%),Silent labels (%),Time (s)
0.1,48.36658333333333,71.38333333333333,3.4833333333333334,18.62907838821411
0.2,32.776916666666665,85.58333333333333,0.08333333333333334,39.23796486854553
0.3,33.9955,84.5,0.016666666666666666,58.80237531661987
0.4,36.72266666666667,82.15,0.06666666666666667,77.30494856834412
0.5,38.66458333333333,80.30000000000001,0.05,95.08115196228027
0.6,41.967666666666666,75.88333333333334,0.0,112.89784026145935
0.7,43.26241666666667,74.01666666666667,0.0,129.6567919254303
0.8,44.9865,71.31666666666666,0.016666666666666666,145.99833583831787
0.9,45.85733333333334,70.41666666666667,0.03333333333333333,162.47861576080322
1.0,48.61358333333333,66.91666666666667,0.016666666666666666,179.19939875602722
1.1,49.116,65.98333333333333,0.0,16.930139303207397
1.2,49.948,64.1,0.016666666666666666,32.95003604888916
1.3,50.61183333333334,63.31666666666666,0.0,48.661298513412476
1.4,52.77408333333333,59.43333333333334,0.0,64.0940203666687
1.5,52.895916666666665,58.28333333333333,0.016666666666666666,79.32325983047485
1.6,53.90541666666667,57.25,0.0,94.76588296890259
1.7,54.29225,56.599999999999994,0.0,110.04628419876099
1.8,55.3205,54.91666666666667,0.0,125.17247557640076
1.9,56.88675,51.74999999999999,0.03333333333333333,140.14323568344116
2.0,56.636,53.1,0.0,154.35240507125854
2.1,57.56675,50.81666666666666,0.016666666666666666,14.599874258041382
2.2,57.996916666666664,49.61666666666667,0.0,28.59780192375183
2.3,58.465333333333334,50.63333333333333,0.0,42.691380977630615
2.4,59.045833333333334,48.66666666666667,0.016666666666666666,56.44358682632446
2.5,58.82675,48.949999999999996,0.0,70.33541178703308
2.6,59.148916666666665,48.083333333333336,0.016666666666666666,83.8711290359497
2.7,59.981,46.21666666666667,0.016666666666666666,97.86190438270569
2.8,60.546083333333335,45.46666666666667,0.0,111.88701152801514
2.9,60.86383333333333,46.11666666666667,0.016666666666666666,125.43049335479736
3.0,60.99725,44.983333333333334,0.016666666666666666,138.74520921707153
3.1,60.98908333333333,44.3,0.0,13.235562086105347
3.2,61.73858333333333,43.416666666666664,0.016666666666666666,26.643349647521973
3.3,61.92766666666667,42.733333333333334,0.0,40.30911326408386
3.4,62.372166666666665,42.13333333333333,0.0,53.59003305435181
3.5,61.839416666666665,43.016666666666666,0.03333333333333333,66.5820848941803
3.6,63.27741666666667,39.4,0.03333333333333333,79.98835062980652
3.7,62.9105,39.6,0.0,93.09832429885864
3.8,63.65133333333333,38.63333333333333,0.03333333333333333,105.95982575416565
3.9,63.754416666666664,38.31666666666666,0.016666666666666666,118.5158896446228
4.0,64.106,37.61666666666667,0.016666666666666666,130.7265362739563
4.1,63.98433333333333,37.916666666666664,0.0,12.986039400100708
4.2,65.39033333333333,35.25,0.05,25.180399179458618
4.3,65.036,35.233333333333334,0.03333333333333333,37.52088165283203
4.4,64.6335,36.11666666666667,0.0,49.17538046836853
4.5,64.46791666666667,35.05,0.016666666666666666,61.47743201255798
4.6,64.96275,35.21666666666667,0.0,73.78057599067688
4.7,65.87641666666667,33.800000000000004,0.0,85.73438334465027
4.8,65.82308333333333,33.7,0.016666666666666666,97.45134496688843
4.9,66.11808333333333,33.53333333333333,0.03333333333333333,109.1190595626831
5.0,66.9445,32.06666666666666,0.016666666666666666,120.65699172019958
5.1,66.37516666666667,32.7,0.016666666666666666,12.363109827041626
5.2,66.70541666666666,32.15,0.03333333333333333,24.024704217910767
5.3,66.68858333333333,31.75,0.0,35.49150562286377
5.4,67.08041666666666,30.733333333333334,0.016666666666666666,47.10009026527405
5.5,67.18891666666667,31.283333333333335,0.0,58.873075008392334
5.6,67.50416666666666,30.966666666666665,0.03333333333333333,70.39366459846497
5.7,68.05825,30.916666666666664,0.016666666666666666,81.55012154579163
5.8,67.96183333333333,30.266666666666666,0.08333333333333334,92.79370713233948
5.9,67.63666666666667,31.466666666666665,0.05,104.03700876235962
6.0,68.12425,30.033333333333335,0.03333333333333333,114.95222187042236
6.1,68.02191666666667,31.1,0.016666666666666666,11.455618143081665
6.2,67.99775,30.516666666666666,0.016666666666666666,22.809734344482422
6.3,68.59775,29.416666666666668,0.03333333333333333,33.89061450958252
6.4,68.53741666666667,29.26666666666667,0.03333333333333333,45.32900333404541
6.5,68.68116666666667,29.31666666666667,0.06666666666666667,56.2440881729126
6.6,69.00333333333333,28.46666666666667,0.016666666666666666,66.98080277442932
6.7,69.14291666666666,28.81666666666667,0.03333333333333333,77.93505811691284
6.8,68.43366666666667,29.96666666666667,0.03333333333333333,88.91216039657593
6.9,69.63908333333333,28.733333333333334,0.016666666666666666,99.74675297737122
7.0,69.26616666666666,28.433333333333334,0.016666666666666666,110.36739420890808
7.1,69.29666666666667,28.46666666666667,0.016666666666666666,10.935644149780273
7.2,69.44391666666667,28.199999999999996,0.05,21.387600898742676
7.3,69.59341666666667,28.383333333333333,0.03333333333333333,31.937824010849
7.4,69.17225,28.166666666666668,0.016666666666666666,42.69297456741333
7.5,69.53166666666667,27.6,0.05,53.2544310092926
7.6,68.87291666666667,28.183333333333334,0.016666666666666666,63.710716247558594
7.7,69.11541666666666,28.316666666666666,0.05,73.95101714134216
7.8,69.02133333333333,28.499999999999996,0.05,84.60354995727539
7.9,69.2105,27.916666666666668,0.03333333333333333,94.94441866874695
8.0,69.42241666666666,28.383333333333333,0.016666666666666666,105.27756428718567
8.1,69.55675,27.383333333333333,0.08333333333333334,10.565027713775635
8.2,69.55,27.583333333333332,0.016666666666666666,20.627774715423584
8.3,69.18275,27.35,0.016666666666666666,30.79929804801941
8.4,69.6775,27.583333333333332,0.016666666666666666,40.852962017059326
8.5,69.14841666666666,27.900000000000002,0.016666666666666666,50.980414390563965
8.6,69.27175,28.1,0.03333333333333333,60.78641223907471
8.7,69.39133333333334,28.416666666666668,0.03333333333333333,70.91369032859802
8.8,69.18458333333334,28.499999999999996,0.016666666666666666,80.90314769744873
8.9,69.07016666666667,29.366666666666667,0.03333333333333333,90.78167223930359
9.0,69.38966666666667,27.816666666666666,0.06666666666666667,100.57822966575623
9.1,69.75608333333334,27.18333333333333,0.016666666666666666,10.637813568115234
9.2,69.85208333333334,27.35,0.03333333333333333,20.459278345108032
9.3,69.50441666666667,28.016666666666666,0.05,30.331074476242065
9.4,69.7215,27.933333333333334,0.05,40.30340051651001
9.5,69.11433333333333,28.983333333333334,0.05,49.946824073791504
9.6,69.40941666666667,28.416666666666668,0.06666666666666667,59.72725772857666
9.7,68.96808333333334,28.849999999999998,0.016666666666666666,69.48467254638672
9.8,70.1315,27.18333333333333,0.0,79.29543876647949
9.9,69.15658333333333,28.71666666666667,0.016666666666666666,89.08191084861755
10.0,69.10608333333333,28.366666666666667,0.016666666666666666,98.41812992095947
10.1,69.08541666666666,28.449999999999996,0.03333333333333333,10.139597415924072
10.2,69.1875,29.03333333333333,0.03333333333333333,19.58618426322937
10.3,69.02658333333333,28.633333333333333,0.0,29.068030834197998
10.4,69.91358333333334,28.03333333333333,0.03333333333333333,38.78204107284546
10.5,69.8145,27.583333333333332,0.05,48.01197600364685
10.6,69.24091666666666,29.099999999999998,0.016666666666666666,57.52374505996704
10.7,69.50141666666667,28.4,0.03333333333333333,67.14473247528076
10.8,69.1965,28.433333333333334,0.1,76.43607378005981
10.9,68.93291666666667,28.95,0.016666666666666666,85.8982355594635
11.0,69.25983333333333,28.933333333333334,0.03333333333333333,95.10707998275757
11.1,69.10516666666666,28.76666666666667,0.0,9.7219398021698
11.2,69.2685,27.916666666666668,0.03333333333333333,18.880187511444092
11.3,69.80041666666666,28.65,0.016666666666666666,28.150156021118164
11.4,69.14475,29.233333333333334,0.03333333333333333,37.41322374343872
11.5,69.87283333333333,28.000000000000004,0.03333333333333333,46.370267391204834
11.6,68.64675,29.633333333333333,0.03333333333333333,55.50094652175903
11.7,68.7785,29.71666666666667,0.06666666666666667,64.85806846618652
11.8,69.179,28.78333333333333,0.03333333333333333,74.30392622947693
11.9,68.387,29.56666666666667,0.03333333333333333,83.35061049461365
12.0,69.402,28.249999999999996,0.05,92.52589535713196
12.1,68.90308333333333,28.883333333333333,0.06666666666666667,9.495070934295654
12.2,69.01783333333333,28.433333333333334,0.016666666666666666,18.599234104156494
12.3,69.04983333333334,29.333333333333332,0.016666666666666666,27.61247444152832
12.4,69.0055,29.799999999999997,0.05,36.515307664871216
12.5,68.76341666666667,29.65,0.016666666666666666,45.415563106536865
12.6,69.27683333333333,29.049999999999997,0.016666666666666666,54.2921621799469
12.7,69.14016666666667,28.583333333333332,0.016666666666666666,63.083428144454956
12.8,69.343,29.083333333333332,0.05,72.24424576759338
12.9,68.757,29.049999999999997,0.05,81.4601879119873
13.0,68.5085,29.616666666666667,0.03333333333333333,90.39765739440918
13.1,68.93883333333333,29.15,0.1,9.374869108200073
13.2,68.00075,29.983333333333334,0.016666666666666666,18.186710357666016
13.3,69.22466666666666,28.7,0.05,27.015862703323364
13.4,68.77466666666666,29.133333333333333,0.0,35.83542728424072
13.5,68.90358333333333,29.099999999999998,0.03333333333333333,44.577868700027466
13.6,68.87041666666667,29.683333333333334,0.016666666666666666,53.56495690345764
13.7,69.20333333333333,28.883333333333333,0.03333333333333333,62.474395751953125
13.8,69.04308333333333,29.95,0.05,71.1972439289093
13.9,68.82575,29.733333333333334,0.016666666666666666,80.07207441329956
14.0,68.84208333333333,29.366666666666667,0.016666666666666666,89.0289101600647
14.1,67.5265,31.566666666666666,0.016666666666666666,9.316678285598755
14.2,68.32266666666666,30.716666666666665,0.05,18.297415494918823
14.3,69.06883333333333,29.03333333333333,0.08333333333333334,27.527247190475464
14.4,69.1115,29.083333333333332,0.016666666666666666,36.29022026062012
14.5,68.81508333333333,29.46666666666667,0.05,44.73826313018799
14.6,68.7895,30.033333333333335,0.03333333333333333,53.084977865219116
14.7,68.86108333333334,29.733333333333334,0.016666666666666666,61.70944905281067
14.8,68.50891666666666,30.283333333333335,0.016666666666666666,70.20488572120667
14.9,68.85775,29.46666666666667,0.06666666666666667,78.49588561058044
15.0,68.70475,29.599999999999998,0.0,86.80062317848206
15.1,69.10416666666667,29.4,0.06666666666666667,8.79862666130066
15.2,67.99991666666666,30.75,0.016666666666666666,17.269272327423096
15.3,68.54233333333333,29.599999999999998,0.016666666666666666,25.686197996139526
15.4,68.40558333333334,30.333333333333336,0.016666666666666666,34.169323682785034
15.5,68.36725,29.5,0.06666666666666667,42.759183168411255
15.6,68.61333333333333,29.533333333333335,0.016666666666666666,51.19504141807556
15.7,68.62716666666667,30.4,0.0,59.64001488685608
15.8,68.53416666666666,29.683333333333334,0.05,68.26850652694702
15.9,68.47425,30.216666666666665,0.05,77.01575994491577
16.0,68.9195,29.583333333333332,0.05,85.86952328681946
16.1,68.14091666666667,30.783333333333335,0.03333333333333333,9.107813596725464
16.2,68.09658333333333,29.95,0.05,17.546136379241943
16.3,68.38891666666666,30.7,0.0,26.068758487701416
16.4,69.06333333333333,29.616666666666667,0.05,34.36594080924988
16.5,68.9385,29.883333333333333,0.06666666666666667,42.95566701889038
16.6,69.00708333333333,28.866666666666667,0.05,51.043283462524414
16.7,68.845,29.4,0.06666666666666667,59.12310266494751
16.8,68.21875,31.0,0.0,67.62297344207764
16.9,67.56241666666666,31.616666666666664,0.03333333333333333,76.25986170768738
17.0,68.08258333333333,30.666666666666664,0.016666666666666666,84.6049325466156
17.1,68.00283333333333,30.483333333333334,0.0,8.81754732131958
17.2,69.06983333333334,29.799999999999997,0.05,17.56562876701355
17.3,68.25475,30.349999999999998,0.03333333333333333,26.270271062850952
17.4,68.32208333333334,30.75,0.1,34.94871187210083
17.5,67.87716666666667,31.4,0.03333333333333333,43.294577836990356
17.6,68.70291666666667,29.81666666666667,0.03333333333333333,51.81881403923035
17.7,68.58625,30.099999999999998,0.016666666666666666,60.111109256744385
17.8,68.34458333333333,30.833333333333336,0.016666666666666666,68.58056139945984
17.9,68.60066666666667,30.133333333333333,0.03333333333333333,76.79396748542786
18.0,67.63475,31.816666666666666,0.06666666666666667,85.25851392745972
18.1,67.00241666666666,32.2,0.03333333333333333,8.766871690750122
18.2,68.28958333333334,30.666666666666664,0.08333333333333334,17.19741129875183
18.3,67.54366666666667,31.466666666666665,0.05,25.425023794174194
18.4,67.5565,31.900000000000002,0.03333333333333333,33.44396495819092
18.5,67.90116666666667,30.633333333333333,0.016666666666666666,41.6174852848053
18.6,67.94616666666667,30.75,0.06666666666666667,49.75752520561218
18.7,68.3565,30.65,0.05,57.94514036178589
18.8,68.99983333333333,29.51666666666667,0.016666666666666666,66.18331956863403
18.9,68.50508333333333,30.383333333333333,0.016666666666666666,74.7163896560669
19.0,68.79375,30.616666666666664,0.03333333333333333,82.8473310470581
19.1,68.38583333333334,29.983333333333334,0.03333333333333333,8.553775310516357
19.2,67.24475,31.55,0.03333333333333333,16.36904263496399
19.3,68.87516666666667,30.033333333333335,0.016666666666666666,24.224133491516113
19.4,66.86825,32.06666666666666,0.06666666666666667,32.141237020492554
19.5,67.85383333333333,31.15,0.016666666666666666,40.552297830581665
19.6,68.60575,30.833333333333336,0.06666666666666667,48.93499994277954
19.7,68.11133333333333,31.133333333333336,0.016666666666666666,57.051270723342896
19.8,67.49525,31.7,0.08333333333333334,64.9627640247345
19.9,67.34666666666666,31.733333333333334,0.03333333333333333,73.22015929222107
20.0,67.54108333333333,31.733333333333334,0.03333333333333333,81.40054678916931
20.1,67.64408333333333,31.35,0.016666666666666666,8.344107389450073
20.2,68.12333333333333,31.183333333333334,0.08333333333333334,16.25209951400757
20.3,67.98075,31.083333333333336,0.03333333333333333,24.200973510742188
20.4,68.15541666666667,30.583333333333336,0.05,32.124366760253906
20.5,67.47375,31.65,0.0,40.027727127075195
20.6,66.94758333333333,32.550000000000004,0.1,48.13590693473816
20.7,66.42083333333333,33.4,0.0,56.360610246658325
20.8,67.02233333333334,32.6,0.016666666666666666,64.66629028320312
20.9,67.14075,32.58333333333333,0.05,72.85515451431274
21.0,67.21725,31.983333333333334,0.03333333333333333,81.13711261749268
21.1,66.30125,33.550000000000004,0.05,8.26296854019165
21.2,66.80166666666666,32.56666666666666,0.03333333333333333,16.215638160705566
21.3,66.78966666666666,32.666666666666664,0.016666666666666666,24.287965536117554
21.4,67.57483333333333,32.18333333333334,0.03333333333333333,32.64677548408508
21.5,67.11491666666667,32.7,0.05,40.6561439037323
21.6,66.97883333333333,32.78333333333333,0.11666666666666668,48.82766890525818
21.7,67.29733333333333,31.616666666666664,0.05,56.67640542984009
21.8,66.50091666666667,33.08333333333333,0.016666666666666666,64.36617612838745
21.9,67.652,31.55,0.016666666666666666,72.35179543495178
22.0,66.70175,32.96666666666667,0.0,80.04986429214478
22.1,66.64575,32.56666666666666,0.06666666666666667,8.219756126403809
22.2,67.02716666666667,32.300000000000004,0.05,16.41003656387329
22.3,66.35641666666666,33.33333333333333,0.016666666666666666,24.093048810958862
22.4,66.44541666666667,33.31666666666667,0.03333333333333333,31.777397871017456
22.5,66.77691666666666,32.81666666666666,0.016666666666666666,39.71379351615906
22.6,66.93908333333333,32.03333333333334,0.016666666666666666,47.58268690109253
22.7,66.33175,32.71666666666667,0.05,55.60869359970093
22.8,66.28075,33.1,0.03333333333333333,63.696518421173096
22.9,65.84975,33.800000000000004,0.06666666666666667,71.52769684791565
23.0,65.94408333333334,33.7,0.03333333333333333,79.47154140472412
23.1,66.09316666666666,33.08333333333333,0.016666666666666666,8.309174299240112
23.2,65.35616666666667,34.03333333333333,0.0,15.93351697921753
23.3,65.904,33.4,0.03333333333333333,23.5416202545166
23.4,66.6835,32.21666666666667,0.05,31.175637006759644
23.5,66.3905,32.9,0.08333333333333334,38.851887464523315
23.6,66.45375,32.71666666666667,0.03333333333333333,46.52569556236267
23.7,66.45158333333333,32.88333333333333,0.05,54.090740442276
23.8,66.60191666666667,33.0,0.0,61.751627922058105
23.9,66.70925,32.93333333333333,0.016666666666666666,69.35069704055786
24.0,66.05591666666666,33.2,0.1,76.98247385025024
24.1,66.29583333333333,32.65,0.05,8.062773704528809
24.2,66.46441666666666,32.6,0.016666666666666666,16.03572416305542
24.3,66.846,32.53333333333333,0.08333333333333334,23.828696489334106
24.4,65.726,34.28333333333333,0.0,31.674418687820435
24.5,66.41225,32.666666666666664,0.05,39.332529067993164
24.6,66.15008333333333,33.650000000000006,0.016666666666666666,47.11035442352295
24.7,65.94983333333333,34.08333333333333,0.03333333333333333,55.095887660980225
24.8,66.42783333333334,33.68333333333333,0.05,62.96430063247681
24.9,66.15483333333333,33.28333333333333,0.016666666666666666,70.6776556968689
25.0,65.84158333333333,33.93333333333333,0.016666666666666666,78.34885501861572
25.1,66.22225,33.233333333333334,0.08333333333333334,8.079728603363037
25.2,66.66841666666667,32.86666666666667,0.03333333333333333,15.85664677619934
25.3,66.2525,33.5,0.0,23.70843505859375
25.4,66.61241666666666,32.85,0.016666666666666666,31.615018606185913
25.5,65.0545,34.949999999999996,0.05,39.66907835006714
25.6,64.97616666666667,35.15,0.03333333333333333,47.48103713989258
25.7,66.23691666666667,33.516666666666666,0.05,55.74977397918701
25.8,65.12925,34.333333333333336,0.016666666666666666,63.68972325325012
25.9,66.09941666666667,33.983333333333334,0.06666666666666667,71.3663215637207
26.0,66.24166666666666,33.61666666666667,0.016666666666666666,79.09279203414917
26.1,65.65683333333334,34.0,0.016666666666666666,7.985394477844238
26.2,65.54158333333334,34.21666666666667,0.016666666666666666,15.515924215316772
26.3,65.70233333333333,33.85,0.08333333333333334,23.029502868652344
26.4,66.01466666666667,33.58333333333333,0.016666666666666666,30.584914684295654
26.5,65.85591666666667,33.81666666666667,0.016666666666666666,38.4660849571228
26.6,66.26508333333334,33.38333333333333,0.016666666666666666,46.175827503204346
26.7,65.7415,34.166666666666664,0.08333333333333334,53.87003970146179
26.8,65.35791666666667,34.68333333333333,0.03333333333333333,61.65363693237305
26.9,65.90966666666667,33.483333333333334,0.03333333333333333,69.11616253852844
27.0,65.72416666666666,34.983333333333334,0.03333333333333333,76.97097325325012
27.1,66.14991666666667,33.63333333333333,0.06666666666666667,7.581212997436523
27.2,65.47533333333334,34.25,0.0,15.334949493408203
27.3,65.91308333333333,34.21666666666667,0.08333333333333334,22.840423345565796
27.4,66.26108333333333,33.46666666666667,0.016666666666666666,30.519493579864502
27.5,65.24291666666667,34.65,0.06666666666666667,37.95775842666626
27.6,64.99766666666666,35.13333333333333,0.0,45.33479332923889
27.7,65.82558333333333,34.449999999999996,0.0,52.86793255805969
27.8,65.34008333333334,34.733333333333334,0.06666666666666667,60.510080337524414
27.9,64.44866666666667,35.65,0.05,68.14468502998352
28.0,66.26475,34.050000000000004,0.016666666666666666,75.81292271614075
28.1,65.47883333333333,34.333333333333336,0.0,7.758314847946167
28.2,64.661,35.833333333333336,0.016666666666666666,15.113212585449219
28.3,64.88175,34.91666666666667,0.06666666666666667,22.439475059509277
28.4,65.27083333333333,35.35,0.05,30.06531000137329
28.5,64.81191666666666,35.449999999999996,0.016666666666666666,37.510945320129395
28.6,64.76941666666667,35.15,0.06666666666666667,45.1951048374176
28.7,64.71766666666667,35.41666666666667,0.03333333333333333,52.8364052772522
28.8,64.74058333333333,36.0,0.05,60.42166829109192
28.9,64.18383333333334,35.949999999999996,0.03333333333333333,68.05604434013367
29.0,63.81375,36.93333333333334,0.06666666666666667,75.65300297737122
29.1,63.562916666666666,36.56666666666666,0.11666666666666668,8.031063795089722
29.2,63.631083333333336,37.1,0.05,15.772271394729614
29.3,64.36816666666667,35.91666666666667,0.016666666666666666,23.286762952804565
29.4,63.784083333333335,36.41666666666667,0.03333333333333333,30.948468446731567
29.5,64.025,36.68333333333334,0.016666666666666666,38.571566104888916
29.6,63.49925,37.583333333333336,0.03333333333333333,45.94231653213501
29.7,64.10925,36.583333333333336,0.05,53.70569086074829
29.8,64.44,36.1,0.016666666666666666,61.20816230773926
29.9,63.994166666666665,37.21666666666666,0.0,69.2232940196991
30.0,64.67358333333334,35.96666666666667,0.03333333333333333,77.28177666664124
