Epochs,Loss,Accuracy (%),Silent labels (%),Time (s)
0.1,47.309916666666666,72.25,3.5999999999999996,18.52520442008972
0.2,26.504916666666666,89.33333333333333,0.06666666666666667,37.90782618522644
0.3,23.229416666666665,90.7,0.0,56.50612473487854
0.4,23.905583333333333,90.83333333333333,0.05,73.85031461715698
0.5,24.355166666666666,90.18333333333334,0.0,90.31170511245728
0.6,26.14,88.86666666666667,0.0,105.713383436203
0.7,26.086333333333332,89.33333333333333,0.0,120.46659278869629
0.8,28.014416666666666,87.46666666666667,0.0,134.6786241531372
0.9,28.506166666666665,86.46666666666667,0.0,148.88881397247314
1.0,30.589,85.51666666666667,0.0,162.43370008468628
1.1,31.233416666666667,84.18333333333334,0.0,13.403368949890137
1.2,32.140166666666666,82.76666666666667,0.0,26.665167331695557
1.3,32.81625,82.53333333333333,0.0,40.08875894546509
1.4,33.92483333333333,80.26666666666667,0.0,52.97190594673157
1.5,35.14641666666667,78.16666666666666,0.016666666666666666,65.20474672317505
1.6,35.11175,78.86666666666666,0.0,77.25474047660828
1.7,35.55075,77.53333333333333,0.0,89.12832140922546
1.8,37.27916666666667,75.56666666666668,0.0,100.8584315776825
1.9,37.67933333333333,75.06666666666668,0.0,112.28148078918457
2.0,37.76141666666667,74.15,0.0,123.89157462120056
2.1,38.36483333333333,73.51666666666667,0.0,11.597179174423218
2.2,38.76441666666667,72.78333333333333,0.0,22.93567419052124
2.3,39.69525,70.91666666666666,0.0,33.801170110702515
2.4,40.191833333333335,70.25,0.0,44.617130279541016
2.5,40.07025,70.43333333333334,0.0,55.362218618392944
2.6,40.694833333333335,70.03333333333333,0.0,66.20076203346252
2.7,41.33275,68.36666666666666,0.0,76.67753601074219
2.8,42.07241666666667,67.36666666666666,0.0,87.04417514801025
2.9,42.11991666666667,67.66666666666666,0.016666666666666666,97.19193625450134
3.0,42.76141666666667,66.05,0.0,107.96421504020691
3.1,42.7095,66.11666666666667,0.0,10.704293966293335
3.2,43.092416666666665,65.38333333333334,0.016666666666666666,21.278437614440918
3.3,43.28783333333333,65.3,0.0,31.792367935180664
3.4,43.88725,65.03333333333333,0.0,42.234312534332275
3.5,43.61,64.85,0.0,52.47193694114685
3.6,44.419,63.6,0.0,62.693567514419556
3.7,44.974333333333334,63.65,0.0,73.16211891174316
3.8,44.470416666666665,63.0,0.0,83.44640469551086
3.9,45.42133333333334,61.76666666666667,0.0,93.62172818183899
4.0,45.37766666666667,60.73333333333333,0.0,103.82270193099976
4.1,45.30458333333333,61.1,0.0,10.511760711669922
4.2,45.57783333333333,60.983333333333334,0.016666666666666666,20.268147706985474
4.3,46.07216666666667,60.483333333333334,0.0,30.005927801132202
4.4,45.78516666666667,60.8,0.0,39.57417273521423
4.5,45.768166666666666,59.45,0.016666666666666666,49.33864402770996
4.6,45.8805,60.16666666666667,0.016666666666666666,58.556405782699585
4.7,47.26408333333333,57.43333333333334,0.0,68.635977268219
4.8,47.223416666666665,57.31666666666667,0.0,78.6974573135376
4.9,46.9515,58.550000000000004,0.0,88.68009305000305
5.0,47.96175,56.98333333333333,0.0,98.43881940841675
5.1,46.663,58.08333333333333,0.0,9.7900972366333
5.2,47.949666666666666,56.43333333333334,0.0,19.240573406219482
5.3,48.04675,55.46666666666666,0.0,28.633486032485962
5.4,47.74525,56.233333333333334,0.0,37.914305686950684
5.5,48.43725,55.18333333333333,0.0,47.385436058044434
5.6,47.91433333333333,55.900000000000006,0.0,56.96725654602051
5.7,48.995416666666664,54.13333333333333,0.0,66.16671991348267
5.8,48.44991666666667,54.400000000000006,0.0,75.28329133987427
5.9,48.92125,53.88333333333334,0.0,84.50962162017822
6.0,48.330083333333334,54.28333333333333,0.0,93.52603793144226
6.1,49.18325,53.349999999999994,0.0,9.142374753952026
6.2,48.21375,54.53333333333333,0.0,18.162731170654297
6.3,49.974916666666665,52.349999999999994,0.0,27.093764066696167
6.4,48.76733333333333,53.666666666666664,0.0,36.03818988800049
6.5,49.09025,53.18333333333334,0.0,44.95475959777832
6.6,50.07083333333333,52.06666666666667,0.0,53.93157148361206
6.7,49.125166666666665,52.900000000000006,0.0,62.53512954711914
6.8,49.371,52.43333333333333,0.0,71.09631443023682
6.9,50.187666666666665,51.7,0.0,79.4990484714508
7.0,49.7155,51.31666666666666,0.0,87.80698847770691
7.1,49.56891666666667,52.349999999999994,0.0,8.647314071655273
7.2,50.79833333333333,51.1,0.0,17.032023429870605
7.3,51.001,49.86666666666667,0.0,25.337284326553345
7.4,50.96325,50.64999999999999,0.0,33.5981867313385
7.5,49.95108333333334,51.81666666666666,0.016666666666666666,41.90254878997803
7.6,50.28008333333333,51.38333333333334,0.0,50.211589336395264
7.7,50.63441666666667,50.46666666666667,0.0,58.540833473205566
7.8,50.136833333333335,51.18333333333334,0.0,66.76548147201538
7.9,50.087,51.1,0.0,74.92593836784363
8.0,50.541333333333334,51.13333333333333,0.0,83.02391219139099
8.1,51.752,48.41666666666667,0.0,8.387475967407227
8.2,51.03125,50.13333333333333,0.0,16.47018575668335
8.3,50.918416666666666,50.24999999999999,0.0,24.53094506263733
8.4,50.832166666666666,50.61666666666667,0.0,32.578269720077515
8.5,51.403166666666664,50.0,0.0,40.582547426223755
8.6,51.4135,49.1,0.0,48.543116092681885
8.7,50.993916666666664,49.983333333333334,0.0,56.51655149459839
8.8,50.53841666666667,50.38333333333333,0.0,64.45072746276855
8.9,50.507,50.866666666666674,0.0,72.33249258995056
9.0,50.69583333333333,50.483333333333334,0.0,80.25487112998962
9.1,50.430166666666665,51.03333333333333,0.0,8.269200563430786
9.2,51.422583333333336,49.96666666666666,0.016666666666666666,16.51433563232422
9.3,51.28841666666667,50.06666666666667,0.0,24.542957305908203
9.4,50.9865,51.11666666666667,0.0,32.401395320892334
9.5,50.57958333333333,50.38333333333333,0.0,40.206172704696655
9.6,50.68683333333333,51.26666666666667,0.0,48.00559163093567
9.7,49.98308333333333,51.03333333333333,0.0,55.82391047477722
9.8,49.57983333333333,51.83333333333333,0.0,63.53483819961548
9.9,48.14625,53.766666666666666,0.0,71.2823657989502
10.0,47.789833333333334,54.333333333333336,0.0,79.01799201965332
10.1,47.645583333333335,55.666666666666664,0.0,8.095239162445068
10.2,47.45158333333333,55.60000000000001,0.0,15.791615009307861
10.3,47.773916666666665,55.31666666666667,0.0,23.61168646812439
10.4,47.80558333333333,55.43333333333334,0.0,31.70181655883789
10.5,47.279666666666664,55.98333333333333,0.016666666666666666,39.47742676734924
10.6,45.87475,57.599999999999994,0.016666666666666666,47.37916088104248
10.7,46.33583333333333,57.550000000000004,0.0,55.25090789794922
10.8,46.591,57.099999999999994,0.016666666666666666,62.93137574195862
10.9,46.16791666666666,57.699999999999996,0.0,70.69266819953918
11.0,45.341,58.51666666666666,0.0,78.58395385742188
11.1,45.494,57.983333333333334,0.0,7.956998586654663
11.2,44.58141666666667,59.53333333333334,0.0,15.569779396057129
11.3,44.492333333333335,60.03333333333334,0.0,23.177241563796997
11.4,44.89966666666667,59.416666666666664,0.0,31.659421682357788
11.5,44.94858333333333,59.53333333333334,0.016666666666666666,39.371172189712524
11.6,43.76091666666667,61.516666666666666,0.016666666666666666,46.95892643928528
11.7,42.926833333333335,61.86666666666667,0.0,54.63019347190857
11.8,42.657666666666664,62.63333333333333,0.016666666666666666,62.36129021644592
11.9,42.592166666666664,62.583333333333336,0.0,70.43838405609131
12.0,42.910333333333334,62.38333333333333,0.0,78.3118724822998
12.1,42.248083333333334,61.9,0.016666666666666666,8.166563987731934
12.2,42.82266666666667,61.43333333333333,0.0,16.501088619232178
12.3,41.099666666666664,64.18333333333334,0.0,24.566752910614014
12.4,40.10941666666667,64.1,0.0,32.63061165809631
12.5,40.462,64.21666666666667,0.0,40.68104100227356
12.6,40.714333333333336,63.483333333333334,0.0,48.78662109375
12.7,40.66641666666667,63.03333333333333,0.016666666666666666,56.729652881622314
12.8,40.18958333333333,64.61666666666666,0.0,64.66219854354858
12.9,39.315083333333334,64.5,0.0,72.67292094230652
13.0,38.476416666666665,65.8,0.0,80.47742080688477
13.1,38.24483333333333,65.71666666666667,0.016666666666666666,8.136130571365356
13.2,36.845166666666664,67.91666666666667,0.0,15.965516328811646
13.3,37.92883333333333,66.2,0.0,23.757830142974854
13.4,37.66791666666666,66.33333333333333,0.0,31.69454860687256
13.5,37.269333333333336,66.61666666666667,0.0,39.46038269996643
13.6,37.531,67.7,0.016666666666666666,46.980539321899414
13.7,37.6995,66.68333333333332,0.0,55.022759675979614
13.8,36.024,68.96666666666667,0.016666666666666666,63.01559281349182
13.9,36.19533333333333,68.30000000000001,0.0,70.92486524581909
14.0,36.3805,67.71666666666667,0.0,78.93723249435425
14.1,35.163333333333334,69.43333333333334,0.0,7.990077257156372
14.2,34.9405,69.51666666666667,0.0,15.958148717880249
14.3,35.57958333333333,68.95,0.016666666666666666,23.106507301330566
14.4,33.98283333333333,70.16666666666667,0.0,30.479337215423584
14.5,34.413916666666665,70.41666666666667,0.016666666666666666,37.63557481765747
14.6,33.41733333333333,71.5,0.0,45.01041769981384
14.7,33.163583333333335,70.98333333333333,0.0,52.59581923484802
14.8,32.24483333333333,73.18333333333334,0.0,59.92640447616577
14.9,33.252,71.51666666666667,0.0,67.14897680282593
15.0,31.766333333333332,72.81666666666666,0.0,74.48044037818909
15.1,32.059583333333336,72.78333333333333,0.0,7.822882652282715
15.2,30.42791666666667,74.63333333333333,0.0,15.32057237625122
15.3,31.257583333333333,73.56666666666666,0.0,22.74496340751648
15.4,31.463583333333332,73.53333333333333,0.0,30.60994815826416
15.5,30.565583333333333,74.9,0.0,38.07215976715088
15.6,29.517333333333333,75.98333333333333,0.0,45.38816571235657
15.7,30.627833333333335,74.05000000000001,0.0,52.64440560340881
15.8,30.39675,74.45,0.016666666666666666,60.41345572471619
15.9,30.677833333333332,74.7,0.016666666666666666,67.88654136657715
16.0,29.591,74.83333333333333,0.0,75.29566979408264
16.1,29.459583333333335,75.63333333333333,0.0,8.208503484725952
16.2,29.378,75.55,0.0,15.817513465881348
16.3,28.7105,76.5,0.0,23.18126916885376
16.4,29.61675,75.36666666666667,0.0,30.730397701263428
16.5,27.850916666666667,77.66666666666666,0.016666666666666666,38.2494101524353
16.6,28.166083333333333,76.78333333333333,0.016666666666666666,45.71902799606323
16.7,27.726416666666665,77.66666666666666,0.0,53.18696641921997
16.8,27.428833333333333,77.73333333333333,0.0,60.622270345687866
16.9,27.437,78.3,0.0,67.98474836349487
17.0,27.359333333333332,78.28333333333333,0.0,75.36885190010071
17.1,27.108166666666666,78.53333333333333,0.0,8.016565561294556
17.2,27.579,77.38333333333334,0.016666666666666666,15.699705600738525
17.3,26.75475,79.2,0.0,23.366545915603638
17.4,26.534833333333335,79.76666666666667,0.0,31.052550077438354
17.5,26.672583333333332,78.25,0.016666666666666666,38.712175130844116
17.6,27.143416666666667,77.61666666666667,0.0,46.450390577316284
17.7,26.228166666666667,79.46666666666667,0.0,54.109553813934326
17.8,25.995583333333332,79.06666666666666,0.016666666666666666,61.60182332992554
17.9,24.975416666666668,80.26666666666667,0.0,68.7755298614502
18.0,24.730666666666668,80.36666666666666,0.0,75.86051344871521
18.1,24.324,81.10000000000001,0.0,7.348511695861816
18.2,24.47975,81.31666666666668,0.016666666666666666,14.422982215881348
18.3,25.510083333333334,79.7,0.0,21.452871799468994
18.4,24.184666666666665,81.36666666666666,0.0,28.82589030265808
18.5,24.860416666666666,80.86666666666666,0.0,36.17456936836243
18.6,24.383,80.73333333333333,0.0,43.3974928855896
18.7,24.54025,80.65,0.0,50.57365298271179
18.8,23.8945,82.08333333333333,0.0,57.73177695274353
18.9,23.87875,81.71666666666667,0.0,64.97128367424011
19.0,23.961666666666666,81.55,0.016666666666666666,72.88883972167969
19.1,23.371416666666665,82.45,0.0,7.27785587310791
19.2,23.814833333333333,81.88333333333333,0.016666666666666666,14.40294861793518
19.3,22.98575,82.25,0.0,21.51710271835327
19.4,22.924916666666668,82.56666666666666,0.0,28.674949884414673
19.5,22.1595,83.2,0.0,35.831876277923584
19.6,22.689166666666665,82.98333333333333,0.0,42.73049736022949
19.7,22.087416666666666,82.98333333333333,0.0,49.818140268325806
19.8,22.664666666666665,82.71666666666667,0.016666666666666666,56.67927551269531
19.9,21.228416666666668,84.01666666666667,0.0,63.50966811180115
20.0,22.2965,83.35000000000001,0.0,70.42351388931274
20.1,21.219583333333333,84.36666666666667,0.0,7.532547235488892
20.2,21.505666666666666,83.48333333333333,0.0,14.38629150390625
20.3,21.660333333333334,84.46666666666667,0.0,21.37666082382202
20.4,20.629333333333335,84.18333333333334,0.016666666666666666,28.595864057540894
20.5,21.6635,83.36666666666666,0.0,35.68969535827637
20.6,21.125833333333333,84.36666666666667,0.016666666666666666,42.48656964302063
20.7,20.763416666666668,84.95,0.0,49.31125068664551
20.8,20.926666666666666,84.38333333333333,0.0,56.09970736503601
20.9,20.55075,84.98333333333333,0.0,63.09770655632019
21.0,20.87225,84.91666666666666,0.0,70.36572933197021
21.1,20.608916666666666,84.43333333333334,0.03333333333333333,7.194038391113281
21.2,19.81125,85.9,0.0,14.04162311553955
21.3,19.512416666666667,86.08333333333333,0.0,20.860076904296875
21.4,20.109583333333333,85.48333333333333,0.0,27.583375692367554
21.5,20.389833333333332,85.35000000000001,0.0,34.27791929244995
21.6,20.042,85.36666666666667,0.0,41.03199362754822
21.7,20.037416666666665,85.28333333333333,0.016666666666666666,47.67361259460449
21.8,20.252833333333335,85.36666666666667,0.0,54.35073804855347
21.9,20.1085,85.56666666666666,0.0,61.08765745162964
22.0,19.599166666666665,86.46666666666667,0.0,67.93009161949158
22.1,19.136666666666667,86.5,0.016666666666666666,7.205085754394531
22.2,19.378333333333334,86.36666666666667,0.0,13.846451759338379
22.3,18.887583333333332,86.91666666666666,0.0,20.56296133995056
22.4,19.333333333333332,86.55000000000001,0.0,27.25501036643982
22.5,19.190166666666666,86.86666666666667,0.0,33.85404443740845
22.6,19.985416666666666,85.78333333333333,0.0,40.46912908554077
22.7,19.591416666666667,85.81666666666666,0.016666666666666666,46.977052450180054
22.8,18.916166666666665,87.08333333333333,0.0,53.683478355407715
22.9,19.093666666666667,86.51666666666667,0.0,60.45578384399414
23.0,18.552583333333335,87.4,0.0,67.35863018035889
23.1,19.63425,86.33333333333333,0.0,7.116584777832031
23.2,18.213333333333335,87.7,0.0,14.377044916152954
23.3,18.5445,87.03333333333333,0.0,21.12722873687744
23.4,18.362583333333333,87.58333333333333,0.016666666666666666,27.87906002998352
23.5,18.170833333333334,87.38333333333334,0.0,34.494741439819336
23.6,18.901416666666666,86.78333333333333,0.0,41.093562602996826
23.7,18.800416666666667,86.83333333333333,0.0,47.73857116699219
23.8,18.232916666666668,87.75,0.0,54.29337787628174
23.9,18.076333333333334,88.3,0.016666666666666666,60.90207076072693
24.0,18.313666666666666,87.35000000000001,0.0,67.50163865089417
24.1,18.10375,87.46666666666667,0.0,6.865822792053223
24.2,17.99575,88.08333333333334,0.0,13.788947105407715
24.3,18.35675,87.51666666666667,0.0,20.950862169265747
24.4,17.77025,87.83333333333333,0.0,27.92772889137268
24.5,17.995083333333334,88.28333333333333,0.0,34.731335163116455
24.6,17.151666666666667,88.86666666666667,0.0,41.744309425354004
24.7,17.554583333333333,88.66666666666667,0.016666666666666666,48.60092544555664
24.8,16.967,88.98333333333333,0.0,55.26923680305481
24.9,16.6085,89.45,0.0,62.07550382614136
25.0,16.54375,89.60000000000001,0.016666666666666666,68.55296301841736
25.1,16.62675,89.61666666666666,0.0,7.030054569244385
25.2,16.285,89.8,0.016666666666666666,13.464510917663574
25.3,16.26975,90.46666666666667,0.0,20.011374711990356
25.4,15.76575,90.46666666666667,0.016666666666666666,26.8567533493042
25.5,15.368666666666666,90.68333333333334,0.0,33.5354208946228
25.6,16.213666666666665,89.96666666666667,0.0,40.18111801147461
25.7,15.929916666666667,90.38333333333334,0.0,46.8640456199646
25.8,15.669666666666666,90.7,0.0,53.70900321006775
25.9,15.809333333333333,90.64999999999999,0.016666666666666666,60.50804352760315
26.0,15.026416666666666,91.25,0.0,67.2878692150116
26.1,15.25825,90.98333333333333,0.0,7.3002917766571045
26.2,15.246583333333334,91.10000000000001,0.016666666666666666,13.8179349899292
26.3,15.171416666666667,91.3,0.0,20.29604411125183
26.4,14.828,91.46666666666667,0.0,26.75766134262085
26.5,14.880166666666666,91.3,0.0,33.24914240837097
26.6,14.963833333333334,91.3,0.0,39.852280616760254
26.7,14.1995,92.16666666666666,0.0,46.39289426803589
26.8,14.136166666666666,92.15,0.0,52.87589764595032
26.9,14.179416666666667,92.53333333333333,0.016666666666666666,59.272892475128174
27.0,13.8995,92.30000000000001,0.016666666666666666,65.58973002433777
27.1,13.808416666666666,92.65,0.016666666666666666,6.866652011871338
27.2,13.705416666666666,92.51666666666667,0.0,13.197891473770142
27.3,13.732416666666667,92.81666666666666,0.0,19.45339345932007
27.4,14.059916666666666,92.38333333333333,0.0,25.73460602760315
27.5,12.99125,93.05,0.016666666666666666,32.01385164260864
27.6,13.248833333333334,92.80000000000001,0.0,38.25922155380249
27.7,13.41925,92.80000000000001,0.0,44.51654887199402
27.8,13.562,93.0,0.0,50.77534890174866
27.9,12.654416666666666,93.63333333333334,0.0,57.00257587432861
28.0,13.3085,93.06666666666666,0.0,63.444685220718384
28.1,12.96175,93.5,0.0,7.028956651687622
28.2,12.900416666666667,93.4,0.0,13.89408826828003
28.3,12.814583333333333,93.08333333333333,0.016666666666666666,20.617017030715942
28.4,12.776333333333334,93.35,0.0,27.279059410095215
28.5,12.768916666666666,93.68333333333332,0.0,33.858429193496704
28.6,12.02025,93.98333333333333,0.0,40.34288311004639
28.7,12.266666666666667,93.83333333333333,0.0,46.885589838027954
28.8,11.8975,94.01666666666667,0.0,53.78792881965637
28.9,11.706916666666666,94.75,0.0,60.46534729003906
29.0,11.746583333333334,94.23333333333333,0.016666666666666666,66.94463157653809
29.1,11.29675,94.66666666666667,0.016666666666666666,7.146533966064453
29.2,11.307583333333334,94.66666666666667,0.0,13.706485986709595
29.3,11.981,94.3,0.0,19.92375946044922
29.4,11.795916666666667,94.61666666666667,0.0,26.161694765090942
29.5,12.88775,94.06666666666666,0.0,32.41017699241638
29.6,14.420916666666667,93.08333333333333,0.0,38.70346927642822
29.7,15.0975,92.78333333333333,0.016666666666666666,45.162516832351685
29.8,15.354,92.60000000000001,0.0,51.43484354019165
29.9,15.1035,92.63333333333334,0.0,57.74573087692261
30.0,16.288833333333333,90.81666666666666,0.0,64.07184100151062
