0.02,0.03,0.05,0.08,0.1,0.13,0.15,0.18,0.2
0.0,0.0,4.9645390070921984e-05,0.030865248226950356,0.10849290780141842,0.24054255319148934,0.3131276595744681,0.46022695035460987,0.5327801418439716
0.0,0.0,0.00040780141843971637,0.045964539007092194,0.13562765957446807,0.28062765957446806,0.3569326241134752,0.5084361702127659,0.5813687943262412
0.0,0.0,0.0011418439716312056,0.05614539007092199,0.15254255319148935,0.3042340425531915,0.3820780141843972,0.5340815602836879,0.6066524822695035
0.0,0.0,0.0019148936170212765,0.06312765957446807,0.1644078014184397,0.3199503546099291,0.39897163120567375,0.5511914893617021,0.6232907801418439
0.0,0.0,0.002641843971631206,0.06970212765957447,0.17529078014184393,0.3343652482269504,0.41353546099290783,0.5653510638297873,0.6369184397163121
0.0,0.0,0.003546099290780142,0.07375886524822696,0.1815425531914893,0.34247163120567387,0.42177304964539014,0.5725354609929079,0.6436241134751772
0.0,0.0,0.004,0.07692198581560282,0.1872624113475177,0.3485283687943263,0.4279751773049645,0.5782021276595745,0.6483971631205673
0.0,0.0,0.004879432624113475,0.07993262411347518,0.19078368794326234,0.35230496453900717,0.43072340425531913,0.5797943262411347,0.6493829787234042
0.0,0.0,0.00597163120567376,0.08330496453900708,0.19557092198581558,0.3566985815602837,0.43504609929078014,0.5828829787234042,0.651804964539007
0.0,0.0,0.006372340425531915,0.08536170212765959,0.198741134751773,0.3610248226950355,0.4390531914893617,0.5861843971631207,0.6545921985815603
