0.02,0.03,0.05,0.08,0.1,0.13,0.15,0.18,0.2
0.0,0.0,0.0010602836879432624,0.0640354609929078,0.1325709219858156,0.2532978723404255,0.3411914893617022,0.47513829787234046,0.5630177304964539
0.0,0.0,0.004819148936170214,0.08870212765957446,0.16811347517730493,0.30239007092198583,0.39580141843971633,0.5347695035460993,0.6236418439716311
0.0,0.0,0.009592198581560286,0.10576241134751771,0.19159219858156026,0.3342872340425532,0.4287943262411348,0.5640460992907801,0.6483262411347518
0.0,0.0,0.012390070921985817,0.11345390070921985,0.20295390070921981,0.34947163120567376,0.44680851063829785,0.5855319148936171,0.6711631205673759
0.0,0.0,0.017148936170212768,0.12842907801418438,0.2242482269503546,0.37583687943262417,0.4722730496453902,0.6074574468085107,0.6899113475177304
0.0,0.0,0.015500000000000002,0.1232304964539007,0.21688652482269502,0.367886524822695,0.4681631205673759,0.6111205673758865,0.6995921985815602
0.0,0.0,0.01775531914893617,0.1297943262411347,0.22657446808510637,0.38034751773049646,0.48053900709219854,0.6219574468085106,0.7090780141843972
0.0,0.0,0.019985815602836878,0.1349078014184397,0.23396453900709213,0.39004964539007086,0.4897872340425532,0.629159574468085,0.7144078014184398
0.0,0.0,0.02013829787234043,0.13489361702127659,0.2336418439716312,0.3900425531914894,0.4901985815602837,0.6290248226950355,0.7133971631205674
0.0,0.0,0.022109929078014182,0.1408191489361702,0.24270921985815605,0.4010425531914893,0.5012234042553191,0.6397375886524822,0.7233687943262411
