0.02,0.03,0.05,0.08,0.1,0.13,0.15,0.18,0.2
0.0,0.0,0.0006702127659574468,0.0625,0.13198581560283687,0.25531205673758867,0.3448865248226951,0.4828085106382979,0.5729574468085106
0.0,0.0,0.0026241134751773055,0.08185815602836878,0.16031205673758864,0.2957517730496454,0.3917021276595746,0.5360070921985816,0.6297801418439716
0.0,0.0,0.004812056737588652,0.09316312056737587,0.17697517730496454,0.3193439716312057,0.41797163120567377,0.5652659574468085,0.6605780141843973
0.0,0.0,0.006726950354609929,0.10011347517730494,0.18747163120567373,0.33268085106382983,0.4335460992907802,0.5825283687943262,0.6782234042553191
0.0,0.0,0.008333333333333333,0.1068368794326241,0.19686879432624113,0.3456418439716313,0.44751063829787235,0.5973262411347519,0.6936099290780141
0.0,0.0,0.010031914893617022,0.11236170212765957,0.20518439716312054,0.35684751773049644,0.4609893617021276,0.6129255319148935,0.7102624113475177
0.0,0.0,0.01097163120567376,0.11529078014184398,0.20877304964539004,0.3624078014184398,0.46650354609929073,0.6190602836879433,0.7160460992907802
0.0,0.0,0.012163120567375889,0.11793617021276594,0.21257446808510633,0.36633687943262416,0.47008865248226955,0.6219503546099291,0.718014184397163
0.0,0.0,0.013173758865248226,0.12123049645390067,0.21695035460992906,0.37326595744680857,0.4777482269503547,0.6307553191489361,0.727404255319149
0.0,0.0,0.014067375886524822,0.12351773049645388,0.22024113475177304,0.37708156028368794,0.48202482269503544,0.6352198581560284,0.7320425531914894
