0.02,0.03,0.05,0.08,0.1,0.13,0.15,0.18,0.2
0.0,0.0,0.0004148936170212767,0.052407801418439724,0.11869858156028366,0.24728723404255318,0.3356914893617021,0.46245390070921993,0.5514929078014185
0.0,0.0,0.0018865248226950355,0.07058865248226949,0.14590780141843968,0.2880957446808511,0.3830460992907801,0.5169822695035461,0.6099042553191489
0.0,0.0,0.0038262411347517733,0.08166312056737589,0.16316666666666663,0.312886524822695,0.41150354609929085,0.5489716312056738,0.6439822695035461
0.0,0.0,0.005251773049645391,0.08814893617021274,0.1724893617021276,0.3258049645390071,0.42599290780141846,0.5644219858156029,0.660031914893617
0.0,0.0,0.006443262411347518,0.09329078014184396,0.18007446808510635,0.3360070921985816,0.4371631205673759,0.5760177304964539,0.6719148936170212
0.0,0.0,0.008152482269503547,0.09892907801418438,0.1878333333333333,0.3475602836879433,0.44999645390070925,0.5903510638297872,0.6873014184397164
0.0,0.0,0.009102836879432624,0.10196453900709217,0.19271276595744674,0.3536489361702128,0.4567411347517731,0.5979716312056738,0.694390070921986
0.0,0.0,0.010109929078014184,0.10537234042553188,0.19731205673758867,0.36010992907801426,0.46382978723404256,0.6052304964539008,0.701741134751773
0.0,0.0,0.011035460992907803,0.10791843971631204,0.20109929078014183,0.36483333333333334,0.46872340425531916,0.6104007092198582,0.706709219858156
0.0,0.0,0.011709219858156029,0.10963475177304961,0.20307092198581558,0.3675673758865249,0.4713049645390071,0.6124397163120567,0.7083971631205673
