0.02,0.03,0.05,0.08,0.1,0.13,0.15,0.18,0.2
0.0,0.0,5.673758865248227e-05,0.046163120567375884,0.11663475177304963,0.23125177304964534,0.325936170212766,0.4571595744680851,0.554968085106383
0.0,0.0,0.00037588652482269515,0.06268085106382978,0.1427836879432624,0.2690141843971631,0.3708758865248226,0.5086276595744682,0.6092482269503546
0.0,0.0,0.0010390070921985817,0.07271985815602837,0.15803900709219856,0.291031914893617,0.39669858156028365,0.5378404255319149,0.6405709219858157
0.0,0.0,0.0015638297872340424,0.07799645390070921,0.16596808510638297,0.3014219858156028,0.4080177304964539,0.5492092198581561,0.6522978723404256
0.0,0.0,0.00224468085106383,0.08423404255319149,0.17573404255319147,0.31513120567375885,0.42413120567375895,0.5681737588652482,0.6721489361702128
0.0,0.0,0.002833333333333333,0.08818085106382977,0.18151418439716308,0.32323758865248226,0.43284751773049635,0.5769468085106382,0.6813156028368794
0.0,0.0,0.003425531914893617,0.09175177304964538,0.18718085106382973,0.3316276595744681,0.44260283687943264,0.5885496453900709,0.6937730496453903
0.0,0.0,0.0037446808510638294,0.09369148936170212,0.1896524822695035,0.3340354609929078,0.4445709219858157,0.589531914893617,0.6928262411347519
0.0,0.0,0.004343971631205674,0.09622695035460992,0.19354255319148933,0.3392872340425532,0.4508794326241136,0.5960673758865248,0.7000744680851062
0.0,0.0,0.0047872340425531915,0.09834397163120566,0.1969893617021276,0.3430283687943263,0.45483333333333337,0.5998404255319149,0.7034609929078014
