0.02,0.03,0.05,0.08,0.1,0.13,0.15,0.18,0.2
0.0,0.0,0.0038794326241134757,0.07663475177304965,0.14689716312056733,0.2681737588652482,0.35429787234042553,0.4834432624113475,0.5670531914893616
0.0,9.574468085106382e-05,0.03734751773049645,0.1439609929078014,0.22603546099290778,0.35346453900709224,0.436404255319149,0.5557588652482269,0.6301808510638297
0.001276595744680851,0.041783687943262406,0.12313829787234042,0.25710992907801417,0.3478333333333333,0.47020921985815595,0.5408333333333334,0.6335106382978724,0.6878439716312056
0.02474113475177305,0.07312056737588653,0.1743226950354609,0.3190709219858156,0.4098617021276596,0.5283297872340426,0.5969113475177306,0.6868971631205674,0.7399255319148936
0.05126595744680851,0.10083333333333332,0.20278723404255317,0.3423439716312057,0.4274645390070922,0.5414397163120568,0.6078475177304965,0.695741134751773,0.746631205673759
0.0617482269503546,0.12184042553191489,0.22412056737588648,0.3616560283687943,0.44627659574468087,0.5603758865248226,0.6275992907801418,0.7162375886524823,0.767900709219858
0.06482978723404254,0.13019858156028366,0.23897517730496448,0.37549645390070924,0.4592659574468085,0.5749929078014183,0.643723404255319,0.7345709219858156,0.7882446808510638
0.06682269503546097,0.13411347517730496,0.24784397163120564,0.3820709219858157,0.4642163120567375,0.577386524822695,0.6446879432624114,0.7337517730496455,0.78554609929078
0.07026950354609927,0.1381028368794326,0.25334397163120564,0.3851914893617021,0.46602127659574466,0.5775425531914894,0.6442056737588653,0.7328829787234044,0.7850992907801417
0.07736524822695034,0.14442553191489357,0.25765248226950344,0.38763829787234044,0.46740780141843974,0.5780744680851063,0.6446241134751773,0.7338120567375885,0.7862482269503546
