0.02,0.03,0.05,0.08,0.1,0.13,0.15,0.18,0.2
0.0,0.0,0.003801418439716312,0.07602482269503545,0.1462836879432624,0.26798226950354614,0.3546524822695035,0.48581205673758865,0.5710212765957448
0.0,2.1276595744680852e-05,0.03017375886524823,0.13569503546099287,0.21863475177304964,0.347790780141844,0.43277304964539,0.5558049645390071,0.6328687943262411
0.0003723404255319149,0.03257446808510638,0.11120921985815599,0.2435460992907801,0.33481914893617026,0.46065602836879443,0.5347446808510639,0.632450354609929,0.6903262411347516
0.018709219858156028,0.06924468085106382,0.1678510638297872,0.31134751773049646,0.4023971631205674,0.5211099290780142,0.5876631205673759,0.6748120567375886,0.7255886524822694
0.047241134751773044,0.09452836879432623,0.19834397163120562,0.340031914893617,0.426709219858156,0.5412021276595745,0.6090212765957447,0.6994929078014184,0.7526134751773049
0.06015248226950353,0.11802127659574466,0.21895744680851062,0.35786524822695026,0.441822695035461,0.5566241134751774,0.6257943262411347,0.7177801418439717,0.7719609929078015
0.06320567375886524,0.1262836879432624,0.22890780141843972,0.36216312056737593,0.4437978723404255,0.5583546099290779,0.6275709219858155,0.7217517730496454,0.777482269503546
0.06316666666666665,0.12620212765957442,0.23164893617021276,0.359904255319149,0.4388333333333333,0.5520992907801419,0.6220815602836878,0.7178510638297871,0.7755425531914893
0.0614645390070922,0.12288297872340424,0.2284219858156028,0.35415957446808505,0.4327978723404256,0.5475886524822695,0.6211843971631206,0.7239645390070923,0.7868120567375886
0.0584645390070922,0.11720921985815604,0.21746099290780133,0.33873049645390074,0.41429078014184406,0.5285921985815604,0.6037304964539008,0.7109290780141841,0.7770638297872342
