0.02,0.03,0.05,0.08,0.1,0.13,0.15,0.18,0.2
0.0,0.0,0.003070921985815603,0.07339361702127659,0.14323049645390068,0.26507092198581556,0.3521666666666667,0.4844397163120568,0.5703191489361702
0.0,3.546099290780142e-06,0.02365248226950355,0.12750709219858153,0.21000354609929073,0.3403936170212766,0.42664539007092206,0.551695035460993,0.6301702127659573
0.0,0.006336879432624114,0.05633333333333334,0.1698936170212766,0.25514184397163114,0.3862021276595745,0.47079432624113476,0.5904503546099291,0.6643085106382979
0.0,0.005028368794326241,0.0647872340425532,0.19878368794326237,0.29627659574468085,0.43312765957446825,0.5145531914893616,0.6228475177304965,0.6866134751773049
0.0,0.040570921985815606,0.14428723404255317,0.2990212765957446,0.39470567375886534,0.5158758865248227,0.5838936170212765,0.6745390070921986,0.7288226950354612
0.0,0.04205673758865248,0.12869148936170208,0.2708156028368794,0.36588297872340425,0.4972163120567377,0.5748014184397162,0.6809042553191489,0.7446312056737588
0.0,0.016673758865248228,0.11764539007092195,0.2735531914893617,0.3743865248226951,0.506904255319149,0.5820673758865248,0.6802446808510638,0.7376843971631205
3.546099290780142e-06,0.04531914893617021,0.14517730496453898,0.29660283687943256,0.392531914893617,0.5189716312056737,0.5936737588652481,0.6946666666666667,0.75577304964539
0.0,0.01149645390070922,0.10631560283687942,0.2549042553191489,0.3552695035460994,0.4900070921985817,0.5676666666666665,0.6691524822695034,0.7287127659574467
0.0,0.04482624113475176,0.14387234042553187,0.29739007092198577,0.3938120567375887,0.5204113475177305,0.5942304964539006,0.6940851063829787,0.7537304964539009
