0.02,0.03,0.05,0.08,0.1,0.13,0.15,0.18,0.2
0.0,0.0,0.0024078014184397162,0.07085106382978723,0.1404645390070922,0.2625921985815603,0.34997163120567376,0.4818617021276596,0.567354609929078
0.0,0.0,0.015138297872340426,0.11380141843971629,0.19410638297872335,0.32518794326241135,0.41428014184397166,0.5449716312056737,0.628017730496454
0.0,0.0,0.015141843971631208,0.11360283687943261,0.19707446808510637,0.3353794326241135,0.43029432624113473,0.5688936170212766,0.6567588652482269
0.0,3.1914893617021275e-05,0.04184751773049646,0.16484751773049638,0.2565212765957447,0.39426241134751777,0.4824929078014184,0.6050460992907802,0.6798404255319149
0.0,6.737588652482269e-05,0.06663120567375885,0.20627304964539003,0.30567730496453893,0.44562056737588657,0.528145390070922,0.6397943262411349,0.706723404255319
0.0,1.4184397163120568e-05,0.04955319148936169,0.18257446808510638,0.2836950354609929,0.43074468085106377,0.5199290780141844,0.6427198581560284,0.7162375886524822
0.0,5.319148936170212e-05,0.05335106382978722,0.19536170212765955,0.3017056737588652,0.44932978723404265,0.5347482269503546,0.6469609929078014,0.7131524822695037
0.0,0.0,0.04848581560283687,0.18253900709219856,0.2873014184397163,0.4371205673758865,0.5271843971631205,0.6500886524822695,0.7246134751773052
0.0,7.801418439716311e-05,0.055365248226950346,0.19841489361702125,0.30651773049645387,0.45626595744680853,0.5423687943262411,0.6559468085106382,0.7230780141843972
0.0,1.773049645390071e-05,0.05685460992907801,0.20038297872340424,0.3079042553191489,0.4569397163120568,0.5430921985815602,0.6572021276595745,0.7249574468085106
