Epochs,Loss,Accuracy (%),Silent labels (%),Time (s),Average Prediction Confidence
0.09973404255319149,93.9991111111111,30.026666666666667,5.528888888888889,34.37373471260071,0.0
0.19946808510638298,66.83333333333333,54.284444444444446,2.071111111111111,57.766555309295654,0.0
0.2992021276595745,61.111155555555555,60.41777777777778,2.1244444444444444,79.0676953792572,0.0
0.39893617021276595,56.9808,63.537777777777784,1.7511111111111113,98.73263835906982,0.0
0.49867021276595747,50.13337777777778,65.63555555555556,0.0,117.48047208786011,0.0
0.598404255319149,47.9876,67.61777777777777,0.008888888888888889,135.52791142463684,0.0
0.6981382978723404,45.919333333333334,69.46666666666667,0.0,153.09780955314636,0.0
0.7978723404255319,44.83844444444444,69.84,0.0,170.23258709907532,0.0
0.8976063829787234,43.550755555555554,70.01777777777778,0.0,187.0805640220642,0.0
0.9973404255319149,42.66848888888889,71.13777777777777,0.0,203.5873885154724,0.0
1.0970744680851063,40.708,72.83555555555556,0.0,16.112989902496338,0.0
1.196808510638298,39.803644444444444,73.41333333333333,0.0,32.084388256073,0.0
1.2965425531914894,39.36555555555555,73.69777777777777,0.0,47.75905752182007,0.0
1.3962765957446808,38.33337777777778,74.02666666666666,0.008888888888888889,63.20915126800537,0.0
1.4960106382978724,37.86848888888889,74.8711111111111,0.0,78.19886302947998,0.0
1.5957446808510638,37.56408888888889,74.58666666666667,0.0,92.97875428199768,0.0
1.6954787234042554,36.53911111111111,75.5911111111111,0.0,107.590336561203,0.0
1.7952127659574468,35.757466666666666,75.90222222222222,0.0,121.93608140945435,0.0
1.8949468085106382,35.504888888888885,76.67555555555555,0.0,136.15406370162964,0.0
1.9946808510638299,35.348844444444445,76.41777777777777,0.0,150.29837918281555,0.0
2.0944148936170213,34.665733333333336,77.28,0.0,13.589320421218872,0.0
2.1941489361702127,35.13715555555556,77.25333333333333,0.008888888888888889,27.839974880218506,0.0
2.293882978723404,34.64253333333333,78.01777777777778,0.0,42.18772578239441,0.0
2.393617021276596,34.59351111111111,77.81333333333333,0.0,56.99457383155823,0.0
2.4933510638297873,34.90017777777778,78.26666666666667,0.0,71.56583881378174,0.0
2.5930851063829787,34.71017777777778,78.69333333333334,0.0,86.38660168647766,0.0
2.69281914893617,34.93364444444445,78.58666666666667,0.0,101.6322283744812,0.0
2.7925531914893615,34.257466666666666,79.0488888888889,0.0,117.00009775161743,0.0
2.8922872340425534,34.266844444444445,79.1288888888889,0.008888888888888889,132.58956027030945,0.0
2.992021276595745,33.907466666666664,78.76444444444445,0.008888888888888889,148.32022213935852,0.0
3.091755319148936,32.49964444444444,80.85333333333334,0.0,14.85124135017395,0.0
3.1914893617021276,31.930888888888887,80.90666666666667,0.0,30.784998655319214,0.0
3.291223404255319,31.95991111111111,81.02222222222221,0.008888888888888889,46.74219584465027,0.0
3.390957446808511,31.61488888888889,80.88888888888889,0.008888888888888889,62.8571138381958,0.0
3.4906914893617023,31.300977777777778,81.47555555555556,0.0,79.0289580821991,0.0
3.5904255319148937,31.282133333333334,81.64444444444445,0.0,95.14952397346497,0.0
3.690159574468085,30.77231111111111,81.93777777777778,0.008888888888888889,111.34460878372192,0.0
3.7898936170212765,30.675422222222224,81.76,0.0,127.55993986129761,0.0
3.889627659574468,30.962266666666668,81.70666666666668,0.017777777777777778,143.8634750843048,0.0
3.9893617021276597,30.495066666666666,81.90222222222222,0.0,160.19215941429138,0.0
4.089095744680851,29.514755555555556,82.82666666666667,0.0,14.64642858505249,0.0
4.1888297872340425,29.739644444444444,82.98666666666666,0.0,30.878588914871216,0.0
4.288563829787234,29.262,83.29777777777778,0.0,47.1492977142334,0.0
4.388297872340425,29.925733333333334,83.54666666666667,0.008888888888888889,63.47685670852661,0.0
4.488031914893617,29.824666666666666,83.27111111111111,0.008888888888888889,79.89919686317444,0.0
4.587765957446808,29.920444444444446,83.33333333333334,0.008888888888888889,96.38526391983032,0.0
4.6875,29.609155555555557,83.61777777777777,0.0,112.83602046966553,0.0
4.787234042553192,29.41871111111111,84.45333333333333,0.0,129.89490365982056,0.0
4.886968085106383,30.025288888888888,83.22666666666667,0.0,147.40715265274048,0.0
4.986702127659575,29.931333333333335,83.49333333333333,0.017777777777777778,164.96254587173462,0.0
5.086436170212766,29.55657777777778,84.13333333333334,0.008888888888888889,14.898215293884277,0.0
5.1861702127659575,28.905066666666666,84.56888888888889,0.0,32.08238220214844,0.0
5.285904255319149,28.93648888888889,84.53333333333333,0.008888888888888889,55.959458351135254,0.0
5.38563829787234,29.294755555555554,84.60444444444445,0.017777777777777778,78.9240608215332,0.0
5.485372340425532,29.238133333333334,84.48,0.008888888888888889,101.57722043991089,0.0
5.585106382978723,29.264622222222222,84.60444444444445,0.008888888888888889,124.4837076663971,0.0
5.684840425531915,29.142533333333333,84.63111111111111,0.017777777777777778,148.23470067977905,0.0
5.784574468085107,28.691111111111113,85.02222222222223,0.035555555555555556,174.34122848510742,0.0
5.884308510638298,29.609066666666667,83.97333333333333,0.008888888888888889,199.98885989189148,0.0
5.98404255319149,29.23431111111111,84.52444444444444,0.008888888888888889,226.36763262748718,0.0
6.0837765957446805,28.352844444444443,85.52888888888889,0.02666666666666667,19.999670267105103,0.0
6.183510638297872,28.732222222222223,85.18222222222222,0.008888888888888889,44.82416653633118,0.0
6.283244680851064,27.791244444444445,86.25777777777778,0.017777777777777778,69.87381386756897,0.0
6.382978723404255,28.788044444444445,84.85333333333334,0.0,94.67963600158691,0.0
6.482712765957447,29.194044444444444,85.31555555555556,0.035555555555555556,120.25366759300232,0.0
6.582446808510638,28.561955555555556,85.62666666666667,0.035555555555555556,145.4306411743164,0.0
6.68218085106383,29.027066666666666,85.43111111111111,0.035555555555555556,169.9419538974762,0.0
6.781914893617022,28.684977777777778,85.28888888888889,0.008888888888888889,192.97650051116943,0.0
6.881648936170213,28.558533333333333,85.62666666666667,0.035555555555555556,216.24631762504578,0.0
6.9813829787234045,29.40568888888889,84.93333333333334,0.02666666666666667,239.61256504058838,0.0
7.0811170212765955,28.381777777777778,86.01777777777778,0.02666666666666667,19.215805768966675,0.0
7.180851063829787,28.065244444444446,86.41777777777779,0.06222222222222223,43.06827759742737,0.0
7.280585106382978,28.69248888888889,85.84,0.02666666666666667,68.19144868850708,0.0
7.38031914893617,28.47351111111111,86.19555555555556,0.008888888888888889,93.66151738166809,0.0
7.480053191489362,28.764044444444444,86.13333333333333,0.0,119.3715250492096,0.0
7.579787234042553,29.218533333333333,85.65333333333334,0.02666666666666667,144.79934215545654,0.0
7.679521276595745,29.113866666666667,85.77777777777777,0.06222222222222223,170.89459490776062,0.0
7.779255319148936,28.458666666666666,86.56888888888888,0.02666666666666667,196.29109692573547,0.0
7.878989361702128,28.563955555555555,86.41777777777779,0.035555555555555556,221.70719933509827,0.0
7.9787234042553195,28.91048888888889,86.23111111111112,0.017777777777777778,248.66408777236938,0.0
8.07845744680851,28.819555555555556,86.30222222222223,0.008888888888888889,20.756572246551514,0.0
8.178191489361701,28.173555555555556,86.88,0.035555555555555556,47.78132629394531,0.0
8.277925531914894,28.85311111111111,86.44444444444444,0.044444444444444446,73.37772154808044,0.0
8.377659574468085,28.871155555555557,86.60444444444444,0.08,100.97732925415039,0.0
8.477393617021276,28.933822222222222,86.47111111111111,0.08,126.87803816795349,0.0
8.577127659574469,28.59742222222222,87.10222222222222,0.05333333333333334,152.4665129184723,0.0
8.67686170212766,28.956355555555554,86.88,0.044444444444444446,177.3915753364563,0.0
8.77659574468085,29.270444444444443,86.82666666666667,0.05333333333333334,203.2688934803009,0.0
8.876329787234043,29.218355555555554,86.86222222222221,0.10666666666666667,228.66539096832275,0.0
8.976063829787234,28.897288888888887,87.02222222222223,0.08,254.02362394332886,0.0
9.075797872340425,29.228933333333334,86.61333333333333,0.08,20.108682870864868,0.0
9.175531914893616,29.491777777777777,87.13777777777779,0.08888888888888889,44.85461616516113,0.0
9.275265957446809,29.217155555555557,87.44,0.12444444444444445,69.45857310295105,0.0
9.375,29.231822222222224,87.2088888888889,0.08888888888888889,93.27794075012207,0.0
9.474734042553191,29.389777777777777,87.29777777777777,0.09777777777777777,116.08616924285889,0.0
9.574468085106384,29.441333333333333,87.06666666666666,0.10666666666666667,138.81252884864807,0.0
9.674202127659575,29.403288888888888,87.58222222222221,0.14222222222222222,163.29589796066284,0.0
9.773936170212766,29.383511111111112,87.72444444444444,0.08888888888888889,187.7121388912201,0.0
9.873670212765957,29.64768888888889,87.03999999999999,0.12444444444444445,212.50922989845276,0.0
9.97340425531915,29.6192,87.26222222222222,0.06222222222222223,235.45115065574646,0.0
