Epochs,Loss,Accuracy (%),Silent labels (%),Time (s),Average Prediction Confidence
0.09973404255319149,93.66853333333333,30.462222222222223,5.52,38.03483438491821,0.0
0.19946808510638298,66.51533333333333,55.08444444444444,2.08,65.23906373977661,0.0
0.2992021276595745,60.90826666666667,60.68444444444444,2.1155555555555554,90.17185521125793,0.0
0.39893617021276595,54.745466666666665,64.26666666666667,0.9688888888888889,113.82024264335632,0.0
0.49867021276595747,49.80186666666667,66.19555555555556,0.0,136.65487670898438,0.0
0.598404255319149,47.68542222222222,67.99111111111111,0.0,158.97287726402283,0.0
0.6981382978723404,45.723555555555556,69.24444444444444,0.017777777777777778,180.87469029426575,0.0
0.7978723404255319,44.55275555555556,70.0,0.0,202.4648118019104,0.0
0.8976063829787234,43.42648888888889,70.06222222222223,0.0,223.7498378753662,0.0
0.9973404255319149,42.565822222222224,71.16444444444444,0.0,244.77101039886475,0.0
1.0970744680851063,40.739022222222225,72.97777777777777,0.0,20.456727027893066,0.0
1.196808510638298,39.82604444444444,73.38666666666667,0.0,40.937185287475586,0.0
1.2965425531914894,39.313066666666664,73.72444444444444,0.0,61.00730228424072,0.0
1.3962765957446808,38.327555555555556,73.83999999999999,0.0,80.82859349250793,0.0
1.4960106382978724,37.81382222222222,74.84444444444445,0.0,100.14567518234253,0.0
1.5957446808510638,37.4672,74.46222222222222,0.0,119.27854466438293,0.0
1.6954787234042554,36.42284444444444,75.62666666666667,0.0,138.0484757423401,0.0
1.7952127659574468,35.687644444444445,75.52,0.0,156.59308910369873,0.0
1.8949468085106382,35.25311111111111,76.68444444444444,0.008888888888888889,175.06326484680176,0.0
1.9946808510638299,35.04471111111111,76.32888888888888,0.0,193.22021341323853,0.0
2.0944148936170213,34.16768888888889,77.49333333333334,0.008888888888888889,17.128206491470337,0.0
2.1941489361702127,34.388222222222225,76.91555555555556,0.0,35.03036427497864,0.0
2.293882978723404,33.93955555555556,78.30222222222221,0.0,53.02210783958435,0.0
2.393617021276596,34.0344,77.95555555555555,0.0,71.1862678527832,0.0
2.4933510638297873,34.41226666666667,77.63555555555556,0.0,89.92808103561401,0.0
2.5930851063829787,34.23782222222222,78.76444444444445,0.0,109.23389458656311,0.0
2.69281914893617,34.416,78.67555555555555,0.0,129.0025737285614,0.0
2.7925531914893615,34.28395555555556,79.19111111111111,0.0,149.1612184047699,0.0
2.8922872340425534,34.226533333333336,79.20888888888888,0.0,169.6508514881134,0.0
2.992021276595745,33.72888888888889,79.18222222222222,0.0,190.41127943992615,0.0
3.091755319148936,32.77497777777778,80.51555555555555,0.0,19.554497003555298,0.0
3.1914893617021276,32.421822222222225,80.88,0.0,40.81286382675171,0.0
3.291223404255319,32.351333333333336,80.52444444444444,0.0,62.301255226135254,0.0
3.390957446808511,32.1592,80.78222222222222,0.0,83.87851881980896,0.0
3.4906914893617023,31.7928,81.22666666666667,0.008888888888888889,105.49753212928772,0.0
3.5904255319148937,31.49097777777778,81.31555555555555,0.0,127.27391982078552,0.0
3.690159574468085,30.70711111111111,81.85777777777777,0.008888888888888889,149.12458896636963,0.0
3.7898936170212765,30.548266666666667,81.52888888888889,0.008888888888888889,171.00217700004578,0.0
3.889627659574468,30.698444444444444,81.11111111111111,0.017777777777777778,192.95074367523193,0.0
3.9893617021276597,30.595111111111112,81.88444444444445,0.0,215.01949787139893,0.0
4.089095744680851,29.49031111111111,82.66666666666667,0.0,19.829315185546875,0.0
4.1888297872340425,29.6564,82.81777777777778,0.0,41.925344467163086,0.0
4.288563829787234,29.273022222222224,83.27111111111111,0.0,63.940696001052856,0.0
4.388297872340425,29.798444444444446,82.99555555555555,0.017777777777777778,86.09779810905457,0.0
4.488031914893617,29.580755555555555,83.32444444444445,0.017777777777777778,108.26090669631958,0.0
4.587765957446808,29.492933333333333,83.07555555555555,0.017777777777777778,130.4504909515381,0.0
4.6875,29.624133333333333,83.01333333333332,0.008888888888888889,154.11095571517944,0.0
4.787234042553192,29.461155555555557,84.11555555555556,0.008888888888888889,177.64488816261292,0.0
4.886968085106383,29.684844444444444,83.46666666666667,0.008888888888888889,200.13351202011108,0.0
4.986702127659575,29.727333333333334,83.6,0.017777777777777778,220.68447470664978,0.0
5.086436170212766,29.355555555555554,84.0,0.044444444444444446,18.80321192741394,0.0
5.1861702127659575,28.954133333333335,84.64,0.02666666666666667,42.65949892997742,0.0
5.285904255319149,29.171555555555557,84.45333333333333,0.06222222222222223,65.96736907958984,0.0
5.38563829787234,29.408622222222224,84.25777777777778,0.05333333333333334,89.33696818351746,0.0
5.485372340425532,29.5548,84.64888888888889,0.0,112.68024849891663,0.0
5.585106382978723,29.59568888888889,84.57777777777777,0.02666666666666667,129.8102786540985,0.0
5.684840425531915,29.456755555555556,84.8,0.06222222222222223,146.468585729599,0.0
5.784574468085107,29.37208888888889,85.10222222222222,0.05333333333333334,163.1672704219818,0.0
5.884308510638298,30.647244444444443,84.14222222222222,0.02666666666666667,180.02999424934387,0.0
5.98404255319149,30.045333333333332,84.62222222222222,0.035555555555555556,196.90107774734497,0.0
6.0837765957446805,29.74,85.56444444444445,0.044444444444444446,14.462796926498413,0.0
6.183510638297872,30.238044444444444,85.19111111111111,0.09777777777777777,32.19390368461609,0.0
6.283244680851064,30.11728888888889,86.23111111111112,0.14222222222222222,49.22926163673401,0.0
6.382978723404255,30.727955555555557,84.76444444444444,0.12444444444444445,66.15021753311157,0.0
6.482712765957447,31.810266666666667,85.09333333333333,0.24,83.08927774429321,0.0
6.582446808510638,31.496133333333333,85.79555555555555,0.1688888888888889,100.1003577709198,0.0
6.68218085106383,31.92368888888889,85.74222222222222,0.2311111111111111,117.04850387573242,0.0
6.781914893617022,32.60146666666667,85.6888888888889,0.20444444444444446,134.08421540260315,0.0
6.881648936170213,32.8424,85.83111111111111,0.2222222222222222,151.18413066864014,0.0
6.9813829787234045,34.84746666666667,84.68444444444444,0.20444444444444446,168.27550792694092,0.0
7.0811170212765955,33.14075555555556,86.24888888888889,0.3022222222222222,13.991287469863892,0.0
7.180851063829787,33.474222222222224,86.49777777777777,0.3022222222222222,30.98059391975403,0.0
7.280585106382978,35.217955555555555,85.77777777777777,0.28444444444444444,47.99233555793762,0.0
7.38031914893617,35.71564444444444,86.00888888888889,0.35555555555555557,65.09503293037415,0.0
7.480053191489362,36.16497777777778,85.97333333333333,0.4,82.24307084083557,0.0
7.579787234042553,37.192933333333336,85.68,0.4266666666666667,99.47264814376831,0.0
7.679521276595745,38.10911111111111,85.95555555555555,0.4888888888888889,116.65618348121643,0.0
7.779255319148936,37.608,86.19555555555556,0.4266666666666667,133.94069647789001,0.0
7.878989361702128,38.10755555555556,86.70222222222222,0.4622222222222222,151.14357209205627,0.0
7.9787234042553195,39.51195555555555,86.07111111111111,0.4266666666666667,168.25487899780273,0.0
8.07845744680851,39.13444444444445,86.75555555555555,0.37333333333333335,13.679099082946777,0.0
8.178191489361701,39.97817777777778,86.80888888888889,0.4977777777777778,30.938061237335205,0.0
8.277925531914894,41.45377777777778,86.48,0.5599999999999999,48.20506715774536,0.0
8.377659574468085,42.30088888888889,86.80888888888889,0.6133333333333334,65.41275835037231,0.0
8.477393617021276,43.574133333333336,86.32,0.64,82.58624482154846,0.0
8.577127659574469,44.053555555555555,86.76444444444445,0.5866666666666667,99.80861830711365,0.0
8.67686170212766,44.995733333333334,86.64888888888889,0.5422222222222223,116.9819860458374,0.0
8.77659574468085,46.568755555555555,86.73777777777778,0.6666666666666667,134.1865005493164,0.0
8.876329787234043,47.188,86.54222222222222,0.8177777777777778,151.2823896408081,0.0
8.976063829787234,47.56995555555556,86.8888888888889,0.6311111111111111,168.41645860671997,0.0
9.075797872340425,48.51551111111111,86.33777777777777,0.7644444444444444,13.168394804000854,0.0
9.175531914893616,49.568311111111115,86.86222222222221,0.8,30.278417825698853,0.0
9.275265957446809,49.735866666666666,87.14666666666666,0.7377777777777778,47.36468195915222,0.0
9.375,51.06946666666666,87.13777777777779,0.7555555555555555,64.49618363380432,0.0
9.474734042553191,52.973555555555556,87.01333333333334,0.7288888888888889,81.62705850601196,0.0
9.574468085106384,53.98835555555556,86.91555555555556,0.6311111111111111,98.75104475021362,0.0
9.674202127659575,54.59182222222222,87.30666666666667,0.6844444444444444,115.92076635360718,0.0
9.773936170212766,55.29497777777778,87.41333333333333,0.6311111111111111,133.04605865478516,0.0
9.873670212765957,56.303777777777775,86.8888888888889,0.7644444444444444,150.2299041748047,0.0
9.97340425531915,57.31657777777778,87.44,0.6933333333333334,167.3908669948578,0.0
