Epochs,Loss,Accuracy (%),Silent labels (%),Time (s),Average Prediction Confidence
0.09973404255319149,97.82515555555555,30.062222222222225,7.359999999999999,32.62595343589783,0.0
0.19946808510638298,67.06533333333333,54.53333333333333,2.0266666666666664,54.88962650299072,0.0
0.2992021276595745,55.715066666666665,61.34222222222222,0.0,74.82369875907898,0.0
0.39893617021276595,52.12817777777778,64.95111111111112,0.0,93.34200382232666,0.0
0.49867021276595747,49.586622222222225,66.80888888888889,0.0,111.1049120426178,0.0
0.598404255319149,47.6408,68.34666666666666,0.0,128.37482714653015,0.0
0.6981382978723404,45.66764444444444,69.47555555555556,0.008888888888888889,145.22828316688538,0.0
0.7978723404255319,44.71568888888889,70.07111111111111,0.008888888888888889,161.63489294052124,0.0
0.8976063829787234,43.386044444444444,70.32888888888888,0.0,177.82199382781982,0.0
0.9973404255319149,42.56346666666666,71.2088888888889,0.0,193.8189914226532,0.0
1.0970744680851063,40.74404444444444,72.89777777777778,0.0,15.516294956207275,0.0
1.196808510638298,39.85635555555555,73.62666666666667,0.008888888888888889,31.138184070587158,0.0
1.2965425531914894,39.52982222222222,73.72444444444444,0.0,46.40393137931824,0.0
1.3962765957446808,38.45964444444444,73.65333333333334,0.0,61.309210777282715,0.0
1.4960106382978724,37.93675555555556,74.89777777777778,0.0,75.93895626068115,0.0
1.5957446808510638,37.53377777777778,74.38222222222223,0.0,90.4541449546814,0.0
1.6954787234042554,36.574355555555556,75.6888888888889,0.0,104.6098484992981,0.0
1.7952127659574468,35.766622222222225,75.56444444444445,0.0,118.40808343887329,0.0
1.8949468085106382,35.38755555555556,76.23111111111112,0.008888888888888889,132.11549854278564,0.0
1.9946808510638299,35.162844444444445,75.98222222222222,0.008888888888888889,145.57577347755432,0.0
2.0944148936170213,34.20644444444444,77.09333333333333,0.0,12.812018871307373,0.0
2.1941489361702127,34.43066666666667,77.00444444444445,0.0,26.00718092918396,0.0
2.293882978723404,33.797022222222225,77.75999999999999,0.0,39.15240144729614,0.0
2.393617021276596,33.915733333333336,77.50222222222222,0.0,52.29865074157715,0.0
2.4933510638297873,34.84702222222222,77.46666666666667,0.008888888888888889,65.6662015914917,0.0
2.5930851063829787,35.54924444444445,78.16888888888889,0.017777777777777778,79.28633737564087,0.0
2.69281914893617,37.42115555555556,77.93777777777777,0.10666666666666667,93.33703565597534,0.0
2.7925531914893615,38.63355555555555,78.46222222222222,0.14222222222222222,107.55630874633789,0.0
2.8922872340425534,40.38053333333333,78.19555555555556,0.20444444444444446,121.81583952903748,0.0
2.992021276595745,41.3008,78.52444444444444,0.19555555555555554,136.245285987854,0.0
3.091755319148936,41.60017777777778,79.5288888888889,0.26666666666666666,13.538624286651611,0.0
3.1914893617021276,43.31137777777778,79.53777777777778,0.2311111111111111,28.138776302337646,0.0
3.291223404255319,45.01888888888889,79.17333333333333,0.2311111111111111,42.78142070770264,0.0
3.390957446808511,45.351733333333335,79.43111111111111,0.18666666666666668,57.41655874252319,0.0
3.4906914893617023,47.07871111111111,79.59111111111112,0.18666666666666668,71.99925518035889,0.0
3.5904255319148937,47.08306666666667,79.8488888888889,0.12444444444444445,86.52653503417969,0.0
3.690159574468085,46.574888888888886,79.74222222222222,0.09777777777777777,100.94007563591003,0.0
3.7898936170212765,46.409733333333335,79.70666666666666,0.17777777777777778,115.36825275421143,0.0
3.889627659574468,45.89591111111111,79.20888888888888,0.11555555555555555,129.79263544082642,0.0
3.9893617021276597,44.43706666666667,79.80444444444444,0.05333333333333334,144.09485864639282,0.0
4.089095744680851,41.74626666666666,80.92444444444445,0.07111111111111111,13.149919033050537,0.0
4.1888297872340425,39.84053333333333,80.96,0.044444444444444446,27.920517206192017,0.0
4.288563829787234,37.05431111111111,81.32444444444444,0.008888888888888889,42.79286599159241,0.0
4.388297872340425,35.257422222222225,81.55555555555556,0.008888888888888889,57.851816177368164,0.0
4.488031914893617,34.044044444444445,81.59111111111112,0.017777777777777778,73.02094650268555,0.0
4.587765957446808,33.04613333333333,81.7511111111111,0.044444444444444446,88.22054719924927,0.0
4.6875,32.58591111111111,82.17777777777778,0.02666666666666667,103.37623333930969,0.0
4.787234042553192,32.74742222222222,82.94222222222221,0.10666666666666667,118.656418800354,0.0
4.886968085106383,33.34515555555556,82.09777777777778,0.09777777777777777,133.98690009117126,0.0
4.986702127659575,34.315244444444446,82.42666666666668,0.21333333333333335,149.2224304676056,0.0
5.086436170212766,36.38146666666667,82.77333333333333,0.3911111111111111,13.458467960357666,0.0
5.1861702127659575,36.626577777777776,83.36,0.3111111111111111,28.85500454902649,0.0
5.285904255319149,40.440355555555556,83.2088888888889,0.41777777777777775,44.204336404800415,0.0
5.38563829787234,43.41506666666667,83.21777777777778,0.47111111111111115,59.616774797439575,0.0
5.485372340425532,48.571511111111114,83.27111111111111,0.6844444444444444,75.07507276535034,0.0
5.585106382978723,51.36791111111111,83.52000000000001,0.7111111111111111,90.56063747406006,0.0
5.684840425531915,58.15844444444444,83.59111111111112,0.8711111111111111,106.0867977142334,0.0
5.784574468085107,62.471377777777775,83.7688888888889,0.6844444444444444,121.58459997177124,0.0
5.884308510638298,66.91035555555555,83.06666666666666,0.7555555555555555,136.97059988975525,0.0
5.98404255319149,72.122,83.37777777777777,0.5777777777777777,152.23031401634216,0.0
6.0837765957446805,75.46577777777777,84.70222222222222,0.6666666666666667,12.906939268112183,0.0
6.183510638297872,78.94986666666667,83.76,0.5244444444444445,27.943129301071167,0.0
6.283244680851064,79.56084444444444,84.80888888888889,0.4266666666666667,42.627405881881714,0.0
6.382978723404255,77.56835555555556,83.43111111111111,0.3466666666666667,57.04697895050049,0.0
6.482712765957447,69.19475555555556,83.46666666666667,0.16,71.19170236587524,0.0
6.582446808510638,56.182,83.84888888888888,0.09777777777777777,85.17271780967712,0.0
6.68218085106383,46.345777777777776,83.41333333333333,0.008888888888888889,99.03779482841492,0.0
6.781914893617022,40.376266666666666,83.30666666666666,0.02666666666666667,112.91622066497803,0.0
6.881648936170213,36.306355555555555,83.84888888888888,0.0,126.76673364639282,0.0
6.9813829787234045,34.361644444444444,83.2,0.0,140.72750735282898,0.0
7.0811170212765955,31.79751111111111,84.39999999999999,0.035555555555555556,11.586400508880615,0.0
7.180851063829787,30.47591111111111,84.66666666666667,0.05333333333333334,25.68102192878723,0.0
7.280585106382978,31.56088888888889,84.10666666666667,0.05333333333333334,39.82020664215088,0.0
7.38031914893617,31.483955555555557,84.24000000000001,0.044444444444444446,54.068164587020874,0.0
7.480053191489362,32.12782222222222,84.38222222222223,0.10666666666666667,68.36600518226624,0.0
7.579787234042553,33.58866666666667,84.27555555555556,0.19555555555555554,82.69557547569275,0.0
7.679521276595745,35.33164444444444,84.28444444444445,0.29333333333333333,97.250009059906,0.0
7.779255319148936,36.22017777777778,85.07555555555555,0.2488888888888889,111.81160974502563,0.0
7.878989361702128,39.745155555555556,84.92444444444445,0.36444444444444446,126.31588077545166,0.0
7.9787234042553195,43.16186666666667,84.48,0.5066666666666666,140.8012092113495,0.0
8.07845744680851,45.9292,85.17333333333333,0.32,11.58237886428833,0.0
8.178191489361701,49.39844444444444,85.74222222222222,0.5244444444444445,26.158697843551636,0.0
8.277925531914894,54.64084444444445,85.15555555555555,0.4888888888888889,40.72414255142212,0.0
8.377659574468085,59.14075555555556,85.24444444444444,0.6311111111111111,55.206520080566406,0.0
8.477393617021276,64.3364,84.56888888888889,0.5955555555555556,69.57620906829834,0.0
8.577127659574469,67.37813333333334,85.40444444444445,0.47111111111111115,83.84953498840332,0.0
8.67686170212766,71.83911111111111,85.29777777777777,0.4,98.07267475128174,0.0
8.77659574468085,70.98884444444444,85.08444444444444,0.2311111111111111,112.23453402519226,0.0
8.876329787234043,65.2452,84.70222222222222,0.12444444444444445,126.4263162612915,0.0
8.976063829787234,55.54688888888889,84.9688888888889,0.07111111111111111,140.65455746650696,0.0
9.075797872340425,46.16782222222222,84.42666666666668,0.02666666666666667,11.012443542480469,0.0
9.175531914893616,40.49293333333333,85.07555555555555,0.008888888888888889,25.200204610824585,0.0
9.275265957446809,37.83768888888889,85.18222222222222,0.008888888888888889,39.50435185432434,0.0
9.375,37.5008,85.44,0.017777777777777778,53.771480321884155,0.0
9.474734042553191,37.96884444444444,85.45777777777778,0.017777777777777778,68.01353693008423,0.0
9.574468085106384,38.322,85.23555555555555,0.02666666666666667,82.29611301422119,0.0
9.674202127659575,37.27813333333334,85.92,0.06222222222222223,96.62021398544312,0.0
9.773936170212766,35.57346666666667,85.85777777777778,0.1688888888888889,111.06697010993958,0.0
9.873670212765957,35.7512,85.42222222222222,0.17777777777777778,125.5361180305481,0.0
9.97340425531915,37.70675555555555,85.73333333333333,0.21333333333333335,139.9147973060608,0.0
