Epochs,Loss,Accuracy (%),Silent labels (%),Time (s),Average Prediction Confidence
0.09973404255319149,98.16128888888889,29.404444444444444,7.457777777777778,33.22554063796997,0.0
0.19946808510638298,68.09755555555556,53.47555555555555,2.4533333333333336,55.52994704246521,0.0
0.2992021276595745,61.0216,60.68444444444444,2.1155555555555554,75.67108488082886,0.0
0.39893617021276595,57.70364444444444,63.75999999999999,2.2666666666666666,94.75890636444092,0.0
0.49867021276595747,55.35982222222222,65.21777777777777,2.151111111111111,112.94103026390076,0.0
0.598404255319149,53.26111111111111,67.0488888888889,2.0533333333333332,130.4752287864685,0.0
0.6981382978723404,51.48871111111111,68.00888888888889,2.097777777777778,147.57387828826904,0.0
0.7978723404255319,47.20688888888889,68.86222222222223,0.7555555555555555,164.27688646316528,0.0
0.8976063829787234,43.76755555555555,69.94666666666667,0.0,180.67608189582825,0.0
0.9973404255319149,42.83626666666667,70.9688888888889,0.0,196.86600542068481,0.0
1.0970744680851063,41.096222222222224,72.57777777777777,0.0,15.655338525772095,0.0
1.196808510638298,40.15555555555556,73.69777777777777,0.0,31.43463969230652,0.0
1.2965425531914894,39.90564444444444,73.65333333333334,0.0,46.993621587753296,0.0
1.3962765957446808,38.846,74.0,0.0,62.461424350738525,0.0
1.4960106382978724,38.3984,74.96888888888888,0.0,77.70346140861511,0.0
1.5957446808510638,37.99373333333333,74.58666666666667,0.0,92.84162211418152,0.0
1.6954787234042554,37.08177777777778,75.63555555555556,0.0,107.77004790306091,0.0
1.7952127659574468,36.45964444444444,75.5111111111111,0.0,122.62517762184143,0.0
1.8949468085106382,36.126933333333334,76.33777777777779,0.0,137.3335988521576,0.0
1.9946808510638299,35.8404,76.26666666666667,0.0,152.07218265533447,0.0
2.0944148936170213,34.818577777777776,77.43111111111111,0.008888888888888889,13.962606191635132,0.0
2.1941489361702127,34.80742222222222,76.88000000000001,0.0,28.525611639022827,0.0
2.293882978723404,33.99702222222222,78.27555555555556,0.0,43.052330493927,0.0
2.393617021276596,33.760711111111114,77.24444444444445,0.0,57.35355877876282,0.0
2.4933510638297873,33.84568888888889,77.1288888888889,0.0,71.72464990615845,0.0
2.5930851063829787,33.06902222222222,78.35555555555555,0.0,85.94699192047119,0.0
2.69281914893617,33.23791111111111,78.03555555555556,0.0,100.13691258430481,0.0
2.7925531914893615,32.882044444444446,78.67555555555555,0.008888888888888889,114.22724843025208,0.0
2.8922872340425534,32.88751111111111,78.29333333333334,0.0,128.13522171974182,0.0
2.992021276595745,32.882666666666665,78.21333333333334,0.0,141.93631505966187,0.0
3.091755319148936,32.208577777777776,79.36,0.008888888888888889,12.903339862823486,0.0
3.1914893617021276,32.211422222222225,79.27111111111111,0.0,26.822677612304688,0.0
3.291223404255319,32.4004,79.38666666666667,0.0,40.899309396743774,0.0
3.390957446808511,31.896844444444444,79.27111111111111,0.0,55.06625962257385,0.0
3.4906914893617023,31.64848888888889,79.78666666666666,0.008888888888888889,69.1586537361145,0.0
3.5904255319148937,31.20728888888889,79.7511111111111,0.0,83.20425128936768,0.0
3.690159574468085,31.055777777777777,79.82222222222222,0.017777777777777778,97.17669725418091,0.0
3.7898936170212765,31.491777777777777,79.5111111111111,0.0,111.14504194259644,0.0
3.889627659574468,32.18862222222222,79.74222222222222,0.017777777777777778,125.207932472229,0.0
3.9893617021276597,31.607777777777777,80.00888888888889,0.0,139.33721947669983,0.0
4.089095744680851,30.639555555555557,80.61333333333334,0.008888888888888889,12.836127758026123,0.0
4.1888297872340425,30.85311111111111,80.75555555555556,0.02666666666666667,26.974006414413452,0.0
4.288563829787234,31.038755555555557,81.32444444444444,0.02666666666666667,41.10506248474121,0.0
4.388297872340425,31.549155555555554,80.74666666666667,0.008888888888888889,55.25049662590027,0.0
4.488031914893617,31.632355555555556,80.72888888888889,0.044444444444444446,69.45031642913818,0.0
4.587765957446808,30.991866666666667,80.71111111111111,0.0,83.77511477470398,0.0
4.6875,30.437866666666668,80.99555555555555,0.017777777777777778,98.14071416854858,0.0
4.787234042553192,30.081244444444444,81.67999999999999,0.0,112.50595998764038,0.0
4.886968085106383,30.7876,80.81777777777778,0.008888888888888889,126.80564475059509,0.0
4.986702127659575,31.921644444444443,81.02222222222221,0.035555555555555556,141.06644821166992,0.0
5.086436170212766,31.51377777777778,81.17333333333333,0.0,12.683303117752075,0.0
5.1861702127659575,30.207911111111112,81.42222222222222,0.008888888888888889,27.196326732635498,0.0
5.285904255319149,29.574266666666666,81.86666666666666,0.0,41.762731313705444,0.0
5.38563829787234,29.546666666666667,81.92,0.008888888888888889,56.30797743797302,0.0
5.485372340425532,29.95111111111111,81.56444444444443,0.02666666666666667,70.86421132087708,0.0
5.585106382978723,29.91288888888889,81.83111111111111,0.017777777777777778,85.40318655967712,0.0
5.684840425531915,30.870933333333333,81.8488888888889,0.008888888888888889,100.0380494594574,0.0
5.784574468085107,30.073955555555557,81.97333333333333,0.0,114.85107064247131,0.0
5.884308510638298,30.10151111111111,81.24444444444444,0.0,129.62600374221802,0.0
5.98404255319149,29.36137777777778,81.68888888888888,0.02666666666666667,144.48652529716492,0.0
6.0837765957446805,28.216444444444445,82.60444444444445,0.0,12.633092164993286,0.0
6.183510638297872,28.260044444444443,82.2488888888889,0.008888888888888889,27.53484344482422,0.0
6.283244680851064,27.296,83.32444444444445,0.0,42.321115016937256,0.0
6.382978723404255,29.028755555555556,82.07111111111111,0.035555555555555556,57.062248945236206,0.0
6.482712765957447,29.726666666666667,82.57777777777778,0.035555555555555556,71.94213485717773,0.0
6.582446808510638,29.492355555555555,82.84444444444445,0.008888888888888889,86.70042538642883,0.0
6.68218085106383,29.918266666666668,82.35555555555555,0.008888888888888889,101.55201888084412,0.0
6.781914893617022,29.461644444444445,82.58666666666666,0.0,116.48414659500122,0.0
6.881648936170213,28.8384,82.56888888888889,0.008888888888888889,131.55757427215576,0.0
6.9813829787234045,29.024977777777778,82.1511111111111,0.0,146.67334580421448,0.0
7.0811170212765955,27.950044444444444,82.96,0.0,12.48370885848999,0.0
7.180851063829787,27.361733333333333,83.51111111111112,0.0,27.64575171470642,0.0
7.280585106382978,28.59391111111111,82.77333333333333,0.02666666666666667,42.884668827056885,0.0
7.38031914893617,28.185733333333335,82.86222222222223,0.0,58.17671322822571,0.0
7.480053191489362,28.08968888888889,82.74666666666667,0.0,73.3831160068512,0.0
7.579787234042553,27.881955555555557,83.24444444444444,0.0,88.62890243530273,0.0
7.679521276595745,28.060177777777778,82.54222222222222,0.0,103.95741891860962,0.0
7.779255319148936,28.06373333333333,83.15555555555557,0.02666666666666667,119.3894567489624,0.0
7.878989361702128,27.965244444444444,83.72444444444444,0.017777777777777778,134.86925148963928,0.0
7.9787234042553195,27.986,83.27111111111111,0.017777777777777778,150.31459164619446,0.0
8.07845744680851,27.744044444444445,83.70666666666666,0.035555555555555556,12.404637336730957,0.0
8.178191489361701,27.40737777777778,83.92888888888889,0.0,27.853373527526855,0.0
8.277925531914894,27.620977777777778,83.40444444444445,0.008888888888888889,43.24224233627319,0.0
8.377659574468085,27.991466666666668,83.52888888888889,0.017777777777777778,58.72568106651306,0.0
8.477393617021276,27.8768,83.0488888888889,0.008888888888888889,74.31367254257202,0.0
8.577127659574469,27.296666666666667,83.47555555555556,0.008888888888888889,89.97312355041504,0.0
8.67686170212766,27.165333333333333,83.6888888888889,0.0,105.65618920326233,0.0
8.77659574468085,27.192044444444445,83.56444444444445,0.0,121.3113489151001,0.0
8.876329787234043,26.6504,83.76,0.008888888888888889,136.97045230865479,0.0
8.976063829787234,26.701822222222223,83.97333333333333,0.0,152.5583062171936,0.0
9.075797872340425,27.373955555555554,83.31555555555555,0.008888888888888889,12.017159461975098,0.0
9.175531914893616,27.59151111111111,84.13333333333334,0.06222222222222223,27.63940119743347,0.0
9.275265957446809,27.748,83.65333333333334,0.05333333333333334,43.3227379322052,0.0
9.375,27.736622222222223,84.01777777777778,0.02666666666666667,59.03743624687195,0.0
9.474734042553191,27.96671111111111,84.05333333333334,0.035555555555555556,74.74813103675842,0.0
9.574468085106384,28.08711111111111,84.08,0.017777777777777778,90.54900574684143,0.0
9.674202127659575,27.237377777777777,84.31111111111112,0.008888888888888889,106.47107863426208,0.0
9.773936170212766,26.309644444444444,84.43555555555555,0.0,122.40562891960144,0.0
9.873670212765957,26.244711111111112,83.71555555555555,0.008888888888888889,138.2815170288086,0.0
9.97340425531915,26.48177777777778,84.17777777777778,0.02666666666666667,154.07069635391235,0.0
