Epochs,Loss,Accuracy (%),Silent labels (%),Time (s),Average Prediction Confidence
0.09973404255319149,95.32937777777778,30.38222222222222,6.408888888888889,33.44754505157471,0.0
0.19946808510638298,66.61515555555556,54.05333333333333,2.071111111111111,56.00235724449158,0.0
0.2992021276595745,56.68728888888889,60.94222222222222,0.32,76.4480299949646,0.0
0.39893617021276595,52.310266666666664,64.74666666666667,0.0,95.63669323921204,0.0
0.49867021276595747,49.97844444444444,66.14222222222223,0.0,114.16795539855957,0.0
0.598404255319149,47.90506666666667,67.91111111111111,0.0,132.06155729293823,0.0
0.6981382978723404,45.982933333333335,69.40444444444445,0.0,149.5646936893463,0.0
0.7978723404255319,45.04813333333333,70.03555555555555,0.0,166.66632342338562,0.0
0.8976063829787234,43.76888888888889,70.24000000000001,0.0,183.39200639724731,0.0
0.9973404255319149,42.921866666666666,70.9688888888889,0.0,199.85127115249634,0.0
1.0970744680851063,41.29804444444444,73.04888888888888,0.0,15.98511028289795,0.0
1.196808510638298,40.486266666666666,73.42222222222222,0.0,32.03567171096802,0.0
1.2965425531914894,40.24613333333333,73.70666666666666,0.0,47.90255284309387,0.0
1.3962765957446808,39.42662222222222,73.89333333333333,0.0,63.63488173484802,0.0
1.4960106382978724,38.89311111111111,74.81777777777778,0.0,79.17395567893982,0.0
1.5957446808510638,38.6844,74.13333333333333,0.0,94.69502305984497,0.0
1.6954787234042554,37.80088888888889,75.44,0.008888888888888889,109.99348831176758,0.0
1.7952127659574468,37.22595555555556,75.39555555555556,0.0,125.21367931365967,0.0
1.8949468085106382,36.84151111111111,76.43555555555555,0.008888888888888889,140.30478382110596,0.0
1.9946808510638299,36.68608888888889,75.85777777777778,0.0,155.23812294006348,0.0
2.0944148936170213,35.61933333333333,76.93333333333334,0.0,14.256026983261108,0.0
2.1941489361702127,35.79088888888889,76.83555555555556,0.0,29.001806497573853,0.0
2.293882978723404,35.0492,77.75111111111111,0.0,43.637415409088135,0.0
2.393617021276596,34.9592,77.42222222222223,0.0,58.10284757614136,0.0
2.4933510638297873,34.88328888888889,77.38666666666667,0.0,72.43795800209045,0.0
2.5930851063829787,34.5336,77.99111111111111,0.0,86.7228593826294,0.0
2.69281914893617,34.659333333333336,77.68888888888888,0.0,100.9076132774353,0.0
2.7925531914893615,34.333466666666666,77.93777777777777,0.008888888888888889,115.0372257232666,0.0
2.8922872340425534,34.3668,77.96444444444445,0.0,128.8654224872589,0.0
2.992021276595745,34.20093333333333,77.80444444444444,0.0,142.68407464027405,0.0
3.091755319148936,33.144755555555555,78.98666666666668,0.0,12.875946283340454,0.0
3.1914893617021276,33.078177777777775,79.28,0.0,26.536328077316284,0.0
3.291223404255319,33.33297777777778,78.72888888888889,0.0,40.1848726272583,0.0
3.390957446808511,33.12484444444444,78.80888888888889,0.0,53.809035301208496,0.0
3.4906914893617023,33.04946666666667,78.93333333333334,0.0,67.12428069114685,0.0
3.5904255319148937,32.702444444444446,79.42222222222223,0.0,80.5359857082367,0.0
3.690159574468085,32.8252,79.0488888888889,0.008888888888888889,93.87310218811035,0.0
3.7898936170212765,32.40195555555555,79.08444444444444,0.0,107.06107354164124,0.0
3.889627659574468,32.53937777777778,79.00444444444445,0.0,120.18037533760071,0.0
3.9893617021276597,32.53644444444444,79.39555555555555,0.0,133.23449325561523,0.0
4.089095744680851,31.505644444444446,80.10666666666667,0.017777777777777778,11.783437490463257,0.0
4.1888297872340425,31.808977777777777,80.00888888888889,0.0,24.79446768760681,0.0
4.288563829787234,31.4496,80.34666666666666,0.0,37.7301881313324,0.0
4.388297872340425,31.92,80.13333333333334,0.0,50.593024015426636,0.0
4.488031914893617,31.733644444444444,80.05333333333333,0.0,63.42318248748779,0.0
4.587765957446808,31.811155555555555,79.85777777777778,0.0,76.19105458259583,0.0
4.6875,31.289866666666665,80.25777777777778,0.0,89.00506114959717,0.0
4.787234042553192,30.961466666666666,81.16444444444444,0.0,101.89465379714966,0.0
4.886968085106383,31.4048,80.14222222222223,0.0,114.60251259803772,0.0
4.986702127659575,31.56577777777778,80.36444444444444,0.0,127.23629307746887,0.0
5.086436170212766,31.114533333333334,80.51555555555555,0.0,11.13513708114624,0.0
5.1861702127659575,30.48057777777778,80.74666666666667,0.0,23.75623655319214,0.0
5.285904255319149,30.563022222222223,81.18222222222222,0.0,36.29687023162842,0.0
5.38563829787234,30.415688888888887,80.88,0.0,48.831172704696655,0.0
5.485372340425532,30.650666666666666,81.0488888888889,0.0,61.29998803138733,0.0
5.585106382978723,30.57311111111111,80.80888888888889,0.0,73.74499988555908,0.0
5.684840425531915,30.777866666666668,80.78222222222222,0.0,86.14537572860718,0.0
5.784574468085107,30.31128888888889,81.52888888888889,0.0,98.59484648704529,0.0
5.884308510638298,31.150266666666667,80.47111111111111,0.0,110.95991611480713,0.0
5.98404255319149,30.602755555555557,80.82666666666667,0.008888888888888889,123.43042826652527,0.0
6.0837765957446805,29.631333333333334,82.12444444444445,0.0,10.5503671169281,0.0
6.183510638297872,30.061466666666668,81.40444444444445,0.0,22.812071323394775,0.0
6.283244680851064,29.418266666666668,82.52444444444444,0.0,35.07014560699463,0.0
6.382978723404255,30.03817777777778,81.39555555555556,0.017777777777777778,47.2794246673584,0.0
6.482712765957447,30.066222222222223,81.52000000000001,0.0,59.5907940864563,0.0
6.582446808510638,29.790755555555556,81.60888888888888,0.0,71.82265257835388,0.0
6.68218085106383,29.891244444444446,81.63555555555556,0.0,83.99764657020569,0.0
6.781914893617022,29.757644444444445,82.14222222222223,0.008888888888888889,96.16790866851807,0.0
6.881648936170213,29.758755555555556,81.94666666666667,0.0,108.29251027107239,0.0
6.9813829787234045,29.9612,81.02222222222221,0.0,120.39512920379639,0.0
7.0811170212765955,29.218622222222223,82.01777777777778,0.0,10.031680345535278,0.0
7.180851063829787,28.87848888888889,82.78222222222223,0.0,22.149848699569702,0.0
7.280585106382978,29.43017777777778,82.0,0.0,34.160672426223755,0.0
7.38031914893617,29.250133333333334,82.0,0.0,46.36368775367737,0.0
7.480053191489362,29.67951111111111,81.70666666666668,0.0,58.44764184951782,0.0
7.579787234042553,29.38871111111111,82.17777777777778,0.0,70.53319334983826,0.0
7.679521276595745,29.63591111111111,81.76,0.0,82.46030139923096,0.0
7.779255319148936,29.52142222222222,82.31111111111112,0.0,94.43861508369446,0.0
7.878989361702128,29.365733333333335,82.31111111111112,0.008888888888888889,106.3620274066925,0.0
7.9787234042553195,29.275422222222222,82.1511111111111,0.0,118.29155540466309,0.0
8.07845744680851,28.939822222222222,82.80888888888889,0.0,9.561230897903442,0.0
8.178191489361701,28.696088888888887,82.91555555555556,0.0,21.55647873878479,0.0
8.277925531914894,28.883466666666667,82.70222222222222,0.0,33.45903205871582,0.0
8.377659574468085,28.928444444444445,82.70222222222222,0.0,45.332764863967896,0.0
8.477393617021276,29.3008,81.70666666666668,0.008888888888888889,57.17130088806152,0.0
8.577127659574469,28.96511111111111,82.45333333333333,0.0,69.06217670440674,0.0
8.67686170212766,28.9968,82.50666666666666,0.0,80.9081768989563,0.0
8.77659574468085,29.30328888888889,82.52444444444444,0.0,92.71694374084473,0.0
8.876329787234043,29.067155555555555,82.43555555555555,0.0,104.55346512794495,0.0
8.976063829787234,29.001644444444445,82.78222222222223,0.0,116.38621830940247,0.0
9.075797872340425,29.159288888888888,81.94666666666667,0.0,9.184842824935913,0.0
9.175531914893616,28.619022222222224,82.68444444444445,0.0,20.967586517333984,0.0
9.275265957446809,28.634355555555555,82.61333333333334,0.0,32.716867208480835,0.0
9.375,28.831377777777778,82.74666666666667,0.0,44.48177671432495,0.0
9.474734042553191,28.403955555555555,82.92444444444445,0.0,56.19671130180359,0.0
9.574468085106384,28.769022222222222,82.72,0.0,67.9492404460907,0.0
9.674202127659575,28.78782222222222,82.99555555555555,0.0,79.63203811645508,0.0
9.773936170212766,28.52888888888889,83.12888888888888,0.0,91.38886666297913,0.0
9.873670212765957,28.878622222222223,82.70222222222222,0.008888888888888889,103.06848931312561,0.0
9.97340425531915,28.733866666666668,82.80888888888889,0.0,114.73955225944519,0.0
