Epochs,Loss,Accuracy (%),Silent labels (%),Time (s),Average Prediction Confidence
0.09973404255319149,94.13128888888889,30.551111111111112,5.786666666666666,33.46755075454712,0.0
0.19946808510638298,66.42164444444444,54.773333333333326,2.071111111111111,56.46579623222351,0.0
0.2992021276595745,56.254044444444446,61.37777777777777,0.16,77.29022288322449,0.0
0.39893617021276595,51.99697777777778,64.99555555555555,0.008888888888888889,96.77740907669067,0.0
0.49867021276595747,49.608,66.36444444444444,0.0,115.44280076026917,0.0
0.598404255319149,47.632577777777776,68.00888888888889,0.0,133.40458631515503,0.0
0.6981382978723404,45.81351111111111,69.26222222222222,0.0,150.90288829803467,0.0
0.7978723404255319,44.782577777777774,70.2311111111111,0.0,167.92811036109924,0.0
0.8976063829787234,43.48222222222222,70.70222222222222,0.0,184.656485080719,0.0
0.9973404255319149,42.79488888888889,71.15555555555557,0.008888888888888889,201.1227536201477,0.0
1.0970744680851063,40.82328888888889,73.19111111111111,0.0,15.982091665267944,0.0
1.196808510638298,40.050266666666666,73.67111111111112,0.0,32.02860450744629,0.0
1.2965425531914894,39.83017777777778,73.84888888888888,0.0,47.88498020172119,0.0
1.3962765957446808,38.85644444444444,74.01777777777778,0.0,63.615840435028076,0.0
1.4960106382978724,38.40768888888889,74.97777777777777,0.0,79.13807559013367,0.0
1.5957446808510638,38.20333333333333,74.46222222222222,0.0,94.58047080039978,0.0
1.6954787234042554,37.314933333333336,75.35111111111111,0.0,109.92651534080505,0.0
1.7952127659574468,36.46746666666667,75.65333333333332,0.0,125.1605954170227,0.0
1.8949468085106382,36.175333333333334,76.48,0.0,140.2646803855896,0.0
1.9946808510638299,35.8632,76.27555555555556,0.0,155.2498722076416,0.0
2.0944148936170213,34.897733333333335,77.17333333333333,0.0,14.243240356445312,0.0
2.1941489361702127,34.9984,77.10222222222222,0.0,29.10323405265808,0.0
2.293882978723404,34.20417777777778,77.90222222222222,0.0,43.85345983505249,0.0
2.393617021276596,33.98373333333333,77.50222222222222,0.0,58.409767627716064,0.0
2.4933510638297873,34.078266666666664,77.73333333333333,0.0,72.83692216873169,0.0
2.5930851063829787,33.45737777777778,78.34666666666666,0.0,87.2381899356842,0.0
2.69281914893617,33.60973333333333,78.08888888888889,0.0,101.49163770675659,0.0
2.7925531914893615,33.17022222222222,78.36444444444444,0.008888888888888889,115.72132635116577,0.0
2.8922872340425534,33.10604444444444,78.36444444444444,0.0,129.8721945285797,0.0
2.992021276595745,33.01031111111111,78.09777777777778,0.0,143.89217400550842,0.0
3.091755319148936,31.891288888888887,79.26222222222222,0.0,13.028455018997192,0.0
3.1914893617021276,31.689866666666667,79.53777777777778,0.0,26.823972940444946,0.0
3.291223404255319,31.949822222222224,79.22666666666667,0.0,40.62534427642822,0.0
3.390957446808511,31.77768888888889,79.34222222222222,0.0,54.401177644729614,0.0
3.4906914893617023,31.62591111111111,79.55555555555556,0.0,67.9924066066742,0.0
3.5904255319148937,31.411555555555555,79.89333333333335,0.0,81.57131505012512,0.0
3.690159574468085,31.204355555555555,79.96444444444445,0.008888888888888889,95.08157253265381,0.0
3.7898936170212765,30.884355555555555,79.67111111111112,0.0,108.48911929130554,0.0
3.889627659574468,31.13382222222222,79.64444444444445,0.0,121.84268546104431,0.0
3.9893617021276597,30.733155555555555,80.1511111111111,0.0,135.15072560310364,0.0
4.089095744680851,29.850355555555556,80.88,0.0,11.949393272399902,0.0
4.1888297872340425,30.04906666666667,80.4888888888889,0.0,25.091710805892944,0.0
4.288563829787234,29.6436,81.04,0.0,38.15129208564758,0.0
4.388297872340425,30.156844444444445,80.53333333333333,0.0,51.1956741809845,0.0
4.488031914893617,29.808977777777777,80.71111111111111,0.0,64.1660647392273,0.0
4.587765957446808,29.850844444444444,80.97777777777779,0.0,77.17083811759949,0.0
4.6875,29.43728888888889,81.15555555555557,0.0,90.00931906700134,0.0
4.787234042553192,29.39,81.54666666666667,0.0,102.90459537506104,0.0
4.886968085106383,29.618755555555556,80.9511111111111,0.0,115.79262280464172,0.0
4.986702127659575,29.630755555555556,81.20888888888888,0.0,128.436377286911,0.0
5.086436170212766,29.080044444444443,81.12,0.0,11.278728246688843,0.0
5.1861702127659575,28.548444444444446,81.80444444444444,0.0,23.970155239105225,0.0
5.285904255319149,28.52711111111111,82.14222222222223,0.0,36.64460873603821,0.0
5.38563829787234,28.498355555555555,81.71555555555555,0.0,49.227856397628784,0.0
5.485372340425532,28.655733333333334,81.68888888888888,0.0,61.66235828399658,0.0
5.585106382978723,28.446355555555556,81.68888888888888,0.0,74.22011637687683,0.0
5.684840425531915,28.76888888888889,82.00888888888889,0.0,86.72332286834717,0.0
5.784574468085107,28.127244444444443,82.30222222222223,0.0,99.22136735916138,0.0
5.884308510638298,29.009066666666666,81.45777777777778,0.0,111.72243547439575,0.0
5.98404255319149,28.37031111111111,81.92,0.008888888888888889,124.11655497550964,0.0
6.0837765957446805,27.62511111111111,82.72888888888889,0.0,10.594116926193237,0.0
6.183510638297872,27.949822222222224,82.17777777777778,0.0,22.90515398979187,0.0
6.283244680851064,26.94688888888889,83.55555555555556,0.0,35.24223971366882,0.0
6.382978723404255,27.773688888888888,81.94666666666667,0.008888888888888889,47.5667028427124,0.0
6.482712765957447,27.927466666666668,82.13333333333334,0.0,59.93198490142822,0.0
6.582446808510638,27.59497777777778,82.41777777777777,0.0,72.19193291664124,0.0
6.68218085106383,27.71311111111111,82.49777777777778,0.0,84.39477133750916,0.0
6.781914893617022,27.513822222222224,82.67555555555556,0.0,96.61267375946045,0.0
6.881648936170213,27.463644444444444,82.49777777777778,0.0,108.8510844707489,0.0
6.9813829787234045,27.80902222222222,81.8488888888889,0.0,121.02837061882019,0.0
7.0811170212765955,26.830088888888888,83.31555555555555,0.008888888888888889,10.033729076385498,0.0
7.180851063829787,26.41208888888889,83.22666666666667,0.0,22.189557313919067,0.0
7.280585106382978,27.0884,82.8,0.0,34.26723837852478,0.0
7.38031914893617,26.88693333333333,82.98666666666666,0.0,46.41312575340271,0.0
7.480053191489362,27.227822222222223,82.85333333333334,0.0,58.469316482543945,0.0
7.579787234042553,27.201866666666668,82.76444444444444,0.0,70.48988151550293,0.0
7.679521276595745,27.302933333333332,82.89777777777778,0.0,82.48706531524658,0.0
7.779255319148936,26.96022222222222,83.09333333333333,0.0,94.48712635040283,0.0
7.878989361702128,26.689911111111112,83.50222222222222,0.008888888888888889,106.44215416908264,0.0
7.9787234042553195,26.75888888888889,83.12,0.0,118.47107601165771,0.0
8.07845744680851,26.363155555555554,83.72444444444444,0.0,9.710365056991577,0.0
8.178191489361701,25.999866666666666,83.84888888888888,0.0,21.712482213974,0.0
8.277925531914894,26.23977777777778,83.84,0.0,33.66838979721069,0.0
8.377659574468085,26.456533333333333,83.42222222222222,0.0,45.54477095603943,0.0
8.477393617021276,26.519555555555556,82.90666666666667,0.008888888888888889,57.43686294555664,0.0
8.577127659574469,26.418666666666667,83.46666666666667,0.0,69.26862621307373,0.0
8.67686170212766,26.415111111111113,83.46666666666667,0.008888888888888889,81.17176818847656,0.0
8.77659574468085,26.570755555555557,83.15555555555557,0.0,93.0101408958435,0.0
8.876329787234043,26.266088888888888,83.70666666666666,0.0,104.86634826660156,0.0
8.976063829787234,26.110977777777777,83.85777777777777,0.0,116.67388343811035,0.0
9.075797872340425,26.27466666666667,83.13777777777777,0.0,9.132916688919067,0.0
9.175531914893616,25.97071111111111,84.02666666666667,0.0,20.961872339248657,0.0
9.275265957446809,25.764444444444443,83.55555555555556,0.0,32.74482607841492,0.0
9.375,25.946133333333332,83.56444444444445,0.0,44.54981708526611,0.0
9.474734042553191,25.617911111111113,84.14222222222222,0.0,56.28692674636841,0.0
9.574468085106384,25.91031111111111,83.82222222222222,0.008888888888888889,68.0349509716034,0.0
9.674202127659575,25.871377777777777,83.99111111111111,0.0,79.72070336341858,0.0
9.773936170212766,25.485155555555554,84.65777777777778,0.0,91.4094295501709,0.0
9.873670212765957,25.920088888888888,84.13333333333334,0.008888888888888889,103.08039426803589,0.0
9.97340425531915,25.627333333333333,84.4088888888889,0.0,114.76199793815613,0.0
