Epochs,Loss,Accuracy (%),Silent labels (%),Time (s),Average Prediction Confidence
0.09973404255319149,94.39466666666667,30.09777777777778,5.84,33.10650062561035,0.0
0.19946808510638298,63.61653333333334,54.897777777777776,0.9155555555555556,55.4309401512146,0.0
0.2992021276595745,55.562844444444444,61.44888888888889,0.0,75.59334540367126,0.0
0.39893617021276595,52.117066666666666,65.16444444444444,0.0,94.56919384002686,0.0
0.49867021276595747,49.64128888888889,66.34666666666666,0.0,112.84872174263,0.0
0.598404255319149,47.56711111111111,67.95555555555556,0.0,130.5576753616333,0.0
0.6981382978723404,45.62875555555556,69.0488888888889,0.0,147.8965606689453,0.0
0.7978723404255319,44.71231111111111,69.93777777777778,0.0,164.8667333126068,0.0
0.8976063829787234,43.31657777777778,70.45333333333333,0.0,181.60117435455322,0.0
0.9973404255319149,42.49133333333333,71.18222222222222,0.0,198.05764365196228,0.0
1.0970744680851063,40.729866666666666,73.2,0.0,16.036691665649414,0.0
1.196808510638298,39.852133333333335,73.75111111111111,0.0,32.08590054512024,0.0
1.2965425531914894,39.61244444444444,73.81333333333333,0.0,47.96737504005432,0.0
1.3962765957446808,38.59631111111111,74.19555555555556,0.0,63.731034994125366,0.0
1.4960106382978724,38.18728888888889,75.08444444444444,0.0,79.39221215248108,0.0
1.5957446808510638,37.922533333333334,74.52444444444446,0.0,94.89546871185303,0.0
1.6954787234042554,36.99946666666666,75.56444444444445,0.0,110.24543452262878,0.0
1.7952127659574468,36.223733333333335,75.70666666666666,0.0,125.46025252342224,0.0
1.8949468085106382,35.971155555555555,76.46222222222222,0.008888888888888889,140.57172274589539,0.0
1.9946808510638299,35.56071111111111,76.32888888888888,0.0,155.61735010147095,0.0
2.0944148936170213,34.63768888888889,77.24444444444445,0.0,14.300158739089966,0.0
2.1941489361702127,34.70151111111111,76.98666666666666,0.0,29.12859559059143,0.0
2.293882978723404,33.919777777777774,78.09777777777778,0.0,43.89363098144531,0.0
2.393617021276596,33.71666666666667,77.70666666666666,0.0,58.47571563720703,0.0
2.4933510638297873,33.81293333333333,77.71555555555555,0.0,72.9780764579773,0.0
2.5930851063829787,33.11493333333333,78.40888888888888,0.0,87.42157626152039,0.0
2.69281914893617,33.30853333333334,77.80444444444444,0.0,101.75798439979553,0.0
2.7925531914893615,33.00066666666667,78.29333333333334,0.0,116.22610759735107,0.0
2.8922872340425534,32.834,78.38222222222223,0.0,130.43299984931946,0.0
2.992021276595745,32.66426666666667,78.3288888888889,0.0,144.44431328773499,0.0
3.091755319148936,31.440177777777777,79.5288888888889,0.0,13.044360160827637,0.0
3.1914893617021276,31.436533333333333,79.7511111111111,0.0,26.976351737976074,0.0
3.291223404255319,31.64057777777778,79.46666666666667,0.0,40.90900731086731,0.0
3.390957446808511,31.390444444444444,79.67111111111112,0.0,54.814475536346436,0.0
3.4906914893617023,31.327866666666665,79.96444444444445,0.0,68.50686001777649,0.0
3.5904255319148937,31.012266666666665,79.84,0.0,82.13348937034607,0.0
3.690159574468085,30.9452,79.96444444444445,0.0,95.69613409042358,0.0
3.7898936170212765,30.54728888888889,80.04444444444444,0.0,109.31604409217834,0.0
3.889627659574468,30.800666666666668,79.68888888888888,0.0,122.81096029281616,0.0
3.9893617021276597,30.4268,80.32000000000001,0.0,136.2493507862091,0.0
4.089095744680851,29.468044444444445,81.14666666666666,0.0,12.107435941696167,0.0
4.1888297872340425,29.67808888888889,80.80000000000001,0.0,25.380296230316162,0.0
4.288563829787234,29.156266666666667,81.32444444444444,0.0,38.57499289512634,0.0
4.388297872340425,29.76471111111111,80.99555555555555,0.0,51.76413941383362,0.0
4.488031914893617,29.552,80.89777777777778,0.0,65.01812148094177,0.0
4.587765957446808,29.46088888888889,80.98666666666666,0.0,78.20319962501526,0.0
4.6875,29.114533333333334,81.10222222222222,0.0,91.2301697731018,0.0
4.787234042553192,28.98008888888889,81.49333333333333,0.0,104.33406019210815,0.0
4.886968085106383,29.16902222222222,81.09333333333333,0.0,117.27168154716492,0.0
4.986702127659575,29.317733333333333,81.25333333333333,0.0,130.0840392112732,0.0
5.086436170212766,28.557733333333335,81.62666666666667,0.008888888888888889,11.41035771369934,0.0
5.1861702127659575,28.2092,81.86666666666666,0.0,24.311303853988647,0.0
5.285904255319149,28.107022222222223,82.29333333333332,0.0,37.17557501792908,0.0
5.38563829787234,28.171733333333332,82.06222222222223,0.0,49.915241718292236,0.0
5.485372340425532,28.273244444444444,81.89333333333333,0.0,62.61235761642456,0.0
5.585106382978723,28.141155555555557,81.91111111111111,0.0,75.29281163215637,0.0
5.684840425531915,28.287555555555556,82.10666666666665,0.0,87.85853147506714,0.0
5.784574468085107,27.678977777777778,82.24000000000001,0.0,100.48909783363342,0.0
5.884308510638298,28.434355555555555,81.56444444444443,0.0,113.08062553405762,0.0
5.98404255319149,28.113644444444443,81.92888888888888,0.0,125.62710428237915,0.0
6.0837765957446805,27.15137777777778,83.00444444444445,0.0,10.65856385231018,0.0
6.183510638297872,27.537555555555556,82.44444444444444,0.0,23.128232717514038,0.0
6.283244680851064,26.591822222222223,83.65333333333334,0.0,35.539159059524536,0.0
6.382978723404255,27.42248888888889,82.2488888888889,0.0,47.9537296295166,0.0
6.482712765957447,27.432844444444445,82.4711111111111,0.0,60.408480405807495,0.0
6.582446808510638,27.107555555555557,82.83555555555554,0.0,72.815269947052,0.0
6.68218085106383,27.305733333333333,82.63111111111111,0.0,85.10426807403564,0.0
6.781914893617022,27.159777777777776,83.02222222222223,0.0,97.43898940086365,0.0
6.881648936170213,27.011555555555557,82.50666666666666,0.0,109.79358983039856,0.0
6.9813829787234045,27.299155555555554,82.33777777777777,0.0,122.0274076461792,0.0
7.0811170212765955,26.404711111111112,83.28888888888889,0.0,10.090855360031128,0.0
7.180851063829787,25.887955555555557,83.93777777777778,0.0,22.334619998931885,0.0
7.280585106382978,26.70862222222222,82.73777777777778,0.0,34.45823574066162,0.0
7.38031914893617,26.502355555555557,83.31555555555555,0.0,46.65268278121948,0.0
7.480053191489362,26.721688888888888,82.90666666666667,0.0,58.81722617149353,0.0
7.579787234042553,26.634266666666665,83.15555555555557,0.0,70.9398889541626,0.0
7.679521276595745,26.72728888888889,83.28,0.0,83.02594017982483,0.0
7.779255319148936,26.404711111111112,83.41333333333333,0.0,95.09600138664246,0.0
7.878989361702128,26.138,84.04444444444444,0.0,107.16449499130249,0.0
7.9787234042553195,26.286933333333334,83.10222222222222,0.0,119.24291467666626,0.0
8.07845744680851,25.834622222222222,83.97333333333333,0.0,9.622464895248413,0.0
8.178191489361701,25.503333333333334,84.05333333333334,0.0,21.785693883895874,0.0
8.277925531914894,25.726444444444443,83.74222222222222,0.0,33.74669122695923,0.0
8.377659574468085,25.870844444444444,83.71555555555555,0.0,45.802391052246094,0.0
8.477393617021276,25.947022222222223,83.2088888888889,0.008888888888888889,57.812238693237305,0.0
8.577127659574469,25.8308,83.7688888888889,0.0,69.74001216888428,0.0
8.67686170212766,25.790133333333333,84.03555555555555,0.0,81.67528963088989,0.0
8.77659574468085,25.89751111111111,83.74222222222222,0.0,93.56810784339905,0.0
8.876329787234043,25.72528888888889,84.21333333333332,0.0,105.45692181587219,0.0
8.976063829787234,25.55928888888889,84.06222222222223,0.0,117.31833267211914,0.0
9.075797872340425,25.662622222222222,83.52000000000001,0.0,9.220503330230713,0.0
9.175531914893616,25.404933333333332,84.05333333333334,0.0,21.155041217803955,0.0
9.275265957446809,25.16271111111111,84.30222222222223,0.0,33.11946439743042,0.0
9.375,25.296133333333334,84.16,0.0,45.07984399795532,0.0
9.474734042553191,25.034222222222223,84.37333333333333,0.0,56.98653268814087,0.0
9.574468085106384,25.30342222222222,84.09777777777778,0.0,68.90213012695312,0.0
9.674202127659575,25.342533333333332,84.71111111111111,0.0,80.76847958564758,0.0
9.773936170212766,25.104,84.43555555555555,0.0,92.65155220031738,0.0
9.873670212765957,25.370266666666666,84.20444444444445,0.0,104.45026636123657,0.0
9.97340425531915,25.149466666666665,84.42666666666668,0.0,116.17323732376099,0.0
