Epochs,Loss,Accuracy (%),Silent labels (%),Time (s),Average Prediction Confidence
0.09973404255319149,95.37182222222222,29.902222222222225,6.311111111111112,33.39446043968201,0.0
0.19946808510638298,66.65497777777777,54.284444444444446,2.071111111111111,56.15360951423645,0.0
0.2992021276595745,58.885333333333335,60.76444444444444,1.2,76.54618239402771,0.0
0.39893617021276595,52.29071111111111,64.24,0.0,95.6985251903534,0.0
0.49867021276595747,49.83017777777778,66.27555555555556,0.0,114.06677913665771,0.0
0.598404255319149,47.83302222222222,67.98222222222222,0.008888888888888889,131.7477149963379,0.0
0.6981382978723404,45.8724,69.28,0.0,149.0615758895874,0.0
0.7978723404255319,44.94124444444444,69.64444444444445,0.0,165.9365496635437,0.0
0.8976063829787234,43.51137777777778,70.57777777777777,0.0,182.49198579788208,0.0
0.9973404255319149,42.6712,71.31555555555555,0.0,198.76147937774658,0.0
1.0970744680851063,40.8072,73.28,0.0,15.793654441833496,0.0
1.196808510638298,39.96604444444444,73.52,0.0,31.746392488479614,0.0
1.2965425531914894,39.726622222222225,73.6888888888889,0.0,47.53208589553833,0.0
1.3962765957446808,38.805955555555556,74.00888888888889,0.0,63.078892946243286,0.0
1.4960106382978724,38.397911111111114,74.93333333333332,0.0,78.54188275337219,0.0
1.5957446808510638,38.12991111111111,74.50666666666666,0.0,93.86375117301941,0.0
1.6954787234042554,37.14822222222222,75.81333333333333,0.0,109.08500099182129,0.0
1.7952127659574468,36.303422222222224,76.10666666666667,0.0,124.16836595535278,0.0
1.8949468085106382,36.05791111111111,76.55111111111111,0.0,139.17324781417847,0.0
1.9946808510638299,35.79813333333333,76.09777777777778,0.0,153.96193408966064,0.0
2.0944148936170213,34.7196,77.42222222222223,0.008888888888888889,14.128609895706177,0.0
2.1941489361702127,34.8444,77.11111111111111,0.0,28.935892581939697,0.0
2.293882978723404,34.00577777777778,78.12444444444444,0.0,43.60462927818298,0.0
2.393617021276596,33.76631111111111,77.8488888888889,0.0,58.025944232940674,0.0
2.4933510638297873,34.02413333333333,77.61777777777777,0.0,72.45256209373474,0.0
2.5930851063829787,33.27497777777778,78.35555555555555,0.0,86.8087055683136,0.0
2.69281914893617,33.31653333333333,78.39111111111112,0.0,101.13473963737488,0.0
2.7925531914893615,33.034844444444445,78.59555555555555,0.0,115.40991973876953,0.0
2.8922872340425534,32.95435555555556,78.3288888888889,0.0,129.51544451713562,0.0
2.992021276595745,32.778666666666666,78.30222222222221,0.0,143.4541778564453,0.0
3.091755319148936,31.619955555555556,79.44888888888889,0.0,12.998040199279785,0.0
3.1914893617021276,31.379022222222222,79.60888888888888,0.0,26.76336646080017,0.0
3.291223404255319,31.662622222222222,79.59111111111112,0.0,40.57985997200012,0.0
3.390957446808511,31.4552,79.70666666666666,0.0,54.28276085853577,0.0
3.4906914893617023,31.320133333333334,79.94666666666667,0.0,67.96633076667786,0.0
3.5904255319148937,31.086933333333334,80.08888888888889,0.0,81.47242879867554,0.0
3.690159574468085,30.902266666666666,80.14222222222223,0.0,94.97109723091125,0.0
3.7898936170212765,30.544444444444444,79.85777777777778,0.0,108.3635561466217,0.0
3.889627659574468,30.756755555555557,79.67111111111112,0.0,121.62336349487305,0.0
3.9893617021276597,30.47088888888889,79.99111111111111,0.0,134.9031810760498,0.0
4.089095744680851,29.57871111111111,80.97777777777779,0.0,11.920344114303589,0.0
4.1888297872340425,29.636266666666668,80.85333333333334,0.0,25.0390944480896,0.0
4.288563829787234,29.243333333333332,81.18222222222222,0.0,38.0838897228241,0.0
4.388297872340425,29.77017777777778,81.19111111111111,0.0,51.0949912071228,0.0
4.488031914893617,29.5056,80.98666666666666,0.0,64.00436902046204,0.0
4.587765957446808,29.532977777777777,80.91555555555556,0.0,77.01155138015747,0.0
4.6875,29.029822222222222,81.40444444444445,0.0,89.99423933029175,0.0
4.787234042553192,28.84026666666667,81.84,0.0,102.91476249694824,0.0
4.886968085106383,29.12,80.98666666666666,0.0,115.76796579360962,0.0
4.986702127659575,29.258666666666667,81.35111111111111,0.0,128.47705459594727,0.0
5.086436170212766,28.5624,81.70666666666668,0.0,11.276316404342651,0.0
5.1861702127659575,28.11262222222222,81.87555555555555,0.0,24.021663188934326,0.0
5.285904255319149,28.049955555555556,82.08,0.0,36.701637506484985,0.0
5.38563829787234,28.038044444444445,82.06222222222223,0.0,49.311073303222656,0.0
5.485372340425532,28.126933333333334,82.05333333333333,0.0,61.922956466674805,0.0
5.585106382978723,28.01728888888889,81.87555555555555,0.0,74.50236082077026,0.0
5.684840425531915,28.2504,81.97333333333333,0.0,86.97410416603088,0.0
5.784574468085107,27.640533333333334,82.70222222222222,0.0,99.56313753128052,0.0
5.884308510638298,28.4404,81.70666666666668,0.0,112.07067775726318,0.0
5.98404255319149,28.069866666666666,82.03555555555555,0.008888888888888889,124.57903504371643,0.0
6.0837765957446805,27.05977777777778,82.89777777777778,0.0,10.694416284561157,0.0
6.183510638297872,27.47871111111111,82.58666666666666,0.0,23.0790274143219,0.0
6.283244680851064,26.537022222222223,83.78666666666666,0.0,35.445093393325806,0.0
6.382978723404255,27.341377777777776,82.10666666666665,0.0,47.9246711730957,0.0
6.482712765957447,27.382177777777777,82.64888888888889,0.0,60.31402802467346,0.0
6.582446808510638,26.953644444444443,82.96,0.0,72.59020113945007,0.0
6.68218085106383,27.176933333333334,82.8,0.0,84.8569872379303,0.0
6.781914893617022,26.985688888888888,82.80888888888889,0.0,97.22926688194275,0.0
6.881648936170213,26.86088888888889,82.8,0.0,109.5188958644867,0.0
6.9813829787234045,27.2488,82.34666666666666,0.0,121.70316767692566,0.0
7.0811170212765955,26.31248888888889,83.05777777777777,0.0,10.103542804718018,0.0
7.180851063829787,25.908755555555555,83.52000000000001,0.008888888888888889,22.299048900604248,0.0
7.280585106382978,26.595288888888888,83.01333333333332,0.008888888888888889,34.39747619628906,0.0
7.38031914893617,26.290844444444446,83.27111111111111,0.0,46.541226387023926,0.0
7.480053191489362,26.54991111111111,83.11111111111111,0.0,58.61618161201477,0.0
7.579787234042553,26.588177777777776,83.13777777777777,0.008888888888888889,70.65264177322388,0.0
7.679521276595745,26.638666666666666,83.03111111111112,0.0,82.71627044677734,0.0
7.779255319148936,26.279733333333333,83.48444444444443,0.0,94.76612067222595,0.0
7.878989361702128,25.983733333333333,84.13333333333334,0.0,106.76097655296326,0.0
7.9787234042553195,26.2332,83.25333333333333,0.0,118.80280351638794,0.0
8.07845744680851,25.7188,83.94666666666667,0.0,9.627360820770264,0.0
8.178191489361701,25.403955555555555,84.27555555555556,0.0,21.62666893005371,0.0
8.277925531914894,25.71031111111111,83.62666666666667,0.0,33.56085228919983,0.0
8.377659574468085,25.752355555555557,83.71555555555555,0.0,45.4997878074646,0.0
8.477393617021276,25.760577777777776,83.33333333333334,0.0,57.386510372161865,0.0
8.577127659574469,25.687644444444445,83.70666666666666,0.0,69.31026363372803,0.0
8.67686170212766,25.718622222222223,83.72444444444444,0.0,81.22148489952087,0.0
8.77659574468085,25.806844444444444,83.6,0.0,93.1003201007843,0.0
8.876329787234043,25.551466666666666,83.96444444444444,0.0,104.98343420028687,0.0
8.976063829787234,25.412,84.16888888888889,0.0,116.82348704338074,0.0
9.075797872340425,25.469377777777776,83.71555555555555,0.0,9.176526069641113,0.0
9.175531914893616,25.256133333333334,84.24888888888889,0.008888888888888889,21.082046031951904,0.0
9.275265957446809,25.055377777777778,84.45333333333333,0.0,32.9534056186676,0.0
9.375,25.130577777777777,84.18666666666667,0.0,44.789371967315674,0.0
9.474734042553191,24.99528888888889,84.4888888888889,0.0,56.62285757064819,0.0
9.574468085106384,25.226311111111112,84.17777777777778,0.0,68.50417995452881,0.0
9.674202127659575,25.14511111111111,84.36444444444444,0.0,80.3123037815094,0.0
9.773936170212766,24.845022222222223,84.68444444444444,0.0,92.06560325622559,0.0
9.873670212765957,25.231466666666666,84.19555555555556,0.0,103.760080575943,0.0
9.97340425531915,24.961733333333335,84.39999999999999,0.0,115.4460699558258,0.0
