Epochs,Loss,Accuracy (%),Silent labels (%),Time (s),Average Prediction Confidence
0.09973404255319149,94.552,30.05333333333333,5.866666666666666,33.175708532333374,0.0
0.19946808510638298,63.58431111111111,54.65777777777778,0.9066666666666667,55.48525404930115,0.0
0.2992021276595745,55.464666666666666,61.40444444444444,0.0,75.50047326087952,0.0
0.39893617021276595,52.038444444444444,64.82666666666667,0.0,94.28724956512451,0.0
0.49867021276595747,49.55928888888889,66.58666666666667,0.0,112.37040543556213,0.0
0.598404255319149,47.5764,68.19555555555556,0.0,129.7097828388214,0.0
0.6981382978723404,45.565466666666666,69.57333333333334,0.0,146.6469223499298,0.0
0.7978723404255319,44.56662222222222,69.82222222222222,0.0,163.1428301334381,0.0
0.8976063829787234,43.1992,70.61333333333333,0.0,179.35903096199036,0.0
0.9973404255319149,42.42777777777778,71.32444444444445,0.0,195.26608777046204,0.0
1.0970744680851063,40.47493333333333,73.09333333333333,0.0,15.497882843017578,0.0
1.196808510638298,39.69146666666666,73.43111111111111,0.0,30.9923357963562,0.0
1.2965425531914894,39.263244444444446,73.70666666666666,0.0,46.19401407241821,0.0
1.3962765957446808,38.27088888888889,74.26666666666667,0.0,61.20920395851135,0.0
1.4960106382978724,37.7476,74.75555555555556,0.0,75.9260196685791,0.0
1.5957446808510638,37.49293333333333,74.63111111111111,0.0,90.5100450515747,0.0
1.6954787234042554,36.72862222222222,75.49333333333334,0.0,104.84084987640381,0.0
1.7952127659574468,36.07502222222222,75.76888888888888,0.0,119.07749152183533,0.0
1.8949468085106382,36.07395555555556,76.48888888888888,0.008888888888888889,133.34088325500488,0.0
1.9946808510638299,35.99755555555556,76.20444444444445,0.0,147.51426076889038,0.0
2.0944148936170213,34.89848888888889,77.45777777777778,0.0,13.531201124191284,0.0
2.1941489361702127,35.019911111111114,77.24444444444445,0.0,27.689346075057983,0.0
2.293882978723404,34.1316,78.01777777777778,0.008888888888888889,41.84822607040405,0.0
2.393617021276596,33.83835555555556,77.57333333333334,0.008888888888888889,55.94065189361572,0.0
2.4933510638297873,33.845644444444446,77.58222222222221,0.0,70.02386593818665,0.0
2.5930851063829787,33.07551111111111,78.65777777777778,0.0,84.1775963306427,0.0
2.69281914893617,33.212044444444444,78.19555555555556,0.0,98.23664617538452,0.0
2.7925531914893615,32.742577777777775,78.48,0.0,112.24161100387573,0.0
2.8922872340425534,32.656711111111115,78.64,0.008888888888888889,126.12944412231445,0.0
2.992021276595745,32.45364444444444,78.22222222222223,0.0,139.93893766403198,0.0
3.091755319148936,31.363422222222223,79.19111111111111,0.0,12.976509094238281,0.0
3.1914893617021276,31.08208888888889,79.73333333333333,0.0,26.769989013671875,0.0
3.291223404255319,31.224622222222223,79.31555555555555,0.0,40.56649470329285,0.0
3.390957446808511,30.79577777777778,79.60888888888888,0.0,54.236149311065674,0.0
3.4906914893617023,30.48288888888889,79.94666666666667,0.0,67.70567798614502,0.0
3.5904255319148937,30.260666666666665,79.96444444444445,0.0,80.9730293750763,0.0
3.690159574468085,30.21066666666667,80.08,0.0,94.20291519165039,0.0
3.7898936170212765,30.717466666666667,79.78666666666666,0.0,107.41473722457886,0.0
3.889627659574468,32.870266666666666,79.64444444444445,0.06222222222222223,120.86399269104004,0.0
3.9893617021276597,35.394533333333335,80.01777777777778,0.07111111111111111,134.45867800712585,0.0
4.089095744680851,36.3944,80.80000000000001,0.10666666666666667,12.588531255722046,0.0
4.1888297872340425,37.565866666666665,80.35555555555555,0.12444444444444445,26.54200005531311,0.0
4.288563829787234,37.79773333333333,80.96,0.10666666666666667,40.581056356430054,0.0
4.388297872340425,39.43546666666666,80.70222222222222,0.11555555555555555,54.66574048995972,0.0
4.488031914893617,39.64382222222222,80.72,0.08,68.7563955783844,0.0
4.587765957446808,38.85351111111111,80.78222222222222,0.05333333333333334,82.86891222000122,0.0
4.6875,38.69742222222222,80.92444444444445,0.02666666666666667,97.08574891090393,0.0
4.787234042553192,42.11182222222222,81.6,0.05333333333333334,111.57516312599182,0.0
4.886968085106383,47.7624,80.74666666666667,0.17777777777777778,126.3143846988678,0.0
4.986702127659575,54.52448888888889,80.93333333333334,0.2311111111111111,141.2301425933838,0.0
5.086436170212766,57.51782222222222,81.23555555555556,0.18666666666666668,13.28139042854309,0.0
5.1861702127659575,55.49968888888889,82.08888888888889,0.10666666666666667,28.443872213363647,0.0
5.285904255319149,52.7808,82.2311111111111,0.044444444444444446,43.49751114845276,0.0
5.38563829787234,48.8448,82.06222222222223,0.017777777777777778,58.479817628860474,0.0
5.485372340425532,43.3164,81.94666666666667,0.008888888888888889,73.2845196723938,0.0
5.585106382978723,39.794755555555554,81.94666666666667,0.017777777777777778,87.98042917251587,0.0
5.684840425531915,38.87773333333333,81.92888888888888,0.0,102.73302912712097,0.0
5.784574468085107,39.2088,81.80444444444444,0.0,117.75748205184937,0.0
5.884308510638298,41.96337777777778,81.82222222222222,0.008888888888888889,132.87299060821533,0.0
5.98404255319149,43.349866666666664,81.57333333333334,0.05333333333333334,148.1337447166443,0.0
6.0837765957446805,43.5428,83.12888888888888,0.008888888888888889,13.157216310501099,0.0
6.183510638297872,44.28395555555556,82.25777777777778,0.035555555555555556,28.687700986862183,0.0
6.283244680851064,43.4948,83.51111111111112,0.02666666666666667,44.29209494590759,0.0
6.382978723404255,44.1652,81.97333333333333,0.035555555555555556,59.92168307304382,0.0
6.482712765957447,43.772,82.38222222222223,0.017777777777777778,75.61242985725403,0.0
6.582446808510638,42.96373333333333,82.8711111111111,0.035555555555555556,91.43077874183655,0.0
6.68218085106383,41.80235555555556,82.74666666666667,0.02666666666666667,107.26369905471802,0.0
6.781914893617022,39.13075555555555,82.85333333333334,0.02666666666666667,123.079181432724,0.0
6.881648936170213,36.26742222222222,82.4711111111111,0.0,138.90502047538757,0.0
6.9813829787234045,35.37764444444444,81.83111111111111,0.008888888888888889,154.80741095542908,0.0
7.0811170212765955,34.249155555555554,83.04,0.017777777777777778,13.147689819335938,0.0
7.180851063829787,35.000844444444446,83.66222222222223,0.02666666666666667,29.228625535964966,0.0
7.280585106382978,37.891733333333335,82.92444444444445,0.02666666666666667,45.38736271858215,0.0
7.38031914893617,40.37551111111111,83.14666666666668,0.02666666666666667,61.79709839820862,0.0
7.480053191489362,42.45395555555555,82.81777777777778,0.02666666666666667,78.33147478103638,0.0
7.579787234042553,41.52822222222222,82.59555555555555,0.02666666666666667,94.89338183403015,0.0
7.679521276595745,42.34062222222222,82.64888888888889,0.05333333333333334,111.53577780723572,0.0
7.779255319148936,40.413111111111114,83.19111111111111,0.017777777777777778,128.2922613620758,0.0
7.878989361702128,41.33004444444445,83.42222222222222,0.044444444444444446,144.9738461971283,0.0
7.9787234042553195,41.166444444444444,83.27111111111111,0.017777777777777778,161.64299869537354,0.0
8.07845744680851,40.09871111111111,83.57333333333334,0.02666666666666667,13.411226272583008,0.0
8.178191489361701,38.60568888888889,83.96444444444444,0.017777777777777778,30.267189502716064,0.0
8.277925531914894,37.13591111111111,83.6711111111111,0.035555555555555556,47.00338268280029,0.0
8.377659574468085,35.334,83.66222222222223,0.008888888888888889,63.72829079627991,0.0
8.477393617021276,34.8192,83.16444444444444,0.0,80.40994238853455,0.0
8.577127659574469,35.35751111111111,83.57333333333334,0.0,97.1674063205719,0.0
8.67686170212766,36.54986666666667,83.79555555555555,0.02666666666666667,114.07311820983887,0.0
8.77659574468085,37.300488888888886,83.36888888888889,0.008888888888888889,130.99867463111877,0.0
8.876329787234043,36.21342222222222,83.57333333333334,0.008888888888888889,148.11590838432312,0.0
8.976063829787234,35.47448888888889,84.12444444444445,0.017777777777777778,165.19733834266663,0.0
9.075797872340425,34.562044444444446,83.39555555555556,0.0,13.120129108428955,0.0
9.175531914893616,34.42693333333333,83.94666666666667,0.008888888888888889,30.157708168029785,0.0
9.275265957446809,34.6452,83.84888888888888,0.017777777777777778,47.19618225097656,0.0
9.375,34.89373333333333,83.82222222222222,0.017777777777777778,64.31085395812988,0.0
9.474734042553191,35.82111111111111,84.24888888888889,0.008888888888888889,81.53643679618835,0.0
9.574468085106384,37.27768888888889,83.96444444444444,0.0,98.8206684589386,0.0
9.674202127659575,36.675022222222225,84.02666666666667,0.017777777777777778,116.12221622467041,0.0
9.773936170212766,35.85897777777778,84.29333333333334,0.008888888888888889,133.5097301006317,0.0
9.873670212765957,34.61675555555556,83.78666666666666,0.035555555555555556,150.82598781585693,0.0
9.97340425531915,33.94751111111111,84.18666666666667,0.017777777777777778,168.1576075553894,0.0
