0.02,0.03,0.05,0.08,0.1,0.13,0.15,0.18,0.2
0.0,0.0,0.00364,0.10757333333333334,0.22984666666666664,0.4291533333333333,0.5455866666666667,0.6732333333333334,0.7290399999999998
0.0,0.0,0.01122666666666667,0.13740666666666668,0.26905333333333326,0.47105333333333327,0.5841533333333334,0.7063666666666667,0.7584399999999998
0.0,0.0,0.01804,0.16887333333333326,0.30949999999999994,0.5112866666666668,0.6155133333333334,0.7159,0.7509933333333333
0.0,0.0,0.02389333333333334,0.1962133333333333,0.34456,0.54292,0.6377866666666667,0.7193533333333333,0.7451000000000001
0.0,0.0,0.03734666666666667,0.22589333333333333,0.36676000000000003,0.5399866666666667,0.6141333333333333,0.6728533333333334,0.6905266666666668
0.0,6.666666666666667e-06,0.04826666666666667,0.23935333333333333,0.3766866666666666,0.5390533333333333,0.6046333333333332,0.6522999999999999,0.6657
0.0,0.00156,0.06750666666666667,0.2629066666666666,0.38634,0.5173199999999999,0.5642666666666667,0.5970400000000001,0.6066933333333333
0.0,0.0032133333333333337,0.08919333333333332,0.27338666666666667,0.3591733333333334,0.43302,0.4568,0.4742333333333334,0.48063333333333325
0.0,0.011913333333333337,0.12448666666666668,0.2720399999999999,0.3291866666666667,0.3837400000000001,0.4097666666666667,0.4413733333333333,0.4582666666666666
0.0,0.017853333333333336,0.13486,0.25582666666666665,0.3047733333333333,0.3555800000000001,0.3813266666666667,0.41242000000000006,0.4288133333333334
