0.02,0.03,0.05,0.08,0.1,0.13,0.15,0.18,0.2
0.0,0.0,0.002506666666666667,0.09713333333333331,0.21791999999999997,0.29636,0.3305866666666667,0.36966,0.37929999999999997
0.0,0.0,0.03334,0.16512666666666664,0.23983999999999997,0.27491333333333334,0.28566,0.2927733333333333,0.29353999999999997
0.0,0.0,0.06638666666666665,0.19446666666666662,0.2468666666666666,0.26708666666666664,0.27198666666666665,0.2744866666666666,0.2748
0.0,0.0,0.08022666666666665,0.18646666666666664,0.21725333333333327,0.22653333333333328,0.22818666666666665,0.22907999999999998,0.22921999999999998
0.0,0.0,0.07708666666666666,0.15281333333333333,0.17191333333333333,0.1770533333333333,0.17818,0.1790266666666667,0.17929333333333333
0.0,0.0,0.08537333333333329,0.14792666666666665,0.16304,0.16751333333333335,0.16854666666666668,0.16929333333333335,0.16944000000000004
0.0,0.0,0.08481999999999998,0.12825999999999999,0.1363933333333333,0.1389733333333333,0.13974666666666663,0.14029999999999998,0.14040666666666665
0.0,0.0,0.07195333333333333,0.09621999999999999,0.10153333333333332,0.10404666666666663,0.10501999999999999,0.10592666666666664,0.10612
0.0,0.0,0.07291999999999998,0.08911999999999999,0.09194,0.09339999999999998,0.09406666666666663,0.09487333333333331,0.09509999999999998
0.0,0.0,0.06872666666666666,0.08088,0.08317333333333332,0.08460000000000001,0.08531333333333331,0.08624666666666664,0.08649999999999998
