0.02,0.03,0.05,0.08,0.1,0.13,0.15,0.18,0.2
0.0,5.333333333333333e-05,0.036206666666666665,0.18525333333333335,0.31133333333333335,0.49025333333333343,0.58528,0.6840333333333334,0.7256733333333334
0.0,0.006439999999999999,0.06938666666666668,0.2305333333333333,0.3516066666666666,0.5196066666666667,0.6082133333333333,0.7003599999999999,0.7395600000000002
6e-05,0.015513333333333332,0.09329999999999998,0.2633999999999999,0.3869066666666667,0.5522400000000001,0.6359866666666667,0.7197199999999999,0.7533733333333335
0.0008733333333333332,0.021966666666666673,0.11023999999999999,0.28387333333333326,0.40825333333333336,0.57206,0.65248,0.7312666666666666,0.7630533333333334
0.0022266666666666667,0.026240000000000006,0.11760666666666668,0.2866,0.4074466666666667,0.5674333333333333,0.6478066666666668,0.7300466666666668,0.7648266666666663
0.004300000000000001,0.030973333333333332,0.12764666666666666,0.30085333333333325,0.4229066666666666,0.5830599999999999,0.6627533333333333,0.7433400000000002,0.7773533333333335
0.006780000000000001,0.03645333333333333,0.13653333333333328,0.3137,0.4354933333333333,0.59146,0.6660533333333332,0.74066,0.7716000000000001
0.008759999999999999,0.04099333333333333,0.14293333333333333,0.3209066666666666,0.44360666666666676,0.6,0.6759066666666667,0.7540466666666665,0.7874533333333332
0.010573333333333337,0.04468666666666667,0.1476666666666666,0.32428666666666656,0.4450533333333334,0.5961333333333333,0.6701466666666667,0.7467200000000002,0.7811066666666665
0.012619999999999998,0.049686666666666664,0.15459999999999996,0.3336933333333333,0.4548933333333332,0.6050266666666666,0.6780666666666668,0.7541266666666668,0.78732
