0.02,0.03,0.05,0.08,0.1,0.13,0.15,0.18,0.2
0.0,0.0,0.011533333333333335,0.13717333333333334,0.2697866666666667,0.45964666666666665,0.5542066666666666,0.6689866666666667,0.7210066666666668
0.0,0.0,0.023840000000000007,0.16372,0.29492666666666667,0.4790066666666666,0.5726333333333333,0.6900466666666668,0.7449666666666666
0.0,0.0,0.03270666666666667,0.18346000000000004,0.3132733333333333,0.49346666666666655,0.5855733333333333,0.7023600000000001,0.7585600000000001
0.0,0.0,0.04054666666666667,0.19444666666666663,0.32026000000000004,0.49346,0.5807800000000001,0.6897400000000001,0.7402866666666665
0.0,0.0,0.04922000000000001,0.2108333333333333,0.33706,0.5103800000000001,0.5975066666666666,0.7073599999999999,0.7589266666666664
0.0,0.0,0.05777333333333332,0.22707999999999995,0.35674666666666666,0.5311066666666666,0.61582,0.7169733333333334,0.7627333333333334
0.0,0.0,0.06434666666666666,0.23668666666666663,0.36565999999999993,0.53726,0.6202333333333334,0.7194133333333333,0.7646733333333333
0.0,6.666666666666667e-06,0.07033333333333334,0.24806,0.37976,0.5514399999999999,0.6327533333333334,0.7291,0.7733999999999999
0.0,0.00016666666666666666,0.07592,0.2574066666666666,0.39014000000000004,0.5605333333333333,0.63948,0.73086,0.7729266666666668
0.0,0.0005533333333333334,0.07933333333333334,0.26093333333333324,0.3996333333333333,0.5846533333333334,0.6745133333333332,0.7872399999999999,0.84328
