0.02,0.03,0.05,0.08,0.1,0.13,0.15,0.18,0.2
0.0,0.0,0.005033333333333334,0.08845333333333331,0.20177999999999996,0.3147533333333333,0.3580933333333334,0.4229400000000001,0.4455133333333333
0.0,0.0,0.04510666666666666,0.17253333333333332,0.2663933333333333,0.33873333333333333,0.35839333333333345,0.37626,0.37974
0.0,0.0,0.07034,0.18410666666666664,0.25199333333333335,0.2967933333333333,0.30707333333333336,0.31488666666666665,0.31625333333333333
0.0,0.0,0.11201999999999998,0.22996666666666665,0.2831066666666667,0.30852,0.31186,0.3134666666666666,0.31365999999999994
0.0,0.0,0.11975999999999998,0.2064466666666666,0.23886,0.25251999999999997,0.25432000000000005,0.2556266666666666,0.2559533333333333
0.0,0.0,0.12145333333333332,0.19006666666666663,0.21026666666666663,0.21851999999999996,0.21999333333333337,0.22142,0.22179333333333331
0.0,0.0,0.12063333333333331,0.1734266666666667,0.18894666666666662,0.19730666666666669,0.19907999999999998,0.2009733333333333,0.20157333333333333
0.0,0.0,0.11523333333333331,0.16690666666666662,0.1834533333333333,0.19157333333333335,0.19331999999999996,0.19539333333333336,0.19608
0.0,0.0,0.11739333333333331,0.16406666666666667,0.17784,0.18475333333333335,0.1862066666666666,0.18788,0.18838666666666662
0.0,0.0,0.12076666666666665,0.16410666666666665,0.1801533333333333,0.18946,0.1916933333333333,0.19396666666666662,0.19459999999999994
