0.02,0.03,0.05,0.08,0.1,0.13,0.15,0.18,0.2
0.0,6.666666666666667e-06,0.03258666666666667,0.17138,0.29006,0.4637866666666666,0.5601399999999999,0.6631600000000002,0.7078666666666664
0.0,0.004186666666666667,0.061626666666666656,0.21660666666666664,0.3345,0.5035666666666667,0.5943266666666667,0.69002,0.7306333333333334
0.0,0.009580000000000002,0.07808666666666665,0.2378799999999999,0.35601333333333335,0.5256466666666665,0.61686,0.7131799999999997,0.7534066666666664
1.3333333333333333e-05,0.0148,0.09655999999999999,0.2792733333333333,0.4153933333333332,0.6031933333333334,0.7001066666666667,0.7991733333333333,0.8394266666666667
0.00025333333333333333,0.019866666666666668,0.11334666666666664,0.30065333333333333,0.43711333333333335,0.6226799999999999,0.7167733333333333,0.8118333333333334,0.8515999999999999
0.0006999999999999999,0.023659999999999997,0.12179999999999998,0.30774,0.44178000000000006,0.62346,0.7152933333333334,0.81026,0.8520266666666666
0.0012866666666666669,0.027393333333333332,0.12993999999999997,0.31500666666666666,0.4456866666666667,0.6192266666666666,0.7052466666666666,0.79274,0.8300133333333334
0.00188,0.030293333333333332,0.13725999999999997,0.3232266666666667,0.4553600000000001,0.6331,0.7235333333333336,0.8202933333333333,0.8639133333333331
0.0027,0.03324666666666667,0.14323999999999998,0.32852000000000003,0.45830000000000004,0.6289133333333333,0.7147999999999998,0.8057933333333335,0.8472
0.0033866666666666667,0.035500000000000004,0.14845999999999995,0.3385333333333334,0.46991333333333335,0.6403599999999998,0.7247066666666666,0.8141866666666666,0.8542799999999998
