0.02,0.03,0.05,0.08,0.1,0.13,0.15,0.18,0.2
0.0,1.3333333333333333e-05,0.032799999999999996,0.17857999999999996,0.3036933333333333,0.48283333333333334,0.57902,0.6807599999999999,0.7235266666666665
0.0,0.004220000000000001,0.06451333333333334,0.2316266666666667,0.3574733333333333,0.5285466666666667,0.6161933333333333,0.7042133333333334,0.7382666666666666
0.0,0.01064666666666667,0.08206,0.2475733333333333,0.3687533333333334,0.53896,0.6298066666666666,0.7271466666666667,0.7697399999999999
7.999999999999998e-05,0.01642,0.09724666666666665,0.26554666666666665,0.3867533333333333,0.55314,0.64118,0.7334933333333333,0.7735733333333333
0.0006466666666666666,0.02109333333333334,0.10886666666666667,0.27758,0.39818666666666663,0.56068,0.6429533333333333,0.7275666666666669,0.76302
0.001606666666666667,0.025273333333333335,0.11961333333333331,0.29346,0.41574000000000005,0.57662,0.6555600000000001,0.7332666666666667,0.7652066666666666
0.00288,0.028720000000000002,0.1267666666666666,0.30252,0.42524,0.58388,0.6607133333333334,0.7362466666666668,0.76702
0.004326666666666666,0.031973333333333326,0.1318533333333333,0.3072933333333333,0.4292866666666667,0.5855266666666665,0.6619333333333333,0.73894,0.7712466666666665
0.006133333333333334,0.037053333333333334,0.14508666666666664,0.3387,0.47153333333333336,0.6403466666666666,0.7223333333333335,0.8076733333333336,0.8452266666666667
0.008126666666666667,0.04227333333333335,0.15334666666666666,0.3490466666666667,0.48314000000000007,0.6523533333333331,0.7346266666666665,0.8204400000000001,0.8587933333333333
