0.02,0.03,0.05,0.08,0.1,0.13,0.15,0.18,0.2
0.0,0.0,0.0032600000000000007,0.09950666666666667,0.2140933333333333,0.3548733333333333,0.4399733333333334,0.5216066666666668,0.5623600000000001
0.0,0.0,0.029880000000000007,0.1747133333333333,0.27851333333333333,0.38652000000000003,0.44461999999999996,0.49412000000000006,0.5168933333333333
0.0,0.0,0.06901333333333333,0.22441333333333333,0.30977333333333334,0.38834000000000013,0.4245999999999999,0.45324000000000014,0.46562666666666663
0.0,0.0,0.08383999999999997,0.2261799999999999,0.2981666666666667,0.35835333333333347,0.3835666666666666,0.40022666666666673,0.4060466666666667
0.0,0.005193333333333333,0.11050666666666663,0.24286666666666662,0.30115333333333333,0.3435666666666667,0.3582066666666667,0.36550666666666687,0.36727333333333334
0.0,0.00922,0.12652666666666665,0.24389999999999998,0.28668,0.31404666666666664,0.32202666666666674,0.3257333333333334,0.32674
0.0,0.01782,0.15797999999999998,0.2765333333333333,0.3143933333333333,0.3350733333333333,0.34013999999999994,0.3423866666666667,0.34299999999999997
0.0,0.018926666666666668,0.16043999999999997,0.2552133333333333,0.28082666666666667,0.29339333333333334,0.29608666666666666,0.29757333333333336,0.29794666666666664
0.0,0.02010666666666667,0.14910666666666664,0.2256466666666666,0.24412000000000006,0.25269333333333327,0.25464666666666663,0.2556266666666666,0.25597333333333333
0.0,0.022540000000000004,0.14608666666666667,0.20503999999999997,0.21882,0.22611333333333328,0.22806666666666664,0.22908,0.22940666666666665
