0.02,0.03,0.05,0.08,0.1,0.13,0.15,0.18,0.2
0.0,0.0,0.005946666666666669,0.10466666666666664,0.2235266666666666,0.4339933333333334,0.5500400000000001,0.6741800000000001,0.7346266666666665
0.0,0.0,0.016580000000000004,0.13819333333333333,0.26254,0.4684999999999999,0.57922,0.6945266666666667,0.7503066666666665
0.0,0.0,0.024500000000000008,0.16460666666666665,0.2944533333333333,0.4984666666666666,0.60102,0.7005866666666667,0.7430466666666666
0.0,0.0,0.03229333333333334,0.18266666666666664,0.3161133333333333,0.5183266666666667,0.6175866666666666,0.7117,0.7515333333333332
0.0,0.0,0.03781333333333334,0.19613999999999998,0.3325533333333333,0.5365933333333333,0.6337133333333334,0.7233266666666667,0.7616866666666666
0.0,0.0,0.04166,0.2008733333333333,0.33514000000000005,0.5366200000000001,0.6342066666666668,0.7290066666666667,0.7727333333333333
0.0,0.0,0.047813333333333326,0.22067999999999993,0.3686933333333334,0.58648,0.6898399999999998,0.7913266666666665,0.8397466666666668
0.0,0.0,0.05515333333333333,0.2413733333333333,0.3952000000000001,0.6114733333333333,0.7098199999999999,0.8032533333333334,0.8462066666666668
0.0,0.0,0.061126666666666676,0.2476533333333333,0.3967266666666667,0.6086066666666666,0.7058533333333332,0.8000999999999999,0.8436533333333333
0.0,0.0012066666666666667,0.07111333333333332,0.2585733333333333,0.40098,0.60216,0.6942333333333335,0.7791533333333334,0.81784
