Epochs,Loss,Accuracy (%),Silent labels (%),Time (s)
0.1,76.9545,51.96666666666667,35.833333333333336,29.363879919052124
0.2,53.046083333333335,65.4,21.166666666666668,58.93237638473511
0.3,48.75216666666667,68.46666666666667,19.883333333333333,88.60436463356018
0.4,48.08291666666667,68.46666666666667,20.3,118.50567436218262
0.5,46.51208333333334,70.21666666666667,19.7,148.71222233772278
0.6,38.10375,74.28333333333333,13.066666666666665,179.10370516777039
0.7,33.17125,77.13333333333333,9.416666666666666,209.83452033996582
0.8,33.27858333333333,76.28333333333333,9.9,240.8426558971405
0.9,33.08266666666667,76.08333333333334,9.983333333333333,271.61036801338196
1.0,32.49908333333333,77.01666666666667,10.100000000000001,302.61121010780334
1.1,32.2485,76.98333333333333,10.2,30.95640778541565
1.2,31.807333333333332,77.28333333333333,10.0,61.866965532302856
1.3,31.668666666666667,77.36666666666666,10.0,92.77719473838806
1.4,31.8805,76.96666666666667,10.333333333333334,124.71315693855286
1.5,30.636333333333333,78.78333333333333,9.75,155.78260374069214
1.6,30.930583333333335,78.28333333333333,10.333333333333334,186.69581246376038
1.7,30.078416666666666,79.06666666666666,9.416666666666666,217.4874725341797
1.8,30.635416666666668,78.23333333333333,9.9,248.11703324317932
1.9,30.573666666666668,78.38333333333334,9.983333333333333,278.6867370605469
2.0,30.442583333333335,78.13333333333333,10.083333333333332,309.1752960681915
2.1,30.227,78.28333333333333,10.2,30.54526400566101
2.2,30.019166666666667,79.05,10.0,61.36559700965881
2.3,30.265166666666666,78.43333333333334,10.0,91.84420394897461
2.4,30.561583333333335,77.95,10.333333333333334,122.17256474494934
2.5,29.296333333333333,79.26666666666667,9.75,152.5755000114441
2.6,29.698083333333333,78.95,10.333333333333334,183.57812213897705
2.7,29.02925,79.56666666666666,9.416666666666666,213.8655972480774
2.8,29.465333333333334,78.9,9.9,244.00293159484863
2.9,29.6035,79.31666666666666,9.983333333333333,274.31020736694336
3.0,29.566916666666668,79.23333333333333,10.100000000000001,304.890718460083
3.1,17.672416666666667,86.03333333333333,0.8666666666666666,29.97467279434204
3.2,15.964666666666666,87.45,0.0,59.971208572387695
3.3,16.215416666666666,86.56666666666666,0.0,89.97455406188965
3.4,15.563833333333333,87.64999999999999,0.0,119.81870722770691
3.5,15.307583333333334,87.63333333333333,0.016666666666666666,149.86899590492249
3.6,15.193583333333333,88.08333333333334,0.0,179.99158310890198
3.7,15.446083333333334,87.81666666666666,0.0,210.41323137283325
3.8,15.622,87.56666666666668,0.0,241.11499953269958
3.9,15.400083333333333,88.0,0.0,271.78157234191895
4.0,15.371166666666667,87.51666666666667,0.0,302.0645363330841
4.1,14.794583333333334,88.06666666666668,0.0,30.174662828445435
4.2,14.68325,88.5,0.0,60.297892570495605
4.3,15.348833333333333,87.35000000000001,0.0,90.249187707901
4.4,14.567666666666666,87.98333333333333,0.0,120.16484546661377
4.5,14.63925,88.46666666666667,0.0,150.1428143978119
4.6,14.487583333333333,88.8,0.0,180.48897981643677
4.7,14.463,88.73333333333333,0.0,210.9087655544281
4.8,14.652833333333334,88.13333333333333,0.0,241.41099333763123
4.9,14.658916666666666,88.31666666666666,0.0,271.79250955581665
5.0,14.738083333333334,88.0,0.016666666666666666,302.28882908821106
5.1,14.131416666666667,88.1,0.0,30.314536333084106
5.2,14.177416666666666,88.93333333333334,0.0,60.64693546295166
5.3,14.68075,87.73333333333333,0.0,90.89425277709961
5.4,13.981166666666667,88.94999999999999,0.016666666666666666,120.93849349021912
5.5,14.05925,88.83333333333333,0.0,150.72711086273193
5.6,14.65125,88.41666666666667,0.0,180.55146741867065
5.7,13.428666666666667,89.31666666666666,0.0,210.53808522224426
5.8,13.925916666666666,88.88333333333334,0.0,240.42282891273499
5.9,13.864166666666666,88.96666666666667,0.0,270.26356649398804
6.0,14.254166666666666,88.64999999999999,0.0,300.19061279296875
6.1,13.566083333333333,88.93333333333334,0.0,30.197118520736694
6.2,13.692916666666667,89.46666666666667,0.0,60.068588733673096
6.3,14.14525,88.14999999999999,0.0,89.86202788352966
6.4,13.397916666666667,89.3,0.0,119.84341382980347
6.5,13.485916666666666,89.28333333333333,0.0,149.75188612937927
6.6,13.433916666666667,89.64999999999999,0.0,179.48623633384705
6.7,13.27925,89.53333333333333,0.0,209.2396800518036
6.8,13.409916666666666,89.21666666666667,0.016666666666666666,238.93150329589844
6.9,13.292,89.83333333333333,0.0,268.86209511756897
7.0,13.781416666666667,89.1,0.0,298.9213197231293
7.1,13.212333333333333,89.31666666666666,0.0,30.055326461791992
7.2,13.29325,89.7,0.0,60.09382343292236
7.3,13.767833333333334,88.75,0.0,90.07459235191345
7.4,13.084833333333334,89.88333333333334,0.0,120.27104711532593
7.5,13.2695,89.58333333333334,0.0,150.1733636856079
7.6,12.844333333333333,90.06666666666666,0.0,180.00895428657532
7.7,13.345583333333334,89.51666666666667,0.0,209.88675022125244
7.8,13.023583333333333,89.88333333333334,0.0,239.81711149215698
7.9,13.1175,89.61666666666666,0.0,269.65223264694214
8.0,13.456916666666666,89.25,0.0,299.5617663860321
8.1,12.855583333333334,89.63333333333333,0.0,30.04683828353882
8.2,12.906416666666667,90.25,0.0,59.97814679145813
8.3,13.491333333333333,88.94999999999999,0.0,89.80113244056702
8.4,12.932416666666667,90.13333333333333,0.0,119.61892175674438
8.5,12.85,89.86666666666666,0.0,149.355082988739
8.6,12.9105,90.25,0.016666666666666666,179.07940340042114
8.7,12.78925,89.86666666666666,0.0,208.7272973060608
8.8,12.93,89.88333333333334,0.0,238.46493124961853
8.9,12.855916666666667,90.2,0.0,267.99447107315063
9.0,13.208083333333333,89.68333333333334,0.0,297.3893709182739
9.1,12.677666666666667,90.03333333333333,0.0,29.31752610206604
9.2,12.529416666666666,90.56666666666666,0.0,58.5689115524292
9.3,13.186333333333334,89.5,0.0,87.94720387458801
9.4,12.443666666666667,90.5,0.0,117.31941723823547
9.5,12.642916666666666,90.18333333333334,0.0,146.74871110916138
9.6,12.680583333333333,90.38333333333334,0.0,176.23860716819763
9.7,12.59125,90.28333333333333,0.0,206.05674052238464
9.8,12.766,89.95,0.0,235.7602334022522
9.9,12.516083333333333,90.75,0.0,265.4083306789398
10.0,13.116,89.81666666666666,0.016666666666666666,295.00973629951477
