Epochs,Loss,Accuracy (%),Silent labels (%),Time (s)
0.1,60.26233333333333,63.083333333333336,22.566666666666666,29.11016082763672
0.2,38.28341666666667,73.83333333333333,9.883333333333333,58.42325687408447
0.3,36.03766666666667,75.75,9.883333333333333,87.9199595451355
0.4,34.97675,76.13333333333333,9.966666666666667,117.78185224533081
0.5,34.0235,77.25,9.950000000000001,147.7420289516449
0.6,32.105666666666664,78.73333333333333,9.516666666666666,178.15662050247192
0.7,31.66275,78.76666666666667,9.366666666666665,208.68239998817444
0.8,32.89683333333333,77.43333333333334,10.783333333333333,239.53846836090088
0.9,32.28225,77.93333333333334,10.5,270.66478729248047
1.0,31.334333333333333,78.68333333333334,10.05,301.0570333003998
1.1,30.832166666666666,79.10000000000001,10.133333333333333,30.335333108901978
1.2,30.707583333333332,79.46666666666667,9.883333333333333,60.807326316833496
1.3,30.846166666666665,78.66666666666666,9.883333333333333,91.2948694229126
1.4,30.276416666666666,79.53333333333333,9.966666666666667,122.13868951797485
1.5,30.3445,79.21666666666667,9.966666666666667,153.03500270843506
1.6,29.058083333333332,80.53333333333333,9.5,183.90164065361023
1.7,29.69725,80.18333333333332,9.366666666666665,214.6441674232483
1.8,30.59958333333333,79.18333333333332,10.783333333333333,245.29970240592957
1.9,30.26825,79.4,10.516666666666667,275.9850323200226
2.0,30.191,79.16666666666666,10.033333333333333,306.4254243373871
2.1,29.211333333333332,80.0,10.133333333333333,30.2887966632843
2.2,28.998083333333334,80.56666666666666,9.883333333333333,60.51031231880188
2.3,30.308166666666665,78.88333333333334,9.883333333333333,90.76197338104248
2.4,29.02375,80.56666666666666,9.966666666666667,120.8061637878418
2.5,29.129083333333334,80.46666666666667,9.950000000000001,151.05936527252197
2.6,28.155416666666667,81.39999999999999,9.5,182.22347855567932
2.7,28.417166666666667,81.18333333333332,9.366666666666665,212.5521605014801
2.8,29.473083333333335,79.93333333333334,10.783333333333333,242.88882422447205
2.9,29.407583333333335,80.18333333333332,10.5,273.20827531814575
3.0,28.76875,80.2,10.033333333333333,303.4534749984741
3.1,28.13158333333333,80.9,10.133333333333333,30.0220947265625
3.2,27.981166666666667,81.51666666666667,9.883333333333333,60.10706639289856
3.3,28.617583333333332,80.08333333333333,9.883333333333333,90.2551040649414
3.4,28.208333333333332,81.33333333333333,9.966666666666667,120.39941644668579
3.5,28.2145,81.03333333333333,9.950000000000001,150.4737901687622
3.6,27.54025,82.06666666666666,9.5,180.49791836738586
3.7,27.233083333333333,82.11666666666667,9.366666666666665,210.49550938606262
3.8,28.749916666666667,80.68333333333332,10.783333333333333,240.45226335525513
3.9,28.63533333333333,80.75,10.5,270.4807107448578
4.0,28.12125,81.13333333333334,10.033333333333333,300.44409227371216
4.1,27.58575,81.53333333333333,10.133333333333333,30.200536489486694
4.2,27.4835,82.21666666666667,9.883333333333333,60.237985134124756
4.3,28.013416666666668,80.86666666666666,9.883333333333333,90.1380455493927
4.4,27.525916666666667,81.83333333333334,9.966666666666667,120.04197025299072
4.5,27.709,81.33333333333333,9.950000000000001,149.75926566123962
4.6,26.636166666666668,82.8,9.5,179.47712182998657
4.7,26.661416666666668,82.53333333333333,9.366666666666665,209.17374539375305
4.8,27.979333333333333,81.18333333333332,10.783333333333333,239.11337113380432
4.9,27.900833333333335,81.31666666666668,10.5,269.0284671783447
5.0,27.657166666666665,81.46666666666667,10.033333333333333,299.00388503074646
5.1,26.97758333333333,81.8,10.133333333333333,29.712015867233276
5.2,26.886416666666666,82.56666666666666,9.883333333333333,59.364033222198486
5.3,27.727416666666667,81.16666666666667,9.883333333333333,89.00288724899292
5.4,26.878,82.39999999999999,9.966666666666667,118.52197289466858
5.5,27.014333333333333,81.75,9.950000000000001,148.04359102249146
5.6,26.273416666666666,83.18333333333334,9.5,178.0134301185608
5.7,26.376333333333335,82.89999999999999,9.366666666666665,207.9589855670929
5.8,27.637666666666668,81.63333333333334,10.783333333333333,237.97889304161072
5.9,27.555416666666666,81.45,10.5,268.00939893722534
6.0,27.31725,81.55,10.033333333333333,298.14434576034546
6.1,26.687666666666665,82.41666666666667,10.133333333333333,30.026925563812256
6.2,26.63675,82.53333333333333,9.883333333333333,60.05742526054382
6.3,27.18975,81.48333333333333,9.883333333333333,89.88189196586609
6.4,26.552416666666666,82.75,9.966666666666667,119.44992423057556
6.5,26.712333333333333,82.15,9.950000000000001,149.0519917011261
6.6,26.027083333333334,83.26666666666667,9.5,178.57412600517273
6.7,26.068916666666667,82.66666666666667,9.366666666666665,208.12962937355042
6.8,27.32375,81.76666666666667,10.783333333333333,237.66125321388245
6.9,27.017416666666666,82.0,10.5,266.94119691848755
7.0,26.931583333333332,82.13333333333334,10.033333333333333,296.41928243637085
7.1,26.451916666666666,82.41666666666667,10.133333333333333,29.465319395065308
7.2,26.341083333333334,82.88333333333333,9.883333333333333,58.77686858177185
7.3,26.927583333333335,81.69999999999999,9.883333333333333,87.95994305610657
7.4,26.371666666666666,82.96666666666667,9.966666666666667,117.19402694702148
7.5,26.27075,82.28333333333333,9.950000000000001,146.63946390151978
7.6,25.732166666666668,83.66666666666667,9.5,176.24419331550598
7.7,25.636333333333333,83.33333333333334,9.366666666666665,205.75025463104248
7.8,26.978,82.23333333333333,10.783333333333333,235.2401134967804
7.9,26.911416666666668,82.25,10.5,264.8526177406311
8.0,26.568,82.3,10.033333333333333,294.13150334358215
8.1,26.066583333333334,83.0,10.133333333333333,29.092177629470825
8.2,25.490583333333333,83.35000000000001,9.116666666666665,58.40008187294006
8.3,14.787916666666666,88.13333333333333,0.0,87.63830423355103
8.4,13.775166666666667,89.66666666666666,0.0,117.05353879928589
8.5,13.74025,89.43333333333334,0.0,146.54477071762085
8.6,13.36025,89.95,0.0,175.9516944885254
8.7,13.304583333333333,89.86666666666666,0.0,205.27852201461792
8.8,13.510583333333333,89.56666666666668,0.0,234.86426377296448
8.9,13.509333333333334,89.58333333333334,0.0,264.4930787086487
9.0,13.680666666666667,89.11666666666666,0.0,294.12387132644653
9.1,12.961083333333333,89.93333333333334,0.0,29.625434398651123
9.2,13.0195,90.03333333333333,0.0,59.33793830871582
9.3,13.625416666666666,89.03333333333333,0.0,88.96203875541687
9.4,12.715,90.3,0.0,118.54058718681335
9.5,12.95625,89.93333333333334,0.0,148.23089981079102
9.6,12.812833333333334,90.36666666666666,0.0,177.92358589172363
9.7,12.714666666666666,90.08333333333334,0.0,207.46278643608093
9.8,13.068833333333334,90.0,0.016666666666666666,237.1125304698944
9.9,13.103666666666667,90.10000000000001,0.0,266.752991437912
10.0,13.051583333333333,89.56666666666668,0.0,296.3131206035614
