Epochs,Loss,Accuracy (%),Silent labels (%),Time (s)
0.1,61.16325,61.7,22.05,29.712538719177246
0.2,38.248083333333334,73.81666666666666,9.883333333333333,60.430235624313354
0.3,35.92391666666666,75.36666666666667,9.883333333333333,90.35810232162476
0.4,34.77558333333333,76.48333333333333,9.966666666666667,120.62618803977966
0.5,33.96808333333333,76.9,9.950000000000001,151.00714635849
0.6,32.02225,78.93333333333334,9.5,181.47078680992126
0.7,31.769666666666666,78.98333333333333,9.366666666666665,211.70753717422485
0.8,32.944583333333334,77.8,10.783333333333333,242.1164915561676
0.9,32.49775,78.0,10.5,272.4067361354828
1.0,32.5375,78.21666666666667,10.033333333333333,302.84883403778076
1.1,31.56,78.95,10.133333333333333,30.675864458084106
1.2,31.247583333333335,79.05,9.883333333333333,61.432546615600586
1.3,31.508583333333334,79.01666666666667,9.883333333333333,91.81569957733154
1.4,31.2885,79.4,9.966666666666667,122.4649829864502
1.5,31.050833333333333,79.60000000000001,9.950000000000001,153.05511236190796
1.6,30.184666666666665,80.36666666666666,9.5,183.68364882469177
1.7,30.054333333333332,80.7,9.366666666666665,213.93709754943848
1.8,31.49575,79.5,10.783333333333333,244.27885913848877
1.9,31.352416666666667,79.75,10.5,274.873797416687
2.0,31.052833333333332,80.05,10.033333333333333,305.76219153404236
2.1,30.031583333333334,80.45,10.133333333333333,30.63869833946228
2.2,29.8735,81.11666666666667,9.883333333333333,63.04057478904724
2.3,30.687916666666666,79.61666666666667,9.883333333333333,95.07953238487244
2.4,29.861333333333334,80.91666666666667,9.966666666666667,126.86653065681458
2.5,29.785333333333334,80.48333333333333,9.950000000000001,156.7175633907318
2.6,29.825,80.73333333333333,9.5,186.67172837257385
2.7,29.115666666666666,81.58333333333333,9.366666666666665,217.1143114566803
2.8,30.289,80.35,10.783333333333333,247.65767192840576
2.9,30.230583333333332,80.23333333333333,10.5,278.42553424835205
3.0,29.82625,81.13333333333334,10.033333333333333,308.9102268218994
3.1,29.094416666666667,81.03333333333333,10.133333333333333,30.26109218597412
3.2,28.9615,81.66666666666667,9.883333333333333,60.571356773376465
3.3,29.85108333333333,80.31666666666666,9.883333333333333,90.86518883705139
3.4,29.172,81.25,9.966666666666667,120.95223760604858
3.5,29.361,80.76666666666667,9.950000000000001,151.09071707725525
3.6,28.410083333333333,81.95,9.5,181.05255341529846
3.7,28.316583333333334,82.25,9.366666666666665,210.9256889820099
3.8,29.870416666666667,81.0,10.783333333333333,241.09952926635742
3.9,30.000416666666666,80.83333333333333,10.5,271.7142322063446
4.0,29.302583333333335,81.13333333333334,10.033333333333333,302.0872075557709
4.1,28.662333333333333,81.73333333333333,10.133333333333333,30.310773849487305
4.2,28.428083333333333,82.13333333333334,9.9,60.552289962768555
4.3,29.450666666666667,80.96666666666667,9.883333333333333,90.76846885681152
4.4,28.809166666666666,81.46666666666667,9.966666666666667,121.20165205001831
4.5,28.743833333333335,81.21666666666667,9.950000000000001,151.57598495483398
4.6,27.914916666666667,82.55,9.5,181.6741669178009
4.7,27.848333333333333,82.58333333333333,9.366666666666665,211.8621587753296
4.8,29.146916666666666,81.45,10.783333333333333,242.0935399532318
4.9,29.185583333333334,81.63333333333334,10.5,272.3938112258911
5.0,28.999666666666666,81.56666666666666,10.033333333333333,302.4858729839325
5.1,28.320333333333334,81.51666666666667,10.133333333333333,30.2012677192688
5.2,28.11025,82.71666666666667,9.883333333333333,60.52918267250061
5.3,28.778583333333334,81.16666666666667,9.883333333333333,90.772775888443
5.4,28.189833333333333,82.01666666666667,9.966666666666667,120.81072759628296
5.5,28.1805,81.78333333333333,9.950000000000001,150.6886010169983
5.6,27.5425,82.8,9.5,180.57196640968323
5.7,27.569,82.63333333333334,9.366666666666665,210.5868856906891
5.8,28.73525,81.66666666666667,10.783333333333333,240.48863863945007
5.9,28.589833333333335,81.6,10.5,270.34364557266235
6.0,28.351666666666667,82.01666666666667,10.033333333333333,300.2139708995819
6.1,27.86616666666667,82.31666666666668,10.133333333333333,30.09261703491211
6.2,27.567083333333333,82.83333333333334,9.883333333333333,60.281517028808594
6.3,28.496166666666667,81.58333333333333,9.883333333333333,90.3637797832489
6.4,27.783583333333333,82.58333333333333,9.966666666666667,120.32664179801941
6.5,28.061083333333332,82.11666666666667,9.950000000000001,150.4599552154541
6.6,27.437083333333334,82.88333333333333,9.5,180.75184845924377
6.7,27.35575,83.1,9.366666666666665,211.21360278129578
6.8,28.620833333333334,81.91666666666667,10.783333333333333,241.3902838230133
6.9,28.435666666666666,81.98333333333333,10.5,271.6774215698242
7.0,28.036,82.23333333333333,10.033333333333333,301.96870255470276
7.1,27.614416666666667,82.43333333333334,10.133333333333333,30.242139101028442
7.2,27.324333333333332,83.25,9.883333333333333,60.149378299713135
7.3,28.110333333333333,82.08333333333333,9.883333333333333,89.83024716377258
7.4,27.318583333333333,83.05,9.966666666666667,119.45511317253113
7.5,27.72533333333333,82.25,9.950000000000001,149.2092649936676
7.6,27.034666666666666,83.33333333333334,9.5,178.9705638885498
7.7,27.07058333333333,83.38333333333333,9.366666666666665,209.13156747817993
7.8,28.225083333333334,82.28333333333333,10.783333333333333,238.96545386314392
7.9,28.004833333333334,82.46666666666667,10.5,268.8427309989929
8.0,27.931916666666666,82.16666666666667,10.033333333333333,298.5422763824463
8.1,27.35425,82.66666666666667,10.133333333333333,29.734813690185547
8.2,27.027916666666666,83.61666666666666,9.883333333333333,59.59270787239075
8.3,27.90175,82.31666666666668,9.883333333333333,89.2980124950409
8.4,27.818166666666666,82.8,9.966666666666667,119.05822467803955
8.5,27.475166666666667,82.33333333333334,9.950000000000001,149.16520237922668
8.6,26.685583333333334,83.63333333333334,9.5,179.3274941444397
8.7,26.861916666666666,83.31666666666668,9.366666666666665,209.51781702041626
8.8,27.96025,82.3,10.783333333333333,239.56783866882324
8.9,27.839833333333335,82.6,10.5,269.7606883049011
9.0,27.647083333333335,82.66666666666667,10.033333333333333,299.8113691806793
9.1,27.235666666666667,82.63333333333334,10.133333333333333,30.196261644363403
9.2,26.855583333333332,83.81666666666666,9.883333333333333,60.18751263618469
9.3,27.618916666666667,82.56666666666666,9.883333333333333,90.09264826774597
9.4,26.918833333333332,83.23333333333333,9.966666666666667,119.96204805374146
9.5,27.180083333333332,83.01666666666667,9.950000000000001,149.75985193252563
9.6,26.642666666666667,83.6,9.5,179.55755352973938
9.7,25.617,84.3,8.366666666666667,209.3372871875763
9.8,15.468916666666667,89.68333333333334,0.016666666666666666,239.33050417900085
9.9,14.778583333333334,90.05,0.0,269.11798548698425
10.0,15.00725,89.46666666666667,0.0,298.96672558784485
