Epochs,Loss,Accuracy (%),Silent labels (%),Time (s)
0.1,63.34616666666667,61.78333333333333,22.95,29.616418600082397
0.2,46.07716666666666,69.58333333333333,9.883333333333333,59.77365255355835
0.3,47.0245,69.25,9.883333333333333,90.1734983921051
0.4,46.7845,70.3,9.966666666666667,120.91454839706421
0.5,46.51616666666666,70.58333333333333,9.950000000000001,151.72656893730164
0.6,45.10758333333333,73.01666666666667,9.516666666666666,182.42350602149963
0.7,44.73291666666667,73.1,9.366666666666665,213.0803325176239
0.8,46.06008333333333,72.6,10.783333333333333,243.76476979255676
0.9,46.16283333333333,72.33333333333334,10.5,274.82837176322937
1.0,44.6435,73.5,10.033333333333333,305.9111156463623
1.1,46.152,72.61666666666666,10.133333333333333,31.15904426574707
1.2,45.38583333333333,73.56666666666666,9.883333333333333,61.92576336860657
1.3,46.68666666666667,72.63333333333334,9.883333333333333,92.61367011070251
1.4,46.53666666666667,74.25,9.966666666666667,123.2610764503479
1.5,45.932833333333335,74.41666666666666,9.083333333333334,154.12000036239624
1.6,37.47866666666667,76.88333333333334,0.0,185.04911708831787
1.7,37.68825,76.1,0.0,215.93104720115662
1.8,38.37708333333333,76.16666666666667,0.016666666666666666,247.03748965263367
1.9,40.2255,73.75,0.016666666666666666,278.3076729774475
2.0,41.17191666666667,71.68333333333334,0.0,312.9361057281494
2.1,42.74466666666667,68.51666666666667,0.0,31.669114112854004
2.2,43.42633333333333,67.48333333333333,0.0,63.28813076019287
2.3,44.49641666666667,64.78333333333333,0.0,94.9380259513855
2.4,44.994166666666665,63.81666666666666,0.0,126.72811198234558
2.5,44.952333333333335,64.28333333333333,0.0,158.5995831489563
2.6,45.87008333333333,63.83333333333333,0.0,190.41299867630005
2.7,45.82633333333333,62.74999999999999,0.0,222.22571730613708
2.8,46.0215,62.53333333333333,0.0,253.92460370063782
2.9,47.54558333333333,61.31666666666666,0.0,285.7304105758667
3.0,46.27316666666667,63.3,0.0,317.5780084133148
3.1,47.2735,61.083333333333336,0.0,32.04095911979675
3.2,47.404666666666664,62.06666666666667,0.0,64.0416898727417
3.3,47.9785,59.38333333333333,0.0,95.93527936935425
3.4,48.343916666666665,58.599999999999994,0.0,127.84184002876282
3.5,48.26133333333333,60.03333333333334,0.0,159.72377920150757
3.6,49.14266666666666,60.266666666666666,0.0,191.45476460456848
3.7,50.57925,58.61666666666666,0.0,224.0162787437439
3.8,51.84525,58.166666666666664,0.0,255.5377082824707
3.9,54.10516666666667,57.08333333333333,0.0,287.0380187034607
4.0,54.556666666666665,56.81666666666667,0.0,318.5070376396179
4.1,56.6405,55.266666666666666,0.0,31.6826331615448
4.2,57.62325,55.36666666666667,0.0,64.7826087474823
4.3,59.08708333333333,53.13333333333333,0.0,100.85991716384888
4.4,59.25225,53.2,0.0,135.83457159996033
4.5,55.909083333333335,57.116666666666674,0.0,162.81020522117615
4.6,56.36325,57.15,0.0,190.37436842918396
4.7,54.44875,59.699999999999996,0.0,216.91080403327942
4.8,55.75866666666667,58.45,0.0,242.12952375411987
4.9,57.1975,55.56666666666666,0.0,268.16669368743896
5.0,58.32908333333334,54.333333333333336,0.0,292.6403822898865
5.1,59.37583333333333,51.83333333333333,0.0,25.639972925186157
5.2,57.25925,54.666666666666664,0.0,50.945358753204346
5.3,57.5835,53.13333333333333,0.0,76.49193024635315
5.4,58.221,49.95,0.0,101.45233941078186
5.5,58.433,48.71666666666667,0.0,127.22568655014038
5.6,60.28041666666667,45.83333333333333,0.0,153.0567774772644
5.7,60.322583333333334,44.6,0.0,178.67555165290833
5.8,60.92316666666667,44.83333333333333,0.016666666666666666,201.24892401695251
5.9,62.09408333333333,41.61666666666667,0.0,224.0883915424347
6.0,62.91741666666667,38.733333333333334,0.0,246.9841709136963
6.1,63.409083333333335,39.68333333333333,0.0,23.033223867416382
6.2,64.03375,37.71666666666667,0.0,45.90962481498718
6.3,64.21416666666667,38.36666666666667,0.0,68.89678359031677
6.4,64.60358333333333,37.88333333333333,0.0,91.8736035823822
6.5,63.345,40.18333333333333,0.0,115.03799343109131
6.6,60.86783333333333,43.56666666666666,0.06666666666666667,137.9696934223175
6.7,61.37583333333333,43.06666666666666,0.0,160.8638424873352
6.8,60.727333333333334,43.7,0.0,183.84750938415527
6.9,58.95408333333334,44.31666666666666,0.0,206.9901750087738
7.0,59.378083333333336,43.2,0.0,230.03136825561523
7.1,58.282583333333335,44.35,0.0,23.616121768951416
7.2,58.61508333333333,42.4,0.0,47.849313735961914
7.3,59.540333333333336,39.65,0.0,72.38146591186523
7.4,60.322,38.333333333333336,0.0,97.80187368392944
7.5,60.879583333333336,37.4,0.0,124.10787391662598
7.6,62.506166666666665,34.1,0.016666666666666666,149.29687547683716
7.7,63.22725,33.31666666666667,0.0,174.5277681350708
7.8,62.7655,34.449999999999996,0.0,199.2856090068817
7.9,63.95316666666667,31.1,0.016666666666666666,224.534038066864
8.0,64.53733333333334,30.5,0.0,249.74359774589539
8.1,64.60216666666666,30.7,0.0,24.53711175918579
8.2,64.84866666666667,31.366666666666664,0.0,48.256425619125366
8.3,65.76025,30.683333333333334,0.0,72.03950500488281
8.4,67.14558333333333,28.666666666666668,0.0,96.21542692184448
8.5,66.84791666666666,29.183333333333334,0.0,120.48595976829529
8.6,67.87566666666666,27.516666666666666,0.016666666666666666,144.55904293060303
8.7,68.75566666666667,27.43333333333333,0.0,168.59106612205505
8.8,68.85641666666666,26.883333333333333,0.0,194.52573442459106
8.9,69.82975,27.03333333333333,0.016666666666666666,220.01096773147583
9.0,72.38608333333333,25.033333333333335,0.0,244.66898345947266
9.1,72.47933333333333,24.916666666666668,0.0,24.843324899673462
9.2,72.46241666666667,24.78333333333333,0.0,50.26932454109192
9.3,72.71133333333333,25.666666666666664,0.0,75.89534783363342
9.4,73.99516666666666,22.983333333333334,0.016666666666666666,101.18946385383606
9.5,73.59658333333333,23.633333333333333,0.0,127.4622368812561
9.6,74.26258333333334,23.316666666666666,0.016666666666666666,153.22628474235535
9.7,75.06066666666666,23.65,0.016666666666666666,178.13032460212708
9.8,74.84725,23.45,0.0,203.39785385131836
9.9,75.622,23.466666666666665,0.016666666666666666,229.20090579986572
10.0,76.33433333333333,22.650000000000002,0.016666666666666666,254.64398336410522
