Epochs,Loss,Accuracy (%),Silent labels (%),Time (s)
0.1,60.285916666666665,63.23333333333333,22.650000000000002,28.878114461898804
0.2,38.318333333333335,73.58333333333333,9.883333333333333,58.01206827163696
0.3,35.992333333333335,75.64999999999999,9.883333333333333,87.576420545578
0.4,35.048833333333334,76.06666666666668,9.966666666666667,117.18763947486877
0.5,34.214,76.96666666666667,9.983333333333333,147.03186058998108
0.6,32.17575,78.9,9.5,177.06337809562683
0.7,31.776,78.85,9.366666666666665,207.04806876182556
0.8,32.89958333333333,77.60000000000001,10.783333333333333,237.97529935836792
0.9,32.2685,78.01666666666667,10.5,267.89000940322876
1.0,31.589583333333334,78.35,10.033333333333333,297.9337246417999
1.1,31.095416666666665,78.45,10.133333333333333,30.19253659248352
1.2,30.7025,79.48333333333333,9.9,60.2505464553833
1.3,30.922416666666667,78.73333333333333,9.883333333333333,90.30035758018494
1.4,30.63383333333333,79.28333333333333,9.966666666666667,120.34779906272888
1.5,30.202583333333333,79.60000000000001,9.983333333333333,150.31469750404358
1.6,29.306916666666666,80.31666666666666,9.516666666666666,180.47941660881042
1.7,30.427,79.5,9.366666666666665,210.3712022304535
1.8,30.485,79.43333333333334,10.783333333333333,240.0035285949707
1.9,30.920583333333333,78.81666666666666,10.5,269.5696814060211
2.0,29.82325,79.83333333333333,10.033333333333333,299.0562870502472
2.1,29.413,80.06666666666666,10.133333333333333,29.644740104675293
2.2,29.073833333333333,80.96666666666667,9.883333333333333,59.52948760986328
2.3,29.624916666666667,79.75,9.883333333333333,89.39635491371155
2.4,29.089083333333335,80.65,9.966666666666667,119.33326864242554
2.5,28.953666666666667,80.5,9.950000000000001,149.216477394104
2.6,27.957166666666666,81.55,9.5,178.89584016799927
2.7,28.261916666666668,81.51666666666667,9.366666666666665,208.73716831207275
2.8,29.53325,80.16666666666666,10.783333333333333,238.33915448188782
2.9,29.220833333333335,80.01666666666667,10.5,267.8119149208069
3.0,28.766416666666668,80.55,10.033333333333333,297.3935868740082
3.1,28.38475,81.03333333333333,10.133333333333333,29.478612184524536
3.2,28.145666666666667,81.58333333333333,9.883333333333333,59.0926251411438
3.3,28.730083333333333,80.65,9.883333333333333,88.62541079521179
3.4,28.236,81.2,9.966666666666667,118.4844102859497
3.5,28.247416666666666,80.9,9.966666666666667,148.22102236747742
3.6,27.436,81.73333333333333,9.5,177.7352499961853
3.7,27.519083333333334,81.78333333333333,9.383333333333335,207.27982783317566
3.8,28.64075,80.60000000000001,10.783333333333333,236.8006591796875
3.9,28.914,80.71666666666667,10.516666666666667,266.4076941013336
4.0,28.30441666666667,80.98333333333333,10.033333333333333,296.2351598739624
4.1,27.595,81.3,10.133333333333333,29.652936458587646
4.2,27.3585,82.05,9.883333333333333,59.55617308616638
4.3,28.086166666666667,80.85,9.883333333333333,89.35335969924927
4.4,27.43425,81.71666666666667,9.966666666666667,118.9786868095398
4.5,27.55075,81.45,9.950000000000001,148.73736596107483
4.6,26.876583333333333,82.46666666666667,9.516666666666666,178.25753474235535
4.7,26.812666666666665,82.3,9.366666666666665,207.77279114723206
4.8,28.164083333333334,81.28333333333333,10.783333333333333,237.16423416137695
4.9,27.975,81.21666666666667,10.5,266.35407304763794
5.0,27.576083333333333,81.31666666666668,10.033333333333333,295.4438624382019
5.1,27.11775,81.98333333333333,10.133333333333333,29.09822654724121
5.2,26.835,82.43333333333334,9.883333333333333,58.07663536071777
5.3,27.757916666666667,81.08333333333333,9.883333333333333,87.03307771682739
5.4,26.899916666666666,82.23333333333333,9.966666666666667,116.43294095993042
5.5,27.0015,81.71666666666667,9.950000000000001,145.69886684417725
5.6,26.309416666666667,82.66666666666667,9.5,175.09493732452393
5.7,26.374166666666667,82.6,9.383333333333335,204.39115476608276
5.8,27.533666666666665,81.71666666666667,10.783333333333333,233.64217734336853
5.9,27.300416666666667,81.78333333333333,10.5,262.9905824661255
6.0,27.194166666666668,81.8,10.033333333333333,292.364305973053
6.1,26.851166666666668,82.19999999999999,10.133333333333333,29.312909841537476
6.2,26.621166666666667,82.86666666666666,9.883333333333333,58.650049686431885
6.3,27.1365,81.71666666666667,9.883333333333333,87.99347233772278
6.4,26.70125,82.51666666666667,9.966666666666667,117.24758863449097
6.5,26.64875,82.19999999999999,9.950000000000001,146.57864689826965
6.6,25.809166666666666,83.39999999999999,9.5,176.2191298007965
6.7,25.867416666666667,82.96666666666667,9.366666666666665,205.5447793006897
6.8,27.244666666666667,81.78333333333333,10.783333333333333,234.45436763763428
6.9,27.185833333333335,82.06666666666666,10.5,263.5010645389557
7.0,26.951583333333332,82.19999999999999,10.033333333333333,292.68907952308655
7.1,26.43225,82.91666666666667,10.133333333333333,29.12167763710022
7.2,26.183666666666667,82.85,9.883333333333333,58.187437772750854
7.3,26.8735,82.0,9.883333333333333,87.15744519233704
7.4,26.368833333333335,82.65,9.966666666666667,116.3731906414032
7.5,26.388,82.35,9.950000000000001,145.50084567070007
7.6,25.964083333333335,83.1,9.5,174.8271086215973
7.7,25.655583333333333,83.1,9.366666666666665,204.2467827796936
7.8,26.8935,82.06666666666666,10.8,233.69265413284302
7.9,26.702916666666667,82.33333333333334,10.516666666666667,262.9712507724762
8.0,26.670666666666666,82.38333333333333,10.033333333333333,292.2389817237854
8.1,26.113583333333334,82.88333333333333,10.133333333333333,29.421915769577026
8.2,25.769916666666667,83.48333333333333,9.883333333333333,58.87688875198364
8.3,26.515166666666666,82.66666666666667,9.883333333333333,88.30688714981079
8.4,26.073,83.0,9.966666666666667,117.27503204345703
8.5,26.14966666666667,82.68333333333334,9.950000000000001,146.1702060699463
8.6,25.343083333333333,83.73333333333333,9.5,175.07986402511597
8.7,25.61775,83.03333333333333,9.366666666666665,203.98846650123596
8.8,26.77325,82.28333333333333,10.783333333333333,232.93021416664124
8.9,26.39,82.55,10.5,261.8773310184479
9.0,26.45325,82.61666666666667,10.033333333333333,291.0108802318573
9.1,25.84325,83.13333333333334,10.133333333333333,29.063546419143677
9.2,25.487583333333333,83.81666666666666,9.883333333333333,57.91492676734924
9.3,26.24525,82.43333333333334,9.883333333333333,86.77061581611633
9.4,25.570833333333333,83.1,9.966666666666667,115.62295913696289
9.5,26.001416666666668,82.63333333333334,9.950000000000001,144.49460411071777
9.6,25.11125,83.98333333333333,9.5,173.46389055252075
9.7,25.081333333333333,83.76666666666667,9.366666666666665,202.34556531906128
9.8,26.315916666666666,82.6,10.783333333333333,231.46280217170715
9.9,26.502416666666665,82.61666666666667,10.516666666666667,260.49530243873596
10.0,26.182333333333332,83.08333333333333,10.033333333333333,289.19124484062195
