Epochs,Loss,Accuracy (%),Silent labels (%),Time (s)
0.1,72.08641666666666,53.05,25.766666666666666,26.768571138381958
0.2,55.46941666666667,58.333333333333336,9.883333333333333,51.926031827926636
0.3,57.1665,57.766666666666666,9.883333333333333,76.66141271591187
0.4,56.90691666666667,58.01666666666667,9.966666666666667,101.2614049911499
0.5,57.578916666666665,58.699999999999996,9.950000000000001,125.64971661567688
0.6,57.57683333333333,60.66666666666667,9.5,150.1793909072876
0.7,58.22675,61.199999999999996,9.366666666666665,176.33948135375977
0.8,59.739,61.4,10.783333333333333,201.44074177742004
0.9,58.765166666666666,60.83333333333333,9.216666666666667,226.60827112197876
1.0,49.40525,62.83333333333333,0.0,252.08034324645996
1.1,49.51316666666666,62.64999999999999,0.0,25.41453194618225
1.2,49.534416666666665,63.71666666666667,0.0,49.61969518661499
1.3,50.26116666666667,63.1,0.016666666666666666,74.864009141922
1.4,50.308416666666666,62.1,0.0,99.46952509880066
1.5,50.650083333333335,59.983333333333334,0.0,124.99936652183533
1.6,52.468916666666665,57.25,0.0,150.2668912410736
1.7,51.886833333333335,56.233333333333334,0.0,175.96439266204834
1.8,53.217166666666664,53.68333333333334,0.0,202.42270636558533
1.9,54.128083333333336,51.18333333333334,0.0,228.62448811531067
2.0,55.279333333333334,49.4,0.0,254.99952054023743
2.1,56.95666666666666,48.41666666666667,0.0,25.173478364944458
2.2,57.32683333333333,49.5,0.0,51.59674429893494
2.3,59.244416666666666,47.15,0.0,77.93171119689941
2.4,60.92058333333333,46.68333333333333,0.0,103.10760974884033
2.5,62.121583333333334,47.71666666666667,0.0,129.20994901657104
2.6,64.583,45.233333333333334,0.0,152.86644220352173
2.7,66.006,41.56666666666667,0.0,178.76132798194885
2.8,64.80616666666667,42.199999999999996,0.0,203.57640147209167
2.9,64.79891666666667,43.03333333333333,0.0,226.65604639053345
3.0,66.76958333333333,41.733333333333334,0.0,249.68615913391113
3.1,64.26941666666667,44.46666666666667,0.0,24.119906902313232
3.2,65.451,42.9,0.0,50.38238072395325
3.3,63.751916666666666,44.71666666666667,0.0,75.71932554244995
3.4,62.15716666666667,44.083333333333336,0.0,102.64064741134644
3.5,62.6275,43.7,0.0,128.90811419487
3.6,64.62475,39.81666666666667,0.0,155.54437160491943
3.7,65.7345,37.55,0.0,180.20540261268616
3.8,64.38741666666667,37.916666666666664,0.0,204.59335088729858
3.9,61.276,38.93333333333333,0.0,231.23787832260132
4.0,61.55875,35.35,0.0,256.56007385253906
4.1,62.13333333333333,33.800000000000004,0.0,24.264198541641235
4.2,63.30733333333333,32.46666666666667,0.0,49.67180800437927
4.3,64.63375,28.833333333333332,0.0,74.8547716140747
4.4,65.05233333333334,28.299999999999997,0.0,101.67454957962036
4.5,64.81516666666667,28.599999999999998,0.0,128.18171501159668
4.6,65.97391666666667,27.366666666666667,0.0,152.070050239563
4.7,66.756,26.73333333333333,0.0,176.20981097221375
4.8,68.30658333333334,25.2,0.0,199.97630190849304
4.9,69.40058333333333,25.516666666666666,0.0,224.9780969619751
5.0,69.90225,24.266666666666666,0.0,250.418954372406
5.1,72.66116666666667,24.75,0.0,24.854860544204712
5.2,73.67841666666666,22.633333333333333,0.0,48.40482306480408
5.3,75.20766666666667,22.03333333333333,0.0,72.87774968147278
5.4,75.48825,21.96666666666667,0.0,97.60259556770325
5.5,75.3205,21.583333333333332,0.0,122.5654685497284
5.6,75.92758333333333,21.666666666666668,0.0,148.8375449180603
5.7,75.04466666666667,23.033333333333335,0.0,174.38545203208923
5.8,75.429,22.0,0.0,200.6372046470642
5.9,75.40416666666667,23.45,0.0,225.1592833995819
6.0,76.20083333333334,22.083333333333332,0.0,250.73173141479492
6.1,77.19325,21.05,0.0,25.63031506538391
6.2,79.60566666666666,20.416666666666668,0.0,52.696749448776245
6.3,79.88075,21.96666666666667,0.0,79.45801734924316
6.4,81.41175,20.283333333333335,0.0,104.16752791404724
6.5,81.93766666666667,19.366666666666667,0.0,128.2455940246582
6.6,83.04091666666666,18.983333333333334,0.0,152.75126695632935
6.7,82.58883333333333,19.416666666666664,0.0,175.40797662734985
6.8,81.02108333333334,20.416666666666668,0.0,198.09018468856812
6.9,79.89083333333333,19.683333333333334,0.0,221.37275767326355
7.0,80.31775,20.766666666666666,0.0,244.29506731033325
7.1,79.23433333333334,20.183333333333334,0.0,23.121948719024658
7.2,81.41058333333334,20.333333333333332,0.0,46.249576807022095
7.3,82.86908333333334,19.733333333333334,0.0,69.11384606361389
7.4,82.972,18.916666666666668,0.0,91.99347162246704
7.5,82.32966666666667,20.316666666666666,0.0,114.78952980041504
7.6,83.34491666666666,18.0,0.0,137.63714861869812
7.7,85.36841666666666,16.650000000000002,0.03333333333333333,160.98055696487427
7.8,86.26725,16.1,0.0,184.10885667800903
7.9,86.14266666666667,17.7,0.016666666666666666,207.5114622116089
8.0,86.03216666666667,17.416666666666668,0.016666666666666666,230.6092004776001
8.1,86.46125,17.4,0.0,22.509766101837158
8.2,85.44308333333333,17.549999999999997,0.0,45.868942737579346
8.3,85.84158333333333,17.683333333333334,0.016666666666666666,68.65781950950623
8.4,86.34366666666666,16.483333333333334,0.0,91.18533277511597
8.5,85.72641666666667,17.533333333333335,0.016666666666666666,113.71738028526306
8.6,86.75766666666667,16.0,0.0,136.15512537956238
8.7,86.1815,16.400000000000002,0.016666666666666666,158.82810473442078
8.8,86.54983333333334,16.466666666666665,0.0,182.44300603866577
8.9,86.79316666666666,16.483333333333334,0.0,208.792649269104
9.0,86.88258333333333,16.733333333333334,0.016666666666666666,234.22304773330688
9.1,87.65125,15.1,0.016666666666666666,24.540820121765137
9.2,87.1505,15.366666666666667,0.0,49.88734722137451
9.3,87.41983333333333,15.4,0.0,76.64968395233154
9.4,88.00525,15.083333333333334,0.0,101.69735360145569
9.5,86.61458333333333,15.416666666666668,0.0,126.54711556434631
9.6,86.302,16.166666666666664,0.0,151.72234654426575
9.7,85.83583333333333,16.766666666666666,0.016666666666666666,177.05913138389587
9.8,85.96591666666667,16.816666666666666,0.0,199.97317051887512
9.9,86.26641666666667,16.916666666666664,0.0,223.91249203681946
10.0,86.44883333333334,16.900000000000002,0.0,247.48137521743774
