Epochs,Loss,Accuracy (%),Silent labels (%),Time (s)
0.1,80.456,44.15,28.65,23.104544162750244
0.2,61.49633333333333,49.55,9.883333333333333,45.85189199447632
0.3,62.735166666666665,48.516666666666666,9.883333333333333,68.35937547683716
0.4,63.38575,48.61666666666667,9.966666666666667,91.27151250839233
0.5,63.9085,50.366666666666674,9.950000000000001,114.10254859924316
0.6,56.38483333333333,53.5,2.4833333333333334,136.83999156951904
0.7,53.787416666666665,55.78333333333333,0.0,161.4425184726715
0.8,54.105583333333335,55.61666666666667,0.0,185.81164598464966
0.9,54.7175,54.083333333333336,0.0,209.68836188316345
1.0,54.7755,53.166666666666664,0.0,235.7265989780426
1.1,55.61833333333333,52.516666666666666,0.0,24.794488191604614
1.2,56.11141666666666,49.36666666666667,0.0,48.25005102157593
1.3,57.88975,44.13333333333333,0.0,72.55015444755554
1.4,58.984,42.449999999999996,0.0,96.31964373588562
1.5,60.718833333333336,39.13333333333333,0.0,121.16974306106567
1.6,63.06816666666667,38.38333333333333,0.0,145.38973784446716
1.7,65.26983333333334,38.550000000000004,0.0,169.80172038078308
1.8,68.2185,36.733333333333334,0.0,194.29657673835754
1.9,70.21791666666667,33.766666666666666,0.0,219.99345636367798
2.0,68.52416666666667,35.949999999999996,0.0,245.82933282852173
2.1,66.61116666666666,38.95,0.0,24.939859628677368
2.2,68.66075,35.766666666666666,0.0,50.32096982002258
2.3,70.49816666666666,35.099999999999994,0.0,76.1890037059784
2.4,69.82841666666667,31.766666666666666,0.0,102.50676536560059
2.5,70.36716666666666,29.599999999999998,0.0,127.65116882324219
2.6,70.09766666666667,31.066666666666663,0.0,153.18646025657654
2.7,66.22508333333333,31.183333333333334,0.0,178.21108222007751
2.8,67.57758333333334,28.81666666666667,0.0,201.64904475212097
2.9,68.12716666666667,29.86666666666667,0.0,225.1039297580719
3.0,66.59075,31.4,0.0,248.34509754180908
3.1,69.98891666666667,29.06666666666667,0.0,23.228811979293823
3.2,71.53025,26.633333333333333,0.0,46.52420401573181
3.3,73.00158333333333,24.46666666666667,0.0,69.66318893432617
3.4,74.22433333333333,23.216666666666665,0.0,93.05838131904602
3.5,73.341,24.48333333333333,0.0,116.8466682434082
3.6,74.12433333333334,23.7,0.0,140.14365887641907
3.7,74.54683333333334,23.166666666666664,0.0,164.23733639717102
3.8,75.2435,22.25,0.0,190.70153975486755
3.9,76.40391666666666,21.266666666666666,0.0,215.9742829799652
4.0,74.07208333333334,23.366666666666667,0.0,240.46431374549866
4.1,76.55933333333333,20.166666666666664,0.0,25.036476135253906
4.2,79.96575,18.71666666666667,0.0,48.539965867996216
4.3,81.06808333333333,19.233333333333334,0.0,73.32128548622131
4.4,83.55791666666667,17.933333333333334,0.0,99.39106273651123
4.5,80.90225,17.2,0.016666666666666666,125.00686931610107
4.6,81.47308333333334,17.05,0.0,151.37002158164978
4.7,85.02708333333334,16.933333333333334,0.0,177.16738176345825
4.8,87.7255,15.133333333333333,0.0,201.56396746635437
4.9,88.04791666666667,14.466666666666667,0.016666666666666666,227.20863962173462
5.0,87.82566666666666,13.716666666666665,0.0,251.8334174156189
5.1,88.57466666666667,13.600000000000001,0.016666666666666666,25.253719568252563
5.2,87.70508333333333,14.583333333333334,0.0,49.36101222038269
5.3,88.417,14.483333333333334,0.0,74.21281933784485
5.4,88.44033333333333,14.399999999999999,0.0,99.10647201538086
5.5,88.88491666666667,14.233333333333334,0.0,124.91066312789917
5.6,86.38475,15.233333333333333,0.0,150.45947766304016
5.7,86.70416666666667,14.366666666666667,0.0,175.228675365448
5.8,87.12266666666666,14.099999999999998,0.0,198.75625371932983
5.9,87.71891666666667,13.833333333333334,0.03333333333333333,223.5792624950409
6.0,88.73625,12.9,0.016666666666666666,248.81312084197998
6.1,89.23216666666667,13.016666666666667,0.0,25.23452854156494
6.2,89.0875,13.066666666666665,0.0,49.11565661430359
6.3,89.51516666666667,12.6,0.0,73.41860938072205
6.4,90.89225,12.783333333333333,0.0,98.38316512107849
6.5,92.54041666666667,12.333333333333334,0.016666666666666666,123.06795454025269
6.6,92.77825,12.3,0.0,147.59781908988953
6.7,93.47741666666667,11.833333333333334,0.0,171.63702154159546
6.8,93.62225,12.316666666666666,0.0,196.58146905899048
6.9,93.98208333333334,11.75,0.0,221.33916902542114
7.0,95.10941666666666,10.266666666666667,0.0,246.73769235610962
7.1,96.14833333333333,9.433333333333334,0.0,26.21837306022644
7.2,96.27375,9.35,0.0,51.31071877479553
7.3,98.24325,10.183333333333334,0.0,76.86126637458801
7.4,101.62625,10.15,0.0,102.48518180847168
7.5,102.87925,9.466666666666667,0.0,127.190922498703
7.6,103.72525,9.866666666666667,0.0,153.0851285457611
7.7,103.80658333333334,10.383333333333333,0.0,178.0849621295929
7.8,105.50575,10.65,0.0,202.58403205871582
7.9,106.32083333333334,9.9,0.0,227.03506112098694
8.0,106.40341666666667,10.366666666666667,0.0,250.13463759422302
8.1,106.70541666666666,9.25,0.0,22.899940013885498
8.2,106.89125,8.3,0.0,45.50982713699341
8.3,106.74233333333333,8.649999999999999,0.0,68.7335135936737
8.4,106.69341666666666,8.716666666666667,0.0,93.8892719745636
8.5,106.71333333333334,8.533333333333333,0.0,117.24103736877441
8.6,106.93066666666667,8.466666666666667,0.0,142.04273200035095
8.7,107.54416666666667,7.3999999999999995,0.0,165.51943182945251
8.8,106.95725,8.166666666666666,0.0,188.72721338272095
8.9,107.66983333333333,7.55,0.0,213.65017938613892
9.0,107.97708333333334,8.3,0.0,237.41540431976318
9.1,108.231,9.433333333333334,0.0,24.341647624969482
9.2,108.47941666666667,9.033333333333333,0.0,48.100759983062744
9.3,110.2545,9.733333333333333,0.0,72.46059799194336
9.4,110.8655,9.983333333333333,0.0,95.6577479839325
9.5,110.82075,10.0,0.0,120.05120253562927
9.6,111.27608333333333,9.566666666666666,0.0,143.32219862937927
9.7,111.29741666666666,9.366666666666665,0.0,165.90108370780945
9.8,110.78216666666667,10.783333333333333,0.0,188.59627294540405
9.9,111.20791666666666,10.5,0.0,211.88590049743652
10.0,111.20766666666667,10.016666666666667,0.0,235.61999940872192
