Epochs,Loss,Accuracy (%),Silent labels (%),Time (s),Average Prediction Confidence
0.09973404255319149,97.39431111111111,32.72888888888889,7.359999999999999,38.891706466674805,0.28946962962965617
0.19946808510638298,62.897777777777776,55.63555555555556,0.5511111111111111,63.70952558517456,0.3395822222221667
0.2992021276595745,55.16724444444444,62.133333333333326,0.0,86.50054740905762,0.37337283950614597
0.39893617021276595,52.18208888888889,64.24888888888889,0.0,109.00399160385132,0.39746074074072635
0.49867021276595747,49.056177777777776,67.38666666666666,0.0,129.73188543319702,0.41764503703702427
0.598404255319149,46.93293333333333,68.33777777777777,0.0,149.23463463783264,0.4346301234567789
0.6981382978723404,45.29795555555555,69.72444444444444,0.008888888888888889,168.05457592010498,0.44909714285714075
0.7978723404255319,44.16395555555555,70.44444444444444,0.008888888888888889,186.36409497261047,0.46127185185186964
0.8976063829787234,42.480311111111114,71.15555555555557,0.0,204.26171278953552,0.4726209053498285
0.9973404255319149,42.17417777777778,70.68444444444445,0.0,221.76284837722778,0.4818382222222714
1.0970744680851063,40.21408888888889,73.25333333333333,0.0,17.175914525985718,0.5813576864535865
1.196808510638298,39.14848888888889,73.74222222222222,0.0,34.15461802482605,0.5865495495495398
1.2965425531914894,38.34097777777778,74.33777777777777,0.0,50.77055907249451,0.5911091180866667
1.3962765957446808,37.67191111111111,74.44444444444444,0.0,67.1943359375,0.5950723340790052
1.4960106382978724,37.272755555555555,74.88,0.0,83.11124539375305,0.5981209413166046
1.5957446808510638,36.87288888888889,75.6888888888889,0.0,98.93700528144836,0.6010902777777526
1.6954787234042554,36.05288888888889,75.37777777777778,0.0,114.46539568901062,0.6042302953048573
1.7952127659574468,35.522977777777776,75.89333333333333,0.0,129.85307216644287,0.6074856930509138
1.8949468085106382,35.43866666666667,76.30222222222223,0.0,144.93909120559692,0.6105748720488827
1.9946808510638299,36.165733333333336,75.5111111111111,0.0,160.15594863891602,0.612433749257321
2.0944148936170213,34.943733333333334,77.60000000000001,0.0,14.914586305618286,0.6492206572770114
2.1941489361702127,34.912977777777776,77.99111111111111,0.0,30.603425979614258,0.651701674276997
2.293882978723404,34.973333333333336,78.00888888888889,0.0,46.68203949928284,0.6539909502262036
2.393617021276596,34.21084444444445,79.05777777777779,0.0,63.74103856086731,0.6583903903903445
2.4933510638297873,34.70311111111111,78.38222222222223,0.0,81.77890396118164,0.6604276729559307
2.5930851063829787,33.95457777777778,78.98666666666668,0.008888888888888889,99.64885115623474,0.6632695565520399
2.69281914893617,33.89115555555556,79.01333333333334,0.0,118.1734447479248,0.6659970142887439
2.7925531914893615,33.75973333333334,79.27111111111111,0.0,136.46529030799866,0.668636092468299
2.8922872340425534,33.84257777777778,79.36,0.02666666666666667,154.47421979904175,0.671544295413168
2.992021276595745,33.5724,80.06222222222222,0.0,172.73981738090515,0.6740482573727484
3.091755319148936,32.46911111111111,80.64,0.0,18.976496696472168,0.7086505636071051
3.1914893617021276,31.9544,81.16444444444444,0.008888888888888889,39.513606548309326,0.7121234567901104
3.291223404255319,31.405377777777776,82.06222222222223,0.0,59.98018145561218,0.7155332318619713
3.390957446808511,31.599955555555557,81.07555555555555,0.0,80.71402192115784,0.7169538926681381
3.4906914893617023,31.054755555555555,81.61777777777777,0.0,100.95744347572327,0.7191520626317045
3.5904255319148937,30.449333333333332,82.34666666666666,0.0,121.2745909690857,0.7218038038037756
3.690159574468085,30.844266666666666,81.89333333333333,0.0,140.6416072845459,0.7234801969599455
3.7898936170212765,30.78511111111111,81.95555555555556,0.008888888888888889,159.39480924606323,0.7251926674148736
3.889627659574468,30.960622222222224,81.62666666666667,0.0,178.2274329662323,0.7263657199801258
3.9893617021276597,30.568088888888887,82.28444444444445,0.008888888888888889,197.053395986557,0.7281296296297566
4.089095744680851,30.010844444444444,82.57777777777778,0.0,17.424872159957886,0.7478805970149495
4.1888297872340425,29.747777777777777,83.23555555555555,0.008888888888888889,37.35407876968384,0.7510203442879393
4.288563829787234,30.3464,83.18222222222222,0.017777777777777778,57.1173210144043,0.7505499231950528
4.388297872340425,29.80088888888889,83.32444444444445,0.008888888888888889,76.8821439743042,0.7519649923896062
4.488031914893617,30.190844444444444,83.36888888888889,0.008888888888888889,96.74730968475342,0.7527181350287243
4.587765957446808,29.65568888888889,83.70666666666666,0.0,115.90926480293274,0.7544223227752349
4.6875,29.40382222222222,83.75111111111111,0.008888888888888889,134.85565304756165,0.7562321083171858
4.787234042553192,29.73351111111111,83.82222222222222,0.017777777777777778,154.7656192779541,0.7572995495495445
4.886968085106383,29.663955555555557,83.91999999999999,0.017777777777777778,175.07060551643372,0.75848275862076
4.986702127659575,29.6728,83.62666666666667,0.017777777777777778,194.6538577079773,0.7593219526805768
5.086436170212766,29.3608,84.32,0.044444444444444446,17.208508491516113,0.7743452991453205
5.1861702127659575,29.374666666666666,84.71111111111111,0.017777777777777778,36.76020693778992,0.7742920634920495
5.285904255319149,29.35488888888889,84.82666666666667,0.035555555555555556,56.61828303337097,0.7754811369508657
5.38563829787234,29.377377777777777,84.43555555555555,0.02666666666666667,75.92942023277283,0.7754022988505289
5.485372340425532,29.01048888888889,85.76,0.035555555555555556,100.25956654548645,0.7775841704718087
5.585106382978723,30.65982222222222,84.36444444444444,0.09777777777777777,124.66641187667847,0.7767595959595678
5.684840425531915,30.529155555555555,84.88888888888889,0.06222222222222223,150.0716679096222,0.7771926645091481
5.784574468085107,30.48497777777778,84.44444444444444,0.11555555555555555,171.2435483932495,0.7772753295668654
5.884308510638298,30.5588,84.72,0.11555555555555555,190.79753708839417,0.777537844611617
5.98404255319149,30.54928888888889,84.95111111111112,0.08888888888888889,210.8480257987976,0.778027627627776
6.0837765957446805,31.305022222222224,84.71111111111111,0.14222222222222222,17.03482151031494,0.7785467372134237
6.183510638297872,30.628222222222224,86.01777777777778,0.19555555555555554,36.71950006484985,0.785829307568425
6.283244680851064,31.20862222222222,85.50222222222223,0.09777777777777777,57.126930236816406,0.7860490349504098
6.382978723404255,31.589111111111112,85.42222222222222,0.1511111111111111,77.21347045898438,0.786969135802429
6.482712765957447,31.633866666666666,85.28,0.17777777777777778,97.33367156982422,0.7871147842056575
6.582446808510638,32.00848888888889,85.52,0.18666666666666668,116.91861724853516,0.7876245560628847
6.68218085106383,32.49786666666667,86.10666666666667,0.21333333333333335,137.43586540222168,0.7886774962096351
6.781914893617022,33.85902222222222,85.36888888888889,0.2488888888888889,157.01809120178223,0.7889508692365994
6.881648936170213,34.218666666666664,85.16444444444444,0.20444444444444446,177.42587661743164,0.7887782805430709
6.9813829787234045,34.108488888888886,86.06222222222222,0.21333333333333335,197.35431456565857,0.7892532369769482
7.0811170212765955,35.160666666666664,86.30222222222223,0.36444444444444446,16.771698474884033,0.7973260473588499
7.180851063829787,34.7136,86.4,0.3288888888888889,37.06264090538025,0.7972712418300543
7.280585106382978,35.84471111111111,86.51555555555555,0.36444444444444446,57.1776020526886,0.7971901000526317
7.38031914893617,35.26173333333333,86.80888888888889,0.32,77.10474705696106,0.7984009324009003
7.480053191489362,36.6072,86.24000000000001,0.35555555555555557,97.41839838027954,0.798506617420709
7.579787234042553,37.31426666666667,86.08,0.4088888888888889,117.83990836143494,0.7985953109072047
7.679521276595745,38.662533333333336,86.17777777777778,0.4088888888888889,138.67962288856506,0.7981456838442845
7.779255319148936,40.1476,85.78666666666666,0.4444444444444444,158.45391964912415,0.7972825180128956
7.878989361702128,39.90004444444445,86.1511111111111,0.36444444444444446,179.18650126457214,0.7978329130946925
7.9787234042553195,39.751511111111114,86.16888888888889,0.5511111111111111,198.37736082077026,0.7979184782609705
8.07845744680851,41.2632,86.53333333333333,0.5777777777777777,15.419459104537964,0.8029077212806175
8.178191489361701,41.84413333333333,86.92444444444445,0.4266666666666667,34.615806579589844,0.8037512437810869
8.277925531914894,41.67351111111111,87.09333333333333,0.5333333333333333,53.7454833984375,0.8063540669856224
8.377659574468085,42.91697777777778,86.72888888888889,0.5955555555555556,73.91362571716309,0.8063693270735254
8.477393617021276,43.82737777777778,86.70222222222222,0.5333333333333333,94.19764971733093,0.8062346022902824
8.577127659574469,45.187733333333334,86.41777777777779,0.5333333333333333,113.96129393577576,0.8060460829492768
8.67686170212766,47.40315555555556,85.93777777777778,0.8177777777777778,133.5739438533783,0.8048417376118433
8.77659574468085,47.51391111111111,86.59555555555556,0.6222222222222222,153.38833737373352,0.8049908675799023
8.876329787234043,47.75191111111111,86.49777777777777,0.6844444444444444,172.61870861053467,0.8047749114820814
8.976063829787234,49.473422222222226,86.56888888888888,0.72,191.81646180152893,0.8046115652437984
9.075797872340425,49.40831111111111,86.96000000000001,0.8177777777777778,15.174416780471802,0.8095906432748646
9.175531914893616,51.42675555555556,87.47555555555554,0.7288888888888889,34.57087731361389,0.8111548821548794
9.275265957446809,52.29533333333333,87.1288888888889,0.7644444444444444,54.77615165710449,0.8101341921631606
9.375,52.672177777777776,87.32444444444445,0.7377777777777778,74.59263968467712,0.8105153664302354
9.474734042553191,52.946311111111115,87.47555555555554,0.7111111111111111,94.18564438819885,0.8107675070027657
9.574468085106384,54.132755555555555,86.90666666666667,0.7111111111111111,113.85732221603394,0.8108395061728021
9.674202127659575,55.5876,87.28,0.72,133.437726020813,0.8108411133026118
9.773936170212766,57.46244444444444,86.61333333333333,0.7644444444444444,153.5504150390625,0.8098846888125155
9.873670212765957,58.361466666666665,86.86222222222221,0.7022222222222222,172.98518991470337,0.8099746321664488
9.97340425531915,59.59191111111111,86.56,0.9244444444444444,192.19178366661072,0.809683060109352
