Epochs,Loss,Accuracy (%),Silent labels (%),Time (s),Average Prediction Confidence
0.09973404255319149,98.28702222222222,32.73777777777778,7.724444444444445,38.23182487487793,0.2885451851852113
0.19946808510638298,61.726755555555556,55.53777777777778,0.0,63.55693173408508,0.34040296296290684
0.2992021276595745,55.2044,62.12444444444445,0.0,85.85935521125793,0.37407407407404775
0.39893617021276595,52.18626666666667,64.53333333333333,0.0,106.75960350036621,0.3978237037036913
0.49867021276595747,49.053333333333335,67.26222222222222,0.0,126.66604232788086,0.41797096296295055
0.598404255319149,46.882888888888886,68.52444444444444,0.0,145.92478728294373,0.43499851851850657
0.6981382978723404,45.30808888888889,69.44888888888889,0.0,164.72411465644836,0.44936126984126823
0.7978723404255319,44.24022222222222,70.19555555555556,0.0,182.99975752830505,0.461437777777794
0.8976063829787234,42.56693333333333,70.98666666666666,0.0,200.93127465248108,0.47270781893007313
0.9973404255319149,42.39408888888889,70.65777777777778,0.008888888888888889,218.63773369789124,0.48184948148152634
1.0970744680851063,40.42088888888889,72.95111111111112,0.0,17.30944585800171,0.5808219178082298
1.196808510638298,39.58208888888889,73.63555555555556,0.0,34.49376201629639,0.5857987987987907
1.2965425531914894,38.9368,74.21333333333334,0.0,51.454766273498535,0.5902401594419239
1.3962765957446808,38.38702222222222,74.13333333333333,0.0,68.23317646980286,0.5941357196121901
1.4960106382978724,37.818311111111115,74.71111111111111,0.0,84.70748710632324,0.5973428656538061
1.5957446808510638,37.742755555555554,75.35111111111111,0.0,101.22192573547363,0.6002599206348883
1.6954787234042554,37.074666666666666,75.32444444444445,0.0,117.38843417167664,0.603455279371135
1.7952127659574468,36.32675555555556,75.5911111111111,0.0,133.46659183502197,0.6066592344853212
1.8949468085106382,35.961555555555556,76.65777777777778,0.0,149.51860928535461,0.6095684332177728
1.9946808510638299,36.342711111111115,75.42222222222222,0.0,165.628808259964,0.6113060011883932
2.0944148936170213,34.59693333333333,77.44888888888889,0.0,15.507593154907227,0.6444507042253691
2.1941489361702127,34.11248888888889,77.60000000000001,0.0,31.39429545402527,0.646006088280042
2.293882978723404,34.22293333333333,77.53777777777778,0.0,47.38593411445618,0.6470729009552135
2.393617021276596,33.51782222222222,78.82666666666667,0.0,63.369364738464355,0.6502327327326778
2.4933510638297873,34.06462222222222,77.53777777777778,0.0,79.23878884315491,0.6508703204551786
2.5930851063829787,33.264133333333334,78.25777777777778,0.0,95.06873679161072,0.6523238664673403
2.69281914893617,33.17808888888889,78.19555555555556,0.0,110.80301237106323,0.653526124973333
2.7925531914893615,33.02711111111111,78.11555555555556,0.0,126.56158947944641,0.6546286353467581
2.8922872340425534,33.16631111111111,78.24888888888889,0.0,142.2581079006195,0.6557430038085981
2.992021276595745,33.57924444444444,78.15111111111112,0.008888888888888889,157.95155787467957,0.6564801906465068
3.091755319148936,32.7856,79.54666666666667,0.0,14.86132526397705,0.6729017713365767
3.1914893617021276,32.66746666666667,79.92,0.0,30.624539375305176,0.6757654320987467
3.291223404255319,32.388444444444445,80.16888888888889,0.008888888888888889,46.39461970329285,0.6780497209537931
3.390957446808511,33.13093333333333,78.99555555555555,0.0,62.151665449142456,0.6779894179893667
3.4906914893617023,32.5148,79.8488888888889,0.0,78.20188093185425,0.6790593194820458
3.5904255319148937,31.58382222222222,80.53333333333333,0.008888888888888889,94.03818392753601,0.6803343343343101
3.690159574468085,32.46044444444444,80.04444444444444,0.0,109.93068146705627,0.6808160993363153
3.7898936170212765,32.169555555555554,80.1511111111111,0.02666666666666667,125.98293900489807,0.6814470632248362
3.889627659574468,31.805244444444444,79.58222222222221,0.0,142.04147696495056,0.6816701544594301
3.9893617021276597,31.602266666666665,80.06222222222222,0.017777777777777778,158.07178163528442,0.6826547192354939
4.089095744680851,30.974711111111112,81.00444444444445,0.0,14.67990779876709,0.6938706467661936
4.1888297872340425,30.565733333333334,80.76444444444445,0.008888888888888889,30.912441968917847,0.6964913928012332
4.288563829787234,31.8512,80.72888888888889,0.05333333333333334,46.93932604789734,0.6956907322068163
4.388297872340425,32.342977777777776,80.90666666666667,0.017777777777777778,63.07302665710449,0.6962191780821347
4.488031914893617,32.068755555555555,80.90666666666667,0.02666666666666667,79.3551971912384,0.6959854677565407
4.587765957446808,30.614266666666666,81.30666666666667,0.008888888888888889,95.73430800437927,0.6972257415786526
4.6875,30.65,81.47555555555556,0.017777777777777778,111.98703002929688,0.6984990328819928
4.787234042553192,31.135866666666665,81.36,0.02666666666666667,128.4063630104065,0.6993873873873769
4.886968085106383,30.692711111111112,81.44,0.044444444444444446,144.78991103172302,0.700098617358039
4.986702127659575,31.1112,81.28,0.0,161.1951231956482,0.7005929919138799
5.086436170212766,30.965244444444444,81.93777777777778,0.07111111111111111,14.594410181045532,0.7088615384615585
5.1861702127659575,30.224888888888888,82.18666666666667,0.017777777777777778,31.161078214645386,0.709155555555533
5.285904255319149,30.56431111111111,81.85777777777777,0.008888888888888889,47.70187044143677,0.7101023255813456
5.38563829787234,30.481555555555556,81.74222222222222,0.017777777777777778,64.3114287853241,0.7102865900382551
5.485372340425532,28.979333333333333,83.14666666666668,0.0,80.96157670021057,0.7122082191780401
5.585106382978723,29.68626666666667,81.63555555555556,0.0,97.84571075439453,0.7116727272726998
5.684840425531915,28.64453333333333,82.37333333333333,0.0,114.54925155639648,0.7122683926644946
5.784574468085107,28.95768888888889,81.63555555555556,0.008888888888888889,131.21638464927673,0.712316384180786
5.884308510638298,28.86457777777778,82.07111111111111,0.008888888888888889,147.95763993263245,0.7126903926483618
5.98404255319149,28.701866666666668,81.82222222222222,0.0,164.8127360343933,0.7130234234235875
6.0837765957446805,28.919955555555557,82.16888888888889,0.008888888888888889,14.20369291305542,0.7158447971781541
6.183510638297872,27.99528888888889,83.26222222222222,0.0,31.16050362586975,0.7218776167471619
6.283244680851064,29.2356,83.04,0.017777777777777778,48.0830295085907,0.7222243088158136
6.382978723404255,30.444622222222222,82.2488888888889,0.0,64.7961540222168,0.7225046296295703
6.482712765957447,29.527644444444444,82.77333333333333,0.008888888888888889,81.58943319320679,0.7226764615855046
6.582446808510638,28.662622222222222,82.50666666666666,0.0,98.49990701675415,0.7228310502282794
6.68218085106383,27.894355555555556,83.23555555555555,0.0,115.52296233177185,0.7233450292397459
6.781914893617022,28.640977777777778,82.46222222222222,0.02666666666666667,132.46505784988403,0.7232486772486644
6.881648936170213,28.726622222222222,82.31111111111112,0.0,149.35400223731995,0.7230125691302876
6.9813829787234045,27.450977777777776,83.36,0.0,166.32723450660706,0.7236507076183494
7.0811170212765955,27.99951111111111,83.08444444444444,0.0,14.094634056091309,0.7265938069216971
7.180851063829787,28.552355555555554,83.28888888888889,0.008888888888888889,31.069742918014526,0.7278496732025955
7.280585106382978,28.07617777777778,83.50222222222222,0.0,48.272406816482544,0.7294913112163869
7.38031914893617,27.08808888888889,83.93777777777778,0.0,65.36336731910706,0.7308174048173477
7.480053191489362,27.77102222222222,83.39555555555556,0.0,82.492506980896,0.7309313634964166
7.579787234042553,27.97,83.6,0.0,99.61877250671387,0.7311508664627623
7.679521276595745,28.087644444444443,83.12,0.0,116.80546450614929,0.7310136986301223
7.779255319148936,27.71977777777778,83.28888888888889,0.0,134.00332522392273,0.7309321198331358
7.878989361702128,27.198977777777777,83.7688888888889,0.0,151.16794180870056,0.7314513363591387
7.9787234042553195,27.69808888888889,83.10222222222222,0.017777777777777778,168.46546411514282,0.7313876811595968
8.07845744680851,27.650933333333334,83.69777777777779,0.035555555555555556,13.821266651153564,0.7365649717514361
8.178191489361701,27.311511111111113,83.42222222222222,0.017777777777777778,31.031852960586548,0.7366965174129163
8.277925531914894,26.887333333333334,84.38222222222223,0.044444444444444446,48.364988803863525,0.738845295055774
8.377659574468085,26.775288888888888,84.08,0.05333333333333334,65.59434938430786,0.739848200312928
8.477393617021276,27.493022222222223,83.79555555555555,0.0,82.85466837882996,0.7395555555555156
8.577127659574469,28.418577777777777,83.6888888888889,0.017777777777777778,100.18661212921143,0.7389441884280276
8.67686170212766,28.444311111111112,83.22666666666667,0.0,117.59252452850342,0.7384431346867232
8.77659574468085,27.41337777777778,83.76,0.0,135.1170995235443,0.7385494672754811
8.876329787234043,27.276577777777778,83.59111111111112,0.0,152.68811631202698,0.7383888045861668
8.976063829787234,26.909244444444443,83.93777777777778,0.008888888888888889,170.285560131073,0.7383318195581593
9.075797872340425,25.999777777777776,84.26666666666667,0.0,13.697981357574463,0.7445380116959277
9.175531914893616,25.79848888888889,84.28444444444445,0.008888888888888889,31.241382360458374,0.7453097643097453
9.275265957446809,26.757644444444445,84.11555555555556,0.008888888888888889,48.79621434211731,0.7450134192162724
9.375,26.861244444444445,84.53333333333333,0.0,66.27622246742249,0.7454594168636112
9.474734042553191,27.36617777777778,84.31111111111112,0.0,83.73297643661499,0.7449635854341351
9.574468085106384,27.189777777777778,84.36444444444444,0.0,101.2642867565155,0.7450072016460653
9.674202127659575,27.066577777777777,84.35555555555555,0.0,118.86773824691772,0.7453254437869599
9.773936170212766,27.278311111111112,83.7688888888889,0.008888888888888889,136.59842538833618,0.7447315769377485
9.873670212765957,26.66888888888889,83.83111111111111,0.008888888888888889,154.4864785671234,0.744520886183075
9.97340425531915,26.36253333333333,84.60444444444445,0.008888888888888889,172.33436393737793,0.7444122647239141
