Epochs,Loss,Accuracy (%),Silent labels (%),Time (s),Average Prediction Confidence
0.09973404255319149,98.82417777777778,31.83111111111111,7.8133333333333335,38.46060347557068,0.2845037037037295
0.19946808510638298,63.013555555555556,54.90666666666667,0.4444444444444444,63.99513363838196,0.33610370370364995
0.2992021276595745,55.39257777777778,61.89333333333333,0.0,86.66969656944275,0.37072197530861606
0.39893617021276595,52.34377777777778,64.03555555555556,0.0,107.77421760559082,0.3948874074073953
0.49867021276595747,49.211422222222225,66.93333333333334,0.0,127.99015784263611,0.4153623703703582
0.598404255319149,47.02022222222222,68.4888888888889,0.0,147.60241556167603,0.43253629629628576
0.6981382978723404,45.596355555555554,69.5111111111111,0.0,166.6814317703247,0.44693841269841117
0.7978723404255319,44.3924,70.45333333333333,0.0,185.27590942382812,0.4591311111111265
0.8976063829787234,42.87137777777778,71.18222222222222,0.0,203.54019379615784,0.47044016460908433
0.9973404255319149,42.638577777777776,70.9688888888889,0.0,221.50479650497437,0.4797511111111536
1.0970744680851063,40.69777777777778,73.44000000000001,0.0,17.441529512405396,0.5807488584474999
1.196808510638298,39.78333333333333,73.77777777777777,0.0,34.97022199630737,0.5857297297297239
1.2965425531914894,39.06084444444444,74.42666666666666,0.0,52.3511426448822,0.5903158943696798
1.3962765957446808,38.47493333333333,74.16,0.0,69.64044189453125,0.5942654735271827
1.4960106382978724,38.0732,74.89777777777778,0.0,86.71406555175781,0.5971438784628669
1.5957446808510638,37.617555555555555,75.49333333333334,0.0,103.67058849334717,0.6000267857142619
1.6954787234042554,36.864222222222224,75.69777777777777,0.0,120.3814582824707,0.60310431272572
1.7952127659574468,36.15231111111111,75.96444444444444,0.0,136.90272426605225,0.606233370494245
1.8949468085106382,35.97506666666666,76.24888888888889,0.0,153.2618556022644,0.6090579494799554
1.9946808510638299,36.59404444444444,75.49333333333334,0.0,169.4310393333435,0.6106512180630257
2.0944148936170213,34.91728888888889,77.22666666666666,0.0,15.368770122528076,0.6420281690141015
2.1941489361702127,34.312622222222224,77.52888888888889,0.0,31.220431566238403,0.6438173515981527
2.293882978723404,34.299733333333336,77.09333333333333,0.0,47.02554893493652,0.6450236299647669
2.393617021276596,33.321466666666666,78.90666666666667,0.0,62.71444034576416,0.647978978978928
2.4933510638297873,33.97835555555555,77.6088888888889,0.0,78.1254460811615,0.648806229409958
2.5930851063829787,33.44182222222222,77.92888888888889,0.0,93.52442026138306,0.6500318883906137
2.69281914893617,33.306311111111114,78.15111111111112,0.0,108.84351968765259,0.6511307314992492
2.7925531914893615,33.00706666666667,78.33777777777777,0.008888888888888889,124.09553813934326,0.6522371364653308
2.8922872340425534,32.85075555555556,78.40888888888888,0.0,139.1436517238617,0.6535048849147415
2.992021276595745,32.892355555555554,78.43555555555555,0.0,154.13844919204712,0.6542740542151696
3.091755319148936,31.76217777777778,79.30666666666667,0.0,14.05423355102539,0.6713365539452711
3.1914893617021276,31.584888888888887,79.67999999999999,0.0,28.88391661643982,0.6733611111110933
3.291223404255319,31.067333333333334,80.33777777777777,0.0,43.73866009712219,0.6758619989852469
3.390957446808511,31.463644444444444,79.28,0.0,58.471126079559326,0.6759183673468863
3.4906914893617023,31.13551111111111,79.5288888888889,0.0,73.52438020706177,0.6770286058415831
3.5904255319148937,30.700666666666667,80.07111111111112,0.0,88.19900512695312,0.6783203203203032
3.690159574468085,31.068533333333335,80.1511111111111,0.0,102.89207935333252,0.6787925497752031
3.7898936170212765,30.722666666666665,80.21333333333334,0.008888888888888889,117.38871550559998,0.6794455667789038
3.889627659574468,30.858266666666665,79.52,0.0,131.9235498905182,0.6798518518518925
3.9893617021276597,30.481244444444446,79.96444444444445,0.0,146.5001139640808,0.6809540023896126
4.089095744680851,29.83982222222222,81.14666666666666,0.0,13.063183546066284,0.6903283582089791
4.1888297872340425,29.5608,80.90666666666667,0.0,27.437119245529175,0.6943286384976378
4.288563829787234,29.85511111111111,80.57777777777778,0.0,41.91354203224182,0.6937880184331356
4.388297872340425,29.67808888888889,80.80000000000001,0.0,56.19173884391785,0.6941369863013146
4.488031914893617,29.842666666666666,80.73777777777778,0.0,70.47200608253479,0.6938334847108291
4.587765957446808,29.167333333333332,81.43111111111111,0.0,84.58550429344177,0.6948506787330081
4.6875,28.92711111111111,81.52000000000001,0.0,98.90076804161072,0.6960696324951525
4.787234042553192,29.07791111111111,81.33333333333333,0.0,113.16596388816833,0.6969662162162163
4.886968085106383,28.944666666666667,81.37777777777778,0.0,127.22611093521118,0.6978070964518315
4.986702127659575,28.96022222222222,81.44888888888889,0.0,141.27354526519775,0.6983743635820497
5.086436170212766,28.53151111111111,81.95555555555556,0.008888888888888889,12.613545417785645,0.7072341880342108
5.1861702127659575,28.337955555555556,82.25777777777778,0.0,26.625033617019653,0.7073142857142667
5.285904255319149,28.331155555555554,81.88444444444445,0.017777777777777778,40.67050123214722,0.7083142118862614
5.38563829787234,28.31591111111111,81.74222222222222,0.0,54.64683771133423,0.7085379310344229
5.485372340425532,27.586444444444446,82.81777777777778,0.0,68.63208746910095,0.7101430745813884
5.585106382978723,28.625777777777778,81.69777777777779,0.02666666666666667,82.56718325614929,0.7097121212120939
5.684840425531915,27.930622222222222,82.48,0.0,96.51302981376648,0.7104957928802422
5.784574468085107,28.09648888888889,81.55555555555556,0.0,110.33617091178894,0.7107020715630823
5.884308510638298,27.88542222222222,82.05333333333333,0.0,124.28866529464722,0.711107769423624
5.98404255319149,27.807955555555555,82.2311111111111,0.0,138.29902720451355,0.7115189189190778
6.0837765957446805,27.766266666666667,82.03555555555555,0.0,11.758049726486206,0.7143139329806246
6.183510638297872,26.91617777777778,83.15555555555557,0.0,25.606059312820435,0.7196586151368597
6.283244680851064,27.373066666666666,82.8,0.0,39.37009572982788,0.7194366197182637
6.382978723404255,27.124577777777777,82.77333333333333,0.0,53.087218284606934,0.7201280864196898
6.482712765957447,27.145733333333332,82.45333333333333,0.0,66.82627034187317,0.7207052341597334
6.582446808510638,27.2012,82.77333333333333,0.0,80.54123139381409,0.720609842719407
6.68218085106383,27.014622222222222,83.08444444444444,0.0,94.25906753540039,0.7211366688325651
6.781914893617022,27.33053333333333,82.50666666666666,0.017777777777777778,108.00409460067749,0.7210967498110331
6.881648936170213,27.524044444444446,82.16888888888889,0.0,121.6290910243988,0.7208399530753251
6.9813829787234045,26.60688888888889,83.34222222222222,0.0,135.21746826171875,0.7214893104488235
7.0811170212765955,26.658933333333334,83.2,0.0,11.319096565246582,0.7276939890710605
7.180851063829787,26.66911111111111,83.44888888888889,0.0,25.00765609741211,0.7266535947712244
7.280585106382978,26.338533333333334,83.30666666666666,0.0,38.52021312713623,0.7283559768298675
7.38031914893617,26.134888888888888,83.91111111111111,0.0,52.141862630844116,0.7293131313130738
7.480053191489362,26.513022222222222,83.21777777777778,0.0,65.66194605827332,0.7294158202523398
7.579787234042553,26.423288888888887,83.38666666666667,0.0,79.22196960449219,0.7295137614678584
7.679521276595745,26.650444444444446,82.96,0.0,92.75759506225586,0.7292915851271851
7.779255319148936,26.605244444444445,82.97777777777777,0.0,106.19238090515137,0.729095183921112
7.878989361702128,26.151066666666665,83.46666666666667,0.0,119.5958743095398,0.7295094973946022
7.9787234042553195,26.360577777777777,83.36888888888889,0.0,133.00828528404236,0.729684782608868
8.07845744680851,25.900533333333332,83.75111111111111,0.0,10.759884595870972,0.7364896421845827
8.178191489361701,25.773644444444443,83.7688888888889,0.0,24.142330169677734,0.73552238805968
8.277925531914894,25.29862222222222,84.63111111111111,0.0,37.46410036087036,0.7374970760233426
8.377659574468085,25.584444444444443,83.88444444444444,0.0,50.79920434951782,0.7378137715179321
8.477393617021276,25.940844444444444,83.65333333333334,0.0,64.19944763183594,0.7368653667594741
8.577127659574469,26.066533333333332,83.57333333333334,0.0,77.58295321464539,0.7366687147977188
8.67686170212766,26.237955555555555,83.2088888888889,0.0,90.9057502746582,0.7361501855489853
8.77659574468085,25.724533333333333,83.93777777777778,0.008888888888888889,104.21648812294006,0.7362062404870513
8.876329787234043,25.88262222222222,83.7688888888889,0.0,117.60909104347229,0.736183442927084
8.976063829787234,25.9268,83.81333333333333,0.0,130.88009572029114,0.7361998183471362
9.075797872340425,25.311066666666665,84.13333333333334,0.0,10.30579686164856,0.7417543859649314
9.175531914893616,25.228266666666666,84.17777777777778,0.008888888888888889,23.579347372055054,0.7422592592592379
9.275265957446809,25.369244444444444,84.23111111111112,0.0,36.92012286186218,0.7419860440149838
9.375,25.21591111111111,84.41777777777779,0.0,50.21526002883911,0.7425216706067163
9.474734042553191,25.250755555555557,84.51555555555555,0.008888888888888889,63.3804874420166,0.7424288826641282
9.574468085106384,25.270533333333333,84.18666666666667,0.0,76.55714726448059,0.7423899176954399
9.674202127659575,25.038222222222224,84.16,0.0,89.66063952445984,0.742640368178803
9.773936170212766,25.488,83.77777777777777,0.0,102.84798288345337,0.7420954562810099
9.873670212765957,25.47991111111111,83.85777777777777,0.0,116.01173186302185,0.7419928970066848
9.97340425531915,25.331155555555554,84.01777777777778,0.0,129.1454086303711,0.7419386763814785
