Epochs,Loss,Accuracy (%),Silent labels (%),Time (s)
0.1,59.284416666666665,63.516666666666666,12.933333333333334,16.71855902671814
0.2,27.22275,88.51666666666667,0.03333333333333333,34.731804847717285
0.3,23.740333333333332,90.75,0.016666666666666666,51.702632427215576
0.4,23.555666666666667,91.3,0.03333333333333333,67.5571174621582
0.5,25.0,89.96666666666667,0.016666666666666666,82.60448098182678
0.6,25.394166666666667,89.56666666666668,0.016666666666666666,97.14726662635803
0.7,26.656333333333333,88.41666666666667,0.016666666666666666,111.24261331558228
0.8,28.663416666666667,86.8,0.0,124.7674446105957
0.9,29.140916666666666,86.3,0.0,137.8694167137146
1.0,31.192083333333333,83.7,0.016666666666666666,150.65669965744019
