Epochs,Loss,Accuracy (%),Silent labels (%),Time (s)
0.1,58.702,64.1,13.016666666666667,16.75158429145813
0.2,25.9665,89.25,0.016666666666666666,34.50147318840027
0.3,20.344583333333333,92.05,0.016666666666666666,50.76747751235962
0.4,17.753833333333333,93.21666666666667,0.0,65.72703671455383
0.5,16.191916666666668,93.81666666666668,0.016666666666666666,79.71787691116333
0.6,15.029666666666667,94.35,0.016666666666666666,93.02061295509338
0.7,13.811416666666666,94.83333333333334,0.0,105.66100549697876
0.8,13.34675,94.91666666666667,0.0,117.64421510696411
0.9,12.68875,95.26666666666667,0.0,129.06655550003052
1.0,12.231833333333332,95.63333333333334,0.0,140.15386962890625
