Epochs,Loss,Accuracy (%),Silent labels (%),Time (s)
0.1,59.110166666666665,64.51666666666667,13.450000000000001,16.57356095314026
0.2,25.778666666666666,89.36666666666667,0.016666666666666666,33.83357763290405
0.3,20.15041666666667,91.98333333333333,0.016666666666666666,49.66693472862244
0.4,17.706166666666668,93.23333333333333,0.03333333333333333,64.39601254463196
0.5,16.081916666666668,93.53333333333333,0.0,78.12510704994202
0.6,14.917083333333334,94.36666666666666,0.016666666666666666,91.1061954498291
0.7,13.732916666666666,94.76666666666667,0.016666666666666666,103.46267533302307
0.8,13.219583333333333,94.91666666666667,0.0,115.16562032699585
0.9,12.535416666666666,95.46666666666667,0.0,126.40330862998962
1.0,12.19975,95.45,0.03333333333333333,137.24346709251404
