Epochs,Loss,Accuracy (%),Silent labels (%),Time (s)
0.1,58.20783333333333,64.76666666666667,12.816666666666668,16.678961277008057
0.2,25.628083333333333,89.25,0.016666666666666666,34.016778230667114
0.3,20.17791666666667,92.03333333333333,0.0,49.8653769493103
0.4,17.72175,93.23333333333333,0.03333333333333333,64.40552377700806
0.5,16.1095,93.68333333333332,0.016666666666666666,77.90329694747925
0.6,14.94975,94.45,0.0,90.74983525276184
0.7,13.693083333333334,94.86666666666666,0.0,103.0200583934784
0.8,13.140083333333333,95.05,0.0,114.60871982574463
0.9,12.562,95.26666666666667,0.0,125.62276530265808
1.0,12.049583333333333,95.51666666666667,0.0,136.21966934204102
