Epochs,Loss,Accuracy (%),Silent labels (%),Time (s)
0.1,56.71658333333333,65.31666666666666,11.366666666666667,16.682291984558105
0.2,25.79925,89.33333333333333,0.016666666666666666,34.26622128486633
0.3,20.221083333333333,92.0,0.016666666666666666,50.455512285232544
0.4,17.778666666666666,93.18333333333332,0.0,65.45877504348755
0.5,16.160916666666665,93.53333333333333,0.016666666666666666,79.35898876190186
0.6,14.9845,94.3,0.016666666666666666,92.60885000228882
0.7,13.775333333333334,94.83333333333334,0.0,105.3323266506195
0.8,13.252666666666666,94.95,0.0,117.40808296203613
0.9,12.5815,95.45,0.0,128.99786281585693
1.0,12.06775,95.75,0.0,140.30279731750488
