Epochs,Loss,Accuracy (%),Silent labels (%),Time (s)
0.1,57.50566666666667,64.51666666666667,11.600000000000001,16.861551761627197
0.2,25.9975,88.91666666666667,0.016666666666666666,34.6965491771698
0.3,20.4865,91.8,0.016666666666666666,51.12959384918213
0.4,17.934833333333334,93.06666666666666,0.0,66.3550431728363
0.5,16.271333333333335,93.58333333333333,0.016666666666666666,80.43805885314941
0.6,15.126083333333334,94.35,0.016666666666666666,93.86461877822876
0.7,13.841666666666667,94.66666666666667,0.0,106.6285195350647
0.8,13.267916666666666,94.88333333333333,0.0,118.96926617622375
0.9,12.682166666666667,95.18333333333334,0.0,130.9088056087494
1.0,12.183416666666666,95.71666666666667,0.0,142.4413022994995
