Epochs,Loss,Accuracy (%),Silent labels (%),Time (s)
0.1,57.35333333333333,64.71666666666667,11.416666666666666,16.618243932724
0.2,25.862333333333332,89.11666666666666,0.016666666666666666,34.13760232925415
0.3,20.359,91.8,0.016666666666666666,50.29440975189209
0.4,17.840666666666667,93.13333333333334,0.016666666666666666,65.15075516700745
0.5,16.159583333333334,93.45,0.016666666666666666,79.07047080993652
0.6,15.066416666666667,94.25,0.016666666666666666,92.27575087547302
0.7,13.754916666666666,94.71666666666667,0.0,104.95465517044067
0.8,13.26575,94.89999999999999,0.0,117.01869893074036
0.9,12.616083333333334,95.23333333333333,0.0,128.50270414352417
1.0,12.20425,95.51666666666667,0.0,139.54328656196594
