Epochs,Loss,Accuracy (%),Silent labels (%),Time (s)
0.1,57.87716666666667,64.71666666666667,11.683333333333334,16.86109685897827
0.2,26.14591666666667,89.21666666666667,0.016666666666666666,34.89613747596741
0.3,20.495083333333334,91.7,0.016666666666666666,51.3035569190979
0.4,17.936,93.01666666666667,0.016666666666666666,66.40861678123474
0.5,16.185333333333332,93.55,0.016666666666666666,80.3709180355072
0.6,15.06975,94.45,0.016666666666666666,93.5710220336914
0.7,13.851916666666666,94.85,0.016666666666666666,106.1694860458374
0.8,13.274333333333333,94.88333333333333,0.0,118.2155213356018
0.9,12.602,95.35,0.0,129.83571076393127
1.0,12.189583333333333,95.68333333333334,0.0,141.0327868461609
