Epochs,Loss,Accuracy (%),Silent labels (%),Time (s)
0.1,56.70633333333333,65.16666666666666,11.216666666666667,16.656408071517944
0.2,25.6885,89.41666666666667,0.0,33.98570442199707
0.3,20.329666666666668,91.76666666666667,0.016666666666666666,49.710052251815796
0.4,17.804,93.26666666666667,0.03333333333333333,64.26998949050903
0.5,16.193166666666666,93.56666666666666,0.0,77.83134317398071
0.6,15.020583333333333,94.5,0.0,90.60365223884583
0.7,13.819333333333333,94.73333333333333,0.016666666666666666,102.80369758605957
0.8,13.237416666666666,95.05,0.0,114.39365482330322
0.9,12.667666666666667,95.46666666666667,0.0,125.55166578292847
1.0,12.1445,95.63333333333334,0.0,136.3090615272522
