0.02,0.03,0.05,0.08,0.1,0.13,0.15,0.18,0.2
0.0,0.0,0.02078,0.13897999999999996,0.24545333333333333,0.42897333333333326,0.55922,0.7548666666666665,0.8819133333333337
0.0,0.0,0.026093333333333333,0.1497533333333333,0.2596133333333333,0.4470666666666668,0.5790933333333333,0.7766933333333335,0.9035733333333333
0.0,0.0,0.029799999999999997,0.15657999999999997,0.26817333333333326,0.4570199999999999,0.5892133333333334,0.7865333333333335,0.9129266666666667
0.0,0.0,0.03420666666666667,0.16424666666666662,0.27812666666666663,0.4709133333333334,0.60446,0.8024800000000001,0.9288200000000001
0.0,0.0,0.04244666666666665,0.18221999999999997,0.30036,0.4932266666666667,0.6244599999999999,0.8168666666666669,0.9391266666666668
0.0,0.0006533333333333332,0.06582,0.21877999999999992,0.3386533333333333,0.5254266666666666,0.64902,0.8267133333333334,0.9377133333333334
0.0004866666666666667,0.031219999999999998,0.13015999999999997,0.30122666666666664,0.41924666666666677,0.5923533333333332,0.701613333333333,0.8543466666666666,0.9478599999999999
0.0065133333333333345,0.053999999999999986,0.16853333333333329,0.34434,0.4597533333333333,0.6236933333333333,0.7245266666666669,0.8633333333333334,0.9464066666666667
0.01672,0.07204666666666665,0.19235333333333327,0.3722533333333333,0.48786666666666667,0.6485533333333333,0.7476266666666667,0.8814466666666665,0.9617066666666667
0.027646666666666663,0.08534000000000001,0.20667333333333332,0.38629333333333327,0.5012733333333333,0.6598666666666665,0.7568666666666664,0.88768,0.9653599999999999
