Epochs,Loss,Accuracy (%),Silent labels (%),Time (s)
0.1,56.69916666666666,64.43333333333334,10.983333333333334,17.914839506149292
0.2,25.809416666666667,89.16666666666667,0.06666666666666667,35.2304470539093
0.3,20.238166666666668,91.76666666666667,0.03333333333333333,51.43013119697571
0.4,17.79425,93.05,0.0,66.8206250667572
0.5,16.299416666666666,93.63333333333334,0.0,80.61854076385498
0.6,15.33375,93.76666666666667,0.0,93.83182501792908
0.7,14.342666666666666,94.73333333333333,0.0,106.86389183998108
0.8,13.23875,95.28333333333333,0.0,119.22821235656738
0.9,12.854333333333333,94.91666666666667,0.0,131.4023699760437
1.0,11.9665,95.73333333333333,0.0,142.77638840675354
1.1,11.282666666666668,95.91666666666666,0.0,11.649173259735107
1.2,11.241416666666666,96.0,0.016666666666666666,22.736331939697266
1.3,10.609,96.76666666666667,0.016666666666666666,33.768532037734985
1.4,10.80425,96.21666666666667,0.016666666666666666,44.301103830337524
1.5,10.3675,96.65,0.0,54.34506583213806
1.6,9.99475,96.43333333333334,0.016666666666666666,64.29036283493042
1.7,9.957416666666667,96.63333333333334,0.0,74.25152087211609
1.8,9.493583333333333,96.86666666666667,0.0,83.86608576774597
1.9,9.538833333333333,96.53333333333333,0.0,93.30863618850708
2.0,9.4475,96.71666666666667,0.0,102.58562660217285
2.1,8.863583333333333,97.08333333333333,0.0,9.265712261199951
2.2,8.472333333333333,97.39999999999999,0.0,18.11206078529358
2.3,8.542083333333334,97.48333333333333,0.0,26.940974473953247
2.4,8.60275,97.6,0.0,35.49673628807068
2.5,8.680333333333333,97.08333333333333,0.016666666666666666,44.058886766433716
2.6,8.290333333333333,97.21666666666667,0.0,52.39888954162598
2.7,7.881083333333334,97.51666666666667,0.0,60.674787521362305
2.8,8.259,97.26666666666667,0.0,68.90407013893127
2.9,8.1785,97.21666666666667,0.016666666666666666,77.02170014381409
3.0,8.047333333333333,97.6,0.016666666666666666,85.08005928993225
3.1,7.71325,97.48333333333333,0.0,8.303859949111938
3.2,7.47775,97.71666666666667,0.0,16.4445161819458
3.3,7.4855833333333335,97.56666666666666,0.0,24.38284420967102
3.4,7.408666666666667,97.88333333333334,0.0,32.22882652282715
3.5,7.294583333333334,97.85000000000001,0.0,39.96300148963928
3.6,6.9215,97.88333333333334,0.016666666666666666,47.71491241455078
3.7,7.429583333333333,97.51666666666667,0.0,55.39782476425171
3.8,7.078916666666666,97.96666666666667,0.0,63.161543130874634
3.9,7.2435833333333335,97.6,0.0,70.90938973426819
4.0,7.19925,97.7,0.016666666666666666,78.42783451080322
4.1,6.690833333333333,98.1,0.0,7.516080856323242
4.2,6.5906666666666665,98.06666666666666,0.0,15.095469236373901
4.3,6.5105,98.23333333333333,0.0,22.529380321502686
4.4,6.628833333333334,98.2,0.0,29.93997550010681
4.5,6.60775,97.98333333333333,0.0,37.28369331359863
4.6,6.4623333333333335,98.06666666666666,0.0,44.72524046897888
4.7,6.578833333333334,97.95,0.0,52.22016453742981
4.8,6.54275,98.11666666666666,0.0,59.5261709690094
4.9,6.531333333333333,98.0,0.0,66.57228565216064
5.0,6.5689166666666665,97.86666666666667,0.0,73.74658918380737
5.1,5.940166666666666,98.51666666666667,0.016666666666666666,7.334169387817383
5.2,6.160583333333333,98.16666666666667,0.0,14.646598100662231
5.3,6.032,98.18333333333334,0.0,21.875290393829346
5.4,6.07075,98.18333333333334,0.0,28.98017144203186
5.5,6.09725,98.31666666666666,0.016666666666666666,36.157182931900024
5.6,5.89575,98.53333333333333,0.016666666666666666,43.227739334106445
5.7,6.07825,98.2,0.016666666666666666,50.268080711364746
5.8,5.8445,98.51666666666667,0.0,57.32075810432434
5.9,5.940333333333333,98.21666666666667,0.0,64.2928729057312
6.0,6.128,98.25,0.016666666666666666,71.21213579177856
6.1,5.4238333333333335,98.75,0.03333333333333333,6.988383769989014
6.2,5.723916666666667,98.61666666666666,0.0,14.167948961257935
6.3,5.962416666666667,98.46666666666667,0.0,21.108474731445312
6.4,5.63525,98.55000000000001,0.0,28.10245370864868
6.5,5.811083333333333,98.53333333333333,0.016666666666666666,35.34888505935669
6.6,5.77675,98.18333333333334,0.0,42.628427267074585
6.7,5.636583333333333,98.46666666666667,0.0,49.96264672279358
6.8,5.590916666666667,98.5,0.0,57.223655700683594
6.9,5.61275,98.53333333333333,0.0,64.37818312644958
7.0,5.569583333333333,98.4,0.0,71.73362731933594
7.1,5.01575,98.86666666666667,0.0,7.40114951133728
7.2,5.119666666666666,98.81666666666666,0.0,14.924849510192871
7.3,4.96425,98.63333333333333,0.0,22.39112615585327
7.4,5.04375,98.73333333333333,0.0,29.48388648033142
7.5,4.883083333333333,98.76666666666667,0.0,36.32045316696167
7.6,4.777666666666667,98.71666666666667,0.0,42.955530643463135
7.7,4.97325,98.66666666666667,0.0,49.61678194999695
7.8,4.767333333333333,98.85000000000001,0.0,56.25659537315369
7.9,4.897833333333334,98.8,0.016666666666666666,62.8882474899292
8.0,4.65975,98.98333333333333,0.016666666666666666,69.53777360916138
8.1,4.580333333333333,99.01666666666667,0.0,6.637438535690308
8.2,4.397166666666666,99.06666666666666,0.0,13.540483713150024
8.3,4.341666666666667,99.01666666666667,0.0,20.30877947807312
8.4,4.5035,98.83333333333333,0.0,27.180373907089233
8.5,4.5635,98.8,0.0,34.20776724815369
8.6,4.42175,98.78333333333333,0.0,41.07522797584534
8.7,4.304916666666666,99.21666666666667,0.0,47.769667863845825
8.8,4.316666666666666,99.06666666666666,0.0,54.48412775993347
8.9,4.24125,99.2,0.0,61.2179901599884
9.0,4.331333333333333,99.01666666666667,0.0,67.94569492340088
9.1,4.0705,99.08333333333333,0.0,6.782050132751465
9.2,4.23675,99.06666666666666,0.0,13.488703727722168
9.3,4.110166666666666,99.31666666666666,0.0,20.271750450134277
9.4,4.268,98.98333333333333,0.0,26.93724799156189
9.5,3.9431666666666665,99.21666666666667,0.0,33.59430170059204
9.6,4.056916666666667,99.01666666666667,0.0,40.36861181259155
9.7,4.096166666666667,99.01666666666667,0.0,47.093286991119385
9.8,4.128666666666667,99.25,0.0,53.78243923187256
9.9,4.0681666666666665,99.28333333333333,0.0,61.00324463844299
10.0,4.046916666666666,99.33333333333333,0.0,67.95561194419861
