0.02,0.03,0.05,0.08,0.1,0.13,0.15,0.18,0.2
0.0,0.0,0.014666666666666668,0.12733333333333333,0.2353333333333333,0.4100000000000001,0.5426666666666666,0.7413333333333333,0.8646666666666667
0.0,0.0,0.015333333333333334,0.13666666666666666,0.2433333333333333,0.436,0.5666666666666668,0.7653333333333333,0.894
0.0,0.0,0.02,0.142,0.2526666666666666,0.44733333333333336,0.5786666666666666,0.784,0.9080000000000001
0.0,0.0,0.02666666666666667,0.15599999999999997,0.2686666666666666,0.45933333333333337,0.5893333333333333,0.7853333333333334,0.9120000000000001
0.0,0.0,0.05399999999999999,0.20399999999999996,0.324,0.5179999999999999,0.6446666666666665,0.8200000000000002,0.9313333333333333
0.0,0.018000000000000002,0.11133333333333331,0.2886666666666667,0.40666666666666673,0.5826666666666666,0.6946666666666665,0.8566666666666666,0.9460000000000001
0.0,0.03066666666666667,0.11866666666666666,0.2866666666666666,0.4013333333333334,0.578,0.6879999999999998,0.8486666666666668,0.9473333333333335
0.0,0.030000000000000006,0.10999999999999999,0.264,0.3826666666666667,0.5633333333333334,0.6853333333333333,0.86,0.9699999999999999
0.0,0.004666666666666667,0.064,0.20199999999999996,0.3233333333333333,0.5153333333333333,0.6406666666666666,0.828,0.9440000000000001
0.0,0.012666666666666666,0.10799999999999997,0.29066666666666663,0.4193333333333334,0.6,0.7153333333333333,0.8720000000000002,0.9706666666666665
