Epochs,Loss,Accuracy (%),Silent labels (%),Time (s)
0.1,68.53508333333333,58.699999999999996,22.15,17.185261964797974
0.2,31.383,84.95,3.5833333333333335,34.67092800140381
0.3,21.261833333333332,90.63333333333333,0.0,50.763691902160645
0.4,17.732166666666668,93.13333333333334,0.0,65.73500919342041
0.5,16.151333333333334,93.63333333333334,0.016666666666666666,79.94163298606873
0.6,14.7195,94.33333333333334,0.0,93.32800364494324
0.7,13.810166666666667,95.16666666666667,0.016666666666666666,106.10173010826111
0.8,13.0895,95.05,0.0,117.76052355766296
0.9,12.458166666666667,95.38333333333333,0.03333333333333333,129.57090306282043
1.0,12.044833333333333,95.3,0.0,140.89989399909973
1.1,11.028083333333333,95.83333333333334,0.03333333333333333,10.396820783615112
1.2,10.76875,96.6,0.0,21.21413564682007
1.3,10.93575,96.08333333333333,0.0,31.754778623580933
1.4,10.558,96.5,0.016666666666666666,42.28373646736145
1.5,9.928,96.78333333333333,0.0,52.138596296310425
1.6,10.018583333333334,96.45,0.0,61.72326445579529
1.7,9.887166666666667,96.55,0.0,70.90454173088074
1.8,9.766583333333333,96.51666666666667,0.0,80.09698748588562
1.9,9.638083333333332,96.88333333333333,0.0,89.59860825538635
2.0,9.61475,96.31666666666666,0.0,98.60916090011597
2.1,8.880833333333333,96.96666666666667,0.0,8.975862741470337
2.2,8.317416666666666,97.68333333333334,0.0,17.41645097732544
2.3,8.746333333333334,97.0,0.0,25.634859085083008
2.4,8.68825,97.18333333333334,0.0,33.77216100692749
2.5,8.224833333333333,97.5,0.0,42.01236605644226
2.6,8.3885,97.2,0.0,50.27015948295593
2.7,8.331,97.2,0.0,58.58621311187744
2.8,8.309416666666667,97.25,0.0,66.39279365539551
2.9,7.844916666666666,97.68333333333334,0.016666666666666666,74.13144373893738
3.0,7.801583333333333,97.45,0.0,81.98679733276367
3.1,7.6890833333333335,97.71666666666667,0.0,7.769986391067505
3.2,7.4558333333333335,97.75,0.0,15.691254615783691
3.3,7.36675,97.78333333333333,0.0,23.267982721328735
3.4,7.488833333333333,97.71666666666667,0.0,30.659432888031006
3.5,7.0488333333333335,97.8,0.0,38.09973931312561
3.6,7.365333333333333,97.38333333333333,0.0,45.42102289199829
3.7,7.274416666666666,97.85000000000001,0.0,53.170793533325195
3.8,7.21775,97.7,0.0,60.91494011878967
3.9,6.8645,97.86666666666667,0.0,68.03902816772461
4.0,6.993166666666666,97.88333333333334,0.0,75.02419376373291
4.1,6.585583333333333,98.08333333333333,0.0,7.424959421157837
4.2,6.594916666666666,98.1,0.0,14.64195990562439
4.3,6.742583333333333,97.85000000000001,0.016666666666666666,21.74977135658264
4.4,6.761583333333333,98.1,0.0,28.894192695617676
4.5,6.630916666666667,98.01666666666667,0.0,35.81115674972534
4.6,6.536333333333333,97.98333333333333,0.0,42.844582319259644
4.7,6.376833333333333,98.23333333333333,0.0,49.902657985687256
4.8,6.159,98.35000000000001,0.0,56.78181552886963
4.9,6.562666666666667,97.95,0.0,63.958723306655884
5.0,6.487,98.05,0.0,70.99341940879822
5.1,6.156833333333333,98.36666666666667,0.0,6.954216241836548
5.2,6.373166666666667,98.06666666666666,0.0,14.07924747467041
5.3,6.480666666666667,97.85000000000001,0.0,21.12805938720703
5.4,6.411083333333333,98.3,0.016666666666666666,28.538208723068237
5.5,6.015583333333334,98.43333333333332,0.0,35.85351538658142
5.6,6.18375,98.31666666666666,0.03333333333333333,43.17832350730896
5.7,6.07675,98.25,0.0,50.50517773628235
5.8,6.437166666666666,98.21666666666667,0.0,57.63636231422424
5.9,6.5103333333333335,98.41666666666666,0.08333333333333334,65.02132773399353
6.0,6.455916666666667,98.43333333333332,0.08333333333333334,72.2940571308136
6.1,6.4759166666666665,98.6,0.03333333333333333,7.23518705368042
6.2,6.646583333333333,98.56666666666666,0.08333333333333334,14.730469465255737
6.3,6.7019166666666665,98.61666666666666,0.06666666666666667,22.046926021575928
6.4,6.955,98.65,0.08333333333333334,29.160739183425903
6.5,7.456333333333333,98.48333333333333,0.06666666666666667,36.183165311813354
6.6,7.97425,98.45,0.06666666666666667,43.32816410064697
6.7,8.332166666666666,98.51666666666667,0.016666666666666666,50.244040727615356
6.8,8.566833333333333,98.41666666666666,0.05,57.62191724777222
6.9,8.90975,98.81666666666666,0.06666666666666667,64.90478515625
7.0,9.710333333333333,98.2,0.06666666666666667,72.17045259475708
7.1,9.99725,98.56666666666666,0.03333333333333333,7.243673324584961
7.2,10.376916666666666,98.66666666666667,0.06666666666666667,14.6220703125
7.3,10.907666666666668,98.83333333333333,0.1,22.155054092407227
7.4,11.532416666666666,98.78333333333333,0.06666666666666667,29.5201518535614
7.5,12.554833333333333,98.53333333333333,0.06666666666666667,36.44748878479004
7.6,12.948666666666666,98.68333333333334,0.1,43.35678720474243
7.7,13.3015,98.86666666666667,0.0,50.26382541656494
7.8,14.183416666666666,98.65,0.03333333333333333,57.144495725631714
7.9,14.43725,98.83333333333333,0.016666666666666666,64.42001414299011
8.0,15.665666666666667,98.63333333333333,0.016666666666666666,71.91922783851624
8.1,15.337,98.78333333333333,0.0,7.039236068725586
8.2,14.993833333333333,99.06666666666666,0.0,13.82046103477478
8.3,14.565333333333333,98.88333333333334,0.0,20.528973817825317
8.4,13.95375,99.3,0.05,27.337796211242676
8.5,12.989333333333333,98.81666666666666,0.0,33.71514272689819
8.6,11.482083333333334,98.93333333333332,0.016666666666666666,39.95598602294922
8.7,9.995916666666666,98.9,0.016666666666666666,46.00267744064331
8.8,8.962916666666667,98.86666666666667,0.0,51.90043115615845
8.9,8.877833333333333,98.58333333333333,0.0,57.73360562324524
9.0,8.191416666666667,98.98333333333333,0.016666666666666666,63.55467343330383
9.1,7.528,99.13333333333333,0.0,5.844001054763794
9.2,7.623083333333334,98.8,0.016666666666666666,11.645665168762207
9.3,7.398,98.98333333333333,0.016666666666666666,17.483359336853027
9.4,7.18225,99.1,0.0,23.35079050064087
9.5,7.133083333333333,99.0,0.0,29.296643495559692
9.6,7.041416666666667,98.78333333333333,0.0,35.29212164878845
9.7,6.729416666666666,98.9,0.0,41.3581907749176
9.8,6.46275,99.15,0.016666666666666666,47.5264310836792
9.9,6.176416666666666,99.08333333333333,0.016666666666666666,53.69267511367798
10.0,6.32475,98.76666666666667,0.0,60.356995582580566
